0.0660795 0.672551 0.261369 
0 0.681868 0.318132 
0.466042 0.145543 0.388415 
0.226182 0.523816 0.250002 
0.426669 0.573331 0 
0.170121 0.424183 0.405696 
0.146264 0.364082 0.489654 
0.13232 0.107504 0.760177 
0 0.749999 0.250001 
0.170302 0.220822 0.608875 
0.399066 0 0.600934 
0.704225 0.295775 0 
0.129767 0.620231 0.250002 
0.0231515 0.118869 0.857979 
0.111426 0.888574 0 
0.327505 0 0.672495 
0.540896 0.209103 0.250002 
0.105578 0.452902 0.44152 
0.0627044 0.157867 0.779429 
0.119166 0.314651 0.566183 
0.851777 0.148223 0 
0.291806 0.458193 0.250001 
0 0.329212 0.670788 
0.148472 0.851528 0 
0.552913 0.0944733 0.352614 
0.925535 0.0744654 0 
0.33935 0.394709 0.265941 
0.02339 0.489896 0.486714 
0.220753 0.121363 0.657884 
0 1 0 
0.38639 0.61361 0 
0.381796 0.30223 0.315974 
0.597492 6.71625e-08 0.402508 
0.0737298 0.402833 0.523438 
0.508636 0.17545 0.315914 
0.264008 0.730321 0.00918406 
0.749993 0 0.250007 
0.0928875 0.522278 0.384835 
0.96267 0.0373301 0 
0.814862 0.185138 0 
0.28842 0.086234 0.625346 
1 0 0 
0 0.555551 0.444449 
0.458186 0.010827 0.530987 
0.324659 0.144792 0.530549 
0.196519 0.476569 0.326911 
0.201987 0.268992 0.529021 
0 0.438805 0.561195 
0.466709 0.533291 0 
0.00208756 0.262346 0.735566 
0.225723 0.774277 0 
0.28957 0.225992 0.484438 
0.526933 0 0.473067 
0.201581 0.0617185 0.7367 
0.888822 0.111178 0 
0.628756 0.0579633 0.31328 
0.401235 0.0879803 0.510785 
0.186666 0.813334 0 
0.429018 0.114334 0.456648 
0.411945 0.338047 0.250008 
0.506621 0.493379 0 
0.342419 0.264996 0.392584 
0.470961 0.266548 0.262491 
0.121044 1.34386e-17 0.878956 
0.374415 0.189734 0.43585 
0.24847 0.178845 0.572685 
0.59971 0.140057 0.260233 
0.503906 0.0645905 0.431504 
0.15569 0.552133 0.292178 
0 0.193422 0.806578 
0.358869 0.0618246 0.579307 
0.674391 0.0756087 0.250001 
0.2128 0.334329 0.45287 
0.546543 0.453457 0 
0.0886912 0.271052 0.640257 
0.741072 0.258928 0 
0.266823 0.0104663 0.72271 
0.307748 0.353546 0.338706 
0.347356 0.652644 0 
0.271514 0.304297 0.424189 
0.626064 0.373936 0 
0.307292 0.692708 0 
0.586284 0.413716 0 
0.00850662 0.613995 0.377498 
0.0733309 0.217488 0.709182 
0.191009 0 0.808991 
0.14752 0.167342 0.685138 
0 0.0834775 0.916522 
0.0747795 0.925221 0 
0.673737 7.47999e-17 0.326263 
0.66429 0.331213 0.00550163 
0.0358351 0.961145 0.00445869 
0.051066 0.0134108 0.935523 
0.778 0.222 0 
0.09799 0.0677489 0.834261 
0.0759914 0.591502 0.332507 
0.0312825 0.36422 0.604497 
8.71875e-17 2.38348e-17 1 
0.242472 0.396119 0.361409 
0.425906 0.224402 0.349692 
