0.52175 0.352557 0.125693
0 1.38778e-17 1
0.474913 0.307943 0.217145
0.87585 0.0248982 0.0992519
0.747441 0.252559 0
0.292286 0.464582 0.243132
0.555602 0.111065 0.333333
0.083661 0.583006 0.333333
0.0627456 0.603921 0.333333
0.669214 0.174504 0.156282
0.48944 0.177227 0.333333
6.195e-18 0.768539 0.231461
0.4454 0.221267 0.333333
0.70988 0.215037 0.0750829
0.666667 0 0.333333
0.711126 0.101215 0.187659
0.644445 0.0222221 0.333333
0.46737 0.199297 0.333333
0.599982 0.0666848 0.333333
0.104415 0.562252 0.333333
0.333228 0.388256 0.278516
0.540096 0.459904 0
0.445424 0.38363 0.170945
0.0995859 0.779728 0.120686
0.0418932 0.624773 0.333333
0.332152 0.504769 0.16308
0.102772 0.650107 0.247121
0 0.893478 0.106522
0.938691 0 0.0613088
0.626472 0.135045 0.238483
0.23993 0.731087 0.0289828
0.552496 0.279889 0.167615
0.223102 0.510254 0.266644
0.8594 0.1406 0
0.792949 0.185014 0.0220371
0.337637 0.628668 0.0336946
0.570169 0.395194 0.0346367
0.759735 0.024848 0.215417
0.216513 0.640441 0.143047
0.315272 0.351395 0.333333
0.14593 0.520737 0.333333
0.305659 0.694341 0
0.372039 0.420752 0.207209
0.358338 0.308328 0.333333
0.182878 0.602932 0.21419
0.208989 0.457678 0.333333
1 0 2.22045e-16
0.0209007 0.645766 0.333333
0.204475 0.795525 0
5.379e-17 1 0
0.230088 0.436579 0.333333
0.409308 0.330634 0.260058
0.141679 0.826673 0.0316482
0.0672166 0.855599 0.0771845
0.443769 0.498906 0.057325
0.0138801 0.82304 0.16308
0 0.666667 0.333333
0.5984 0.320188 0.0814122
0.923162 0.074289 0.00254893
0.257199 0.551919 0.190882
0.404003 0.595997 0
0.166918 0.499748 0.333333
0.0292877 0.69522 0.275492
0.295397 0.588916 0.115687
0.577762 0.0889045 0.333333
0.472114 0.527886 0
0.100989 0.899011 0
0.251215 0.415451 0.333333
0.142579 0.690677 0.166744
0.0273354 0.939807 0.0328577
0.633466 0.249197 0.117337
0.37999 0.286677 0.333333
0.511464 0.155203 0.333333
0.587478 0.210988 0.201534
0.255086 0.666318 0.0785955
0.665573 0.0700079 0.264419
0.497448 0.243983 0.258569
0.272476 0.394191 0.333333
0.725866 0 0.274134
0.833005 0.101146 0.0658491
0.187908 0.478759 0.333333
0.533488 0.133178 0.333333
0.146068 0.573042 0.28089
0.489113 0.425589 0.0852982
0.370568 0.546717 0.0827157
0.293764 0.372903 0.333333
0.751631 0.142969 0.1054
0.679244 0.293299 0.0274569
0.173081 0.73929 0.087629
0.790925 0.0699645 0.13911
0.0696856 0.733908 0.196407
0.401724 0.264943 0.333333
0.639752 0.360248 0
0.831058 0 0.168942
0.125162 0.541505 0.333333
0.423547 0.24312 0.333333
0.622229 0.0444379 0.333333
0.552731 0.170177 0.277092
0.336712 0.329955 0.333333
0.408058 0.462037 0.129905
