0.580122 0.0865451 0.333333
0.247464 0.419203 0.333333
0.20527 0.582244 0.212487
0.707178 0.141351 0.151471
0.666667 0 0.333333
0.384629 0.420882 0.194489
0.415593 0.340336 0.244071
0.492576 0.307101 0.200324
0.0721128 0.838371 0.0895164
0.601793 0.0648733 0.333333
0.158217 0.508449 0.333333
0.292098 0.374569 0.333333
0.77798 0.22202 0
0.514698 0.151969 0.333333
0.273042 0.65999 0.0669688
0.08535 0.711722 0.202928
1 0 0
0.090666 0.576001 0.333333
0.534578 0.211169 0.254253
0.239663 0.746 0.0143369
0.632261 0.170264 0.197474
0.708648 0.276876 0.0144762
3.73324e-32 2.56084e-18 1
0.314486 0.352181 0.333333
0.0680722 0.598594 0.333333
0.237872 0.622334 0.139794
0.202899 0.463768 0.333333
0.558246 0.290831 0.150923
0.336861 0.329805 0.333333
0.161615 0.667144 0.171241
0.0227088 0.643958 0.333333
0.752001 0.180092 0.0679068
0.470672 0.195994 0.333333
0.422923 0.577077 0
0.314069 0.581692 0.104239
0.0334629 0.805599 0.160938
0.898915 0.101085 0
0.448463 0.218203 0.333333
0.168667 0.550628 0.280705
0.269776 0.396891 0.333333
0.827325 0.0163035 0.156372
1.30748e-17 1 0
0.0630163 0.660155 0.276828
0.535105 0.464895 0
0.197374 0.706224 0.0964013
0.0111455 0.935436 0.0534184
0.117207 0.863072 0.0197207
0.632776 0.249427 0.117797
0.404013 0.262653 0.333333
0.0129212 0.726299 0.26078
0.588261 0.136388 0.27535
0.386966 0.540601 0.072433
0.623452 0.0432144 0.333333
0.458989 0.264783 0.276228
0.348668 0.499227 0.152105
0.533919 0.35875 0.107331
0 0.878752 0.121248
0.342733 0.382295 0.274972
0.113268 0.553399 0.333333
0.492673 0.173994 0.333333
0.186986 0.813014 0
0.7873 0.103686 0.109014
0.687395 0.218811 0.0937945
0 0.78134 0.21866
0 0.666667 0.333333
0.242948 0.492437 0.264615
0.458153 0.384657 0.15719
0.0453745 0.621292 0.333333
0.536589 0.130078 0.333333
0.424983 0.464359 0.110658
0.135753 0.530914 0.333333
0.426275 0.240391 0.333333
0.180612 0.486055 0.333333
0.581652 0.231579 0.186769
0.831247 0.152107 0.0166456
0.858098 0.0701403 0.0717618
0.498249 0.428953 0.0727982
0.381628 0.285038 0.333333
0.64507 0.0215966 0.333333
0.58319 0.398242 0.0185684
0.0792529 0.920747 0
0.4676 0.509816 0.0225837
0.114653 0.752065 0.133281
0.742258 0.0688493 0.188892
0.129306 0.624405 0.24629
0.896193 0 0.103807
0.27668 0.538682 0.184638
0.558411 0.108255 0.333333
0.152177 0.782598 0.0652241
0.359229 0.307438 0.333333
0.7749 0 0.2251
0.307432 0.692568 0
0.355852 0.62479 0.019358
0.653456 0.346544 0
0.70304 0.0234725 0.273487
0.308564 0.455201 0.236235
0.225176 0.441491 0.333333
0.612692 0.318205 0.0691033
0.66317 0.0953508 0.241479
0.940712 0.0283423 0.0309459
