0.230838 0.110729 0.658432
0.314531 0 0.685469
0.40116 0 0.59884
0.339898 0.229051 0.431051
0.219593 0.780407 0
0.227573 0.471601 0.300826
0.306086 0.186403 0.507511
0.513982 0.0336508 0.452367
0.155425 0.566094 0.278481
0.182713 0.817287 0
0.14991 0.0241175 0.825973
0.06992 0.0757366 0.854343
0.465021 0.107898 0.427081
0.188374 0.195852 0.615774
0.015398 0.162923 0.821679
0.179358 0.429812 0.39083
0 1 0
0.422266 0.187079 0.390656
0.0792558 0.597132 0.323612
0.840415 0.159585 0
0.880382 0.119618 0
0.760617 0.239383 0
0.155775 0.284527 0.559698
0.8005 0.1995 0
0.422747 0.311612 0.265641
0.256596 0.743404 0
0.489082 0 0.510918
0.10907 0.89093 0
0.21324 0.53676 0.250001
0.0944484 0.46317 0.442382
0.681296 0.318704 0
0.56343 0.186569 0.250001
0.386546 0.141547 0.471906
0.301227 0.448773 0.250001
0.369812 0.630188 0
1.78025e-17 3.77086e-17 1
0.103666 0.116553 0.779782
0.295082 0.310948 0.39397
0.032092 0.397548 0.57036
0.667518 0.0824808 0.250001
0.138145 0.388921 0.472934
0.920272 0.0797276 0
0 0.647065 0.352935
0 0.457686 0.542314
0.370285 0.379715 0.250001
0.548401 0.0789318 0.372667
0.29412 0.70588 0
0 0.573036 0.426964
0.720859 0.279141 0
0.426537 0.05145 0.522013
0.492476 0.257524 0.250001
0.333129 0.351273 0.315598
0.061546 0.543992 0.394462
0.69066 0 0.30934
0.212437 0.346538 0.441024
0.40784 0.59216 0
1.96752e-17 0.749999 0.250001
0.484879 0.515121 0
0.18045 0.078229 0.741321
0.749999 0 0.250001
0.960164 0.0398359 0
0.509745 0.151713 0.338542
0.563052 0.436948 0
0.25203 0.27476 0.47321
0.258056 0.39336 0.348584
0.379701 0.270564 0.349734
0.461722 0.224512 0.313766
0.0280898 0.0325938 0.939316
0.271012 0.145243 0.583745
0.148425 0.156131 0.695444
0 0.353912 0.646088
0.0200261 0.498876 0.481098
0.257035 0.0354867 0.707478
0.107911 0.359762 0.532327
0.331946 0.668054 0
0.446118 0.553882 0
0.108776 0.239951 0.651273
0.102909 0 0.897091
0.0337254 0.687241 0.279034
0.323743 0.0527541 0.623502
0 0.232903 0.767097
0.138153 0.507298 0.354548
0.217589 0 0.782411
0.523815 0.476185 0
0.145787 0.854213 0
0.225583 0.235531 0.538886
0.351707 0.097658 0.550635
0.0711503 0.196216 0.732634
0.107886 0.642114 0.250001
0.0725349 0.927465 0
0.641716 0.358284 0
0.587902 0 0.412098
0.602313 0.397687 0
0.627073 0.0326157 0.340311
0.0361979 0.963802 0
0.0197002 0.28332 0.69698
0 0.107276 0.892724
1 0 0
0.597176 0.117572 0.285252
0.0743127 0.315155 0.610533
