0.379631 0.31316 0.307209
0.370539 0.203191 0.42627
0.0760953 0.160253 0.763652
2.46679e-18 0.314498 0.685502
0.20008 0.279531 0.520389
2.5393e-17 0.543073 0.456927
0.240212 0.0762623 0.683526
0.649612 0 0.350388
0.0362407 0.963759 0
0.0697397 0.518503 0.411757
0.321553 0 0.678447
0.63993 0.36007 0
0.152355 0.481078 0.366568
0.242052 0.200307 0.557641
0.158177 0.3578 0.484023
0.554025 0.195975 0.25
0.480595 0 0.519405
0.410394 0 0.589606
0.560722 0.0750554 0.364222
0.593428 0.11978 0.286792
0.15903 0.238173 0.602797
0.522355 0.477645 0
0.19467 0.0341912 0.771139
9.20724e-18 0.196913 0.803087
0.114642 0.199725 0.685632
0.023238 0.244569 0.732193
0.441509 0.065691 0.4928
0.424746 0.21977 0.355484
0.479063 0.240383 0.280555
0.585594 0 0.414406
0.15337 0.59663 0.25
0.230742 0.441686 0.327572
0.157695 0 0.842305
4.78344e-18 0.609856 0.390144
0 0 1
0.0805355 0.669464 0.25
0.285146 0.358311 0.356543
0.654917 0.0950832 0.25
0.600562 0.399438 0
0.285179 0.242061 0.47276
0.108914 0.891086 0
0.759076 0.240924 0
7.84356e-18 1 0
0.0763155 0.277303 0.646382
0.0251659 0.476595 0.49824
0.0851278 0.0365252 0.878347
0.519413 0.0311633 0.449423
0.36924 0.63076 0
0.11186 0.43929 0.44885
0.719202 0.280798 0
0.450087 0.299913 0.25
0.407918 0.139259 0.452823
0.324406 0.164913 0.510681
0.293826 0.706174 0
0.799152 0.200848 0
0.145891 0.854109 0
0.95981 0.0401905 0
0.200104 0.158315 0.641581
0.0764082 0.394798 0.528794
0.219574 0.780426 0
0.19344 0.527623 0.278937
0.0238645 0.361354 0.614781
0.0586224 0 0.941378
0.331392 0.668608 0
1 0 0
0.264429 0.485571 0.25
0.75 0 0.25
0.445239 0.554761 0
5.42753e-18 0.691972 0.308028
0.196793 0.399176 0.40403
0.679413 0.320587 0
0.684833 0.0299965 0.285171
0.919661 0.0803393 0
0.879443 0.120557 0
0.334685 0.0448005 0.620515
0.283204 0.120551 0.596244
0.308773 0.41022 0.281008
0.159186 0.117403 0.723411
0.11438 0.318346 0.567273
0.0541733 0.628848 0.316979
0.509525 0.16054 0.329935
0.561407 0.438593 0
0.40728 0.59272 0
0.483622 0.516378 0
0.256703 0.743297 0
0.182811 0.817189 0
5.88267e-18 0.75 0.25
6.48025e-19 0.0826187 0.917381
0.332103 0.279431 0.388466
0.478715 0.116647 0.404638
3.37921e-18 0.430827 0.569173
0.243448 0.319461 0.437091
0.259283 0 0.740717
0.0726147 0.927385 0
0.839274 0.160726 0
0.104781 0.559388 0.335831
0.0257524 0.12532 0.848927
0.367681 0.382319 0.25
0.367371 0.0892519 0.543377
0.113491 0.0830356 0.803473
