0.549231 0.0343545 0.416414
0.818744 0.181256 0
0.464215 0.203763 0.332022
0.507223 0.122873 0.369904
0.329558 0.0910308 0.579412
0.248139 0.377327 0.374534
0.084681 0.334143 0.581176
0.378913 0.251451 0.369636
0.547718 0.171085 0.281197
0.489395 0.510605 0
0.618936 0 0.381064
0.75 0 0.25
0.153579 0.532427 0.313994
1.41518e-17 0.31208 0.68792
3.05362e-17 0.673393 0.326607
0.600098 0.399902 0
0.2009 0.084304 0.714796
0.782555 0.217445 0
0.0750899 0.92491 0
0.67345 0.32655 0
0.411138 0.0608288 0.528034
0.263692 0.736308 0
0.277209 0.0605531 0.662238
0.526382 0.473618 0
0.709951 0.290049 0
0.669791 0.0696454 0.260564
0.854973 0.145027 0
0.00928661 0.608677 0.382036
0.105777 0.501109 0.393113
1 0 0
0.0586536 0.282481 0.658866
0.420286 0.168009 0.411706
0.124336 0 0.875664
0.165167 0.166098 0.668735
1.80509e-17 0.553124 0.446876
0.112707 0.887293 0
0.225946 0.774054 0
0.0733727 0.460274 0.466354
0.586656 0.082844 0.3305
0.0636389 0.686361 0.25
0.160581 0.418695 0.420724
0.373577 0.134163 0.49226
1.25141e-17 0.383461 0.616539
0.290866 0.172057 0.537076
0.746264 0.253736 0
0.334124 0.333352 0.332523
0.0390569 0.16848 0.792463
0.244369 0.133316 0.622315
0.683119 0.00276223 0.314118
0.0740211 0.577111 0.348868
0.0546263 0.0128314 0.932542
0.963738 0.0362624 0
0 0 1
0.0854231 0.204413 0.710164
0.167052 0.294208 0.538741
0.334318 0.213264 0.452419
0.206766 0.336426 0.456809
0.563223 0.436777 0
0.0811111 0.0789455 0.839943
0.282709 0.424652 0.292639
0.615586 0.134414 0.25
0.43051 0.282527 0.286963
0.25012 0.253767 0.496113
1.89692e-17 0.486886 0.513114
0.164855 0.0315076 0.803638
0.0337854 0.418458 0.547757
0.463478 0.0858249 0.450697
0.15043 0.84957 0
0.0374807 0.962519 0
0.188192 0.811808 0
0.233388 0 0.766612
0.33926 0.66074 0
7.85186e-18 0.2406 0.7594
6.47906e-18 0.142878 0.857122
0 1 0
0.106706 0.621552 0.271742
0.200302 0.458974 0.340724
0.291997 0.294455 0.413548
0.891204 0.108796 0
0.122099 0.120786 0.757114
0.301469 0.698531 0
0.178945 0.571055 0.25
0.370673 0.00632821 0.622999
0.405688 0.344312 0.25
3.32334e-18 0.0825501 0.91745
0.441671 0 0.558329
0.131443 0.247205 0.621352
0.452075 0.547925 0
0.305684 0 0.694316
0.513735 0 0.486265
0.346378 0.403622 0.25
0.927434 0.0725658 0
0.120748 0.37785 0.501402
0.506709 0.243291 0.25
0.636811 0.363189 0
2.44759e-17 0.75 0.25
0.414625 0.585375 0
0.377026 0.622974 0
0.251427 0.498573 0.25
0.20885 0.21142 0.57973
