0.589731 0 0.410269
0.276025 0.17274 0.551236
0.0661151 0.209153 0.724732
0.233954 0 0.766046
0.879821 0.120179 0
0.359557 0.138153 0.502291
0.658117 0 0.341883
0.324395 0 0.675605
0.123323 0.876677 0
0.61005 0.06949 0.32046
0.633525 0.116475 0.25
0.0588669 0 0.941133
0.32539 0.42461 0.25
0.0933738 0.656626 0.25
0.188855 0.330213 0.480931
6.52344e-18 0.531036 0.468964
0.204869 0.795131 0
0.0932231 0.0277518 0.879025
0.720855 0.279145 0
0.496161 0 0.503839
0.342506 0.326958 0.330537
0.0245194 0.466575 0.508905
0.41053 0.173524 0.415946
0.188025 0.207391 0.604584
0.331331 0.213681 0.454989
0.146227 0.168903 0.684871
0.75 0 0.25
0 0.75 0.25
0.0889963 0.450151 0.460852
0.959892 0.0401083 0
0.105116 0.251481 0.643403
0.255189 0.494811 0.25
0.211419 0.445679 0.342902
0.325645 0.674355 0
0.0729495 0.610228 0.316822
0.245173 0.366462 0.388365
0.285415 0.714585 0
4.09444e-18 0.637572 0.362428
0.919954 0.080046 0
0.563482 0.436518 0
0.164364 0.404647 0.430989
1.13604e-18 0.176901 0.823099
0.395546 0.354454 0.25
4.41958e-18 0.359773 0.640227
0.0685492 0.333513 0.597938
0.0411423 0.958858 0
0.355358 0.0267992 0.617843
0.465401 0.207275 0.327324
0.508638 0.241362 0.25
0.64189 0.35811 0
0.760457 0.239543 0
0.164153 0 0.835847
0.0822032 0.917797 0
0.230042 0.128466 0.641492
0.021541 0.29306 0.685399
0.681284 0.318716 0
1 0 0
0.562453 0.169409 0.268138
0.129709 0.481504 0.388786
0.227983 0.243502 0.528515
0.133772 0.065565 0.800663
0.0929538 0.138163 0.768883
5.24265e-18 0.426774 0.573226
0.434303 0.288178 0.277519
3.01929e-18 0.245783 0.754217
0.365646 0.634354 0
0.405493 0.594507 0
0.262604 0.0463698 0.691026
0.42708 0 0.57292
0.48459 0.51541 0
0.445939 0.091695 0.462366
0.185026 0.521104 0.29387
0.16224 0.58776 0.25
0 0.0799573 0.920043
4.85723e-17 1 0
0.300793 0.29358 0.405627
0.183655 0.0902375 0.726107
0.244971 0.755029 0
0.103212 0.376748 0.52004
0.839976 0.160024 0
0.485504 0.135496 0.378999
0.0411113 0.108248 0.85064
0.523447 0.0435519 0.433001
0.0204248 0.689906 0.289669
0.546938 0.103206 0.349856
0.445019 0.554981 0
0 0 1
0.0297905 0.564396 0.405813
0.689594 0.042469 0.267937
0.382972 0.250027 0.367001
0.105268 0.543741 0.350992
0.524096 0.475904 0
0.602686 0.397314 0
0.147562 0.291206 0.561233
0.30978 0.0987576 0.591462
0.26334 0.27085 0.465809
0.289618 0.399616 0.310767
0.397687 0.0651791 0.537134
0.800101 0.199899 0
0.164254 0.835746 0
