0.0213946 0.0395834 0.939022
0.958776 0.0412241 0
0.0297413 0.509018 0.46124
0.202544 0.431422 0.366034
0.539032 0.0906616 0.370306
0.625371 0.374629 0
0.198459 0.314368 0.487173
0.247413 0.752587 0
0.240197 0.237317 0.522485
0.289013 0.710987 0
0.372699 0.627301 0
0.917405 0.0825949 0
0.669031 0 0.330969
0.113281 0.354187 0.532532
0.0623537 0.609255 0.328391
0.283009 0.160169 0.556822
0.0184879 0.165629 0.815883
0.02314 0.398075 0.578785
0.184346 0 0.815654
0.131417 0.0418554 0.826728
0.403001 0.268716 0.328283
0.410024 0.0278803 0.562095
0.571185 0.141595 0.287219
0.165255 0.504821 0.329924
0.47888 0 0.52112
0.156796 0.158969 0.684235
0.365524 0.358773 0.275703
0 0.574992 0.425008
0.538427 0.211573 0.25
0 0.646013 0.353987
0.75 0 0.25
0.323348 0.198933 0.477719
0.164675 0.835325 0
1.0583e-18 0.234457 0.765543
0.36479 0.118778 0.516432
0.0856207 0.540822 0.373557
0.414724 0.585276 0
0.467436 0.127319 0.405245
0.370403 0.234394 0.395204
0.685566 0.0482023 0.266232
4.51384e-18 1 0
0.486282 0.178423 0.335295
0.118178 0.467907 0.413915
0.212774 0.0868748 0.700352
0.29859 0.0321269 0.669283
0 0.351125 0.648875
0.0747948 0.314396 0.610809
0.065143 0.0819076 0.852949
0.515398 0.0337761 0.450826
0.369574 0 0.630426
1 0 0
0.0949339 0 0.905066
0.43834 0.0803637 0.481297
0.834645 0.165355 0
0.139825 0.582144 0.27803
0.609016 0.0502614 0.340722
0.246563 0.120645 0.632791
0.0228172 0.281482 0.695701
0.159054 0.391287 0.449659
0.432347 0.317653 0.25
0.0746994 0.196728 0.728572
5.10621e-19 0.113123 0.886877
0.751227 0.248773 0
0.456849 0.543151 0
0.198218 0.197881 0.603901
0.0823001 0.9177 0
0.667459 0.332541 0
0.637576 0.112424 0.25
0.541125 0.458875 0
0.402696 0.165591 0.431714
0.320351 0.429649 0.25
0.471181 0.248632 0.280187
3.34704e-17 2.20407e-17 1
0.0274358 0.690947 0.281617
0.099733 0.650267 0.25
0.266131 0 0.733869
0.328052 0.079727 0.592221
0.283711 0.275333 0.440956
0.330842 0.669158 0
0.107614 0.120119 0.772267
0.240943 0.352812 0.406245
0.324088 0.315069 0.360843
2.10974e-18 0.467394 0.532606
0.0767436 0.429328 0.493928
0 0.75 0.25
0.041149 0.958851 0
0.112275 0.237922 0.649803
0.156855 0.275414 0.56773
0.249999 0.473857 0.276143
0.208375 0.541625 0.25
0.189063 0.0523757 0.758561
0.58327 0.41673 0
0.792954 0.207046 0
0.582774 0 0.417226
0.12349 0.87651 0
0.205938 0.794062 0
0.876059 0.123941 0
0.499 0.501 0
0.709501 0.290499 0
0.281823 0.392142 0.326035
