0.183444 0.566556 0.25
0.281279 0.207449 0.511272
0.653594 0 0.346406
0.150662 0.214759 0.634579
0.421275 0.328725 0.25
0.0790249 0.920975 0
0.199563 0.501691 0.298746
0.55681 0.18228 0.26091
0.192976 0.255597 0.551427
0.0406782 0.623379 0.335942
0.354701 0.645299 0
0.471021 0.528979 0
0.432619 0.567381 0
0.321516 0.242699 0.435786
0.0695423 0.500186 0.430271
0.623839 0.376161 0
0.180359 0.136521 0.68312
0.122384 0.595068 0.282548
0.413858 0.193615 0.392527
0.250237 0.108399 0.641364
0.509967 0.0233581 0.466675
0.344804 0.405196 0.25
3.43452e-17 0.689948 0.310052
4.97794e-17 1 0
0.686086 0.0432967 0.270618
0.393643 0.606357 0
0.194196 0.377944 0.42786
0.661653 0.338347 0
0.236859 0.763141 0
0.507144 0.147952 0.344904
0.0395107 0.960489 0
0.236273 0.420303 0.343424
0.465874 0 0.534126
0.334682 0.126619 0.538698
8.32374e-18 0.167213 0.832787
0.421717 0.0802835 0.497999
0.548256 0.0665339 0.38521
0.181636 0 0.818364
0.46406 0.111765 0.424174
0.153673 0.461445 0.384882
0.0742578 0.375118 0.550624
0.361634 0 0.638366
0.849772 0.150228 0
0.110438 0.420046 0.469516
0.081 0 0.919
0.585975 0.414025 0
0.359017 0.275737 0.365246
0.154075 0.336479 0.509445
0.372629 0.161643 0.465728
2.96342e-17 0.59531 0.40469
0.142283 0.089862 0.767855
0.0202265 0.341354 0.63842
0.392771 0.305022 0.302207
0.211273 0.0489726 0.739754
0.197441 0.802559 0
1.44814e-17 0.290912 0.709088
0.0716185 0.254442 0.673939
1 0 0
0.102712 0.176248 0.721039
2.62383e-17 0.527092 0.472908
0.314877 0.0823089 0.602814
0.11853 0.88147 0
2.04837e-17 0.411489 0.588511
0.236665 0.291498 0.471838
0.111639 0.0382645 0.850097
0.887292 0.112708 0
0.275485 0.330257 0.394257
0.497759 0.252241 0.25
0.581583 0 0.418417
0.275199 0.474801 0.25
0.0233461 0.459305 0.517349
0.509621 0.490379 0
0.75 0 0.25
0.157998 0.842002 0
2.97405e-18 0.0597445 0.940255
0.289049 0.0358264 0.675125
0.268852 0 0.731148
0.547827 0.452173 0
0.315522 0.684478 0
0.108919 0.297076 0.594005
0.812261 0.187739 0
0.594608 0.0891149 0.316277
0.311536 0.370046 0.318418
0.699448 0.300552 0
0.737129 0.262871 0
0.0168463 0.220158 0.762995
0.101068 0.543164 0.355768
0.630954 0.119046 0.25
0.774754 0.225246 0
0.455051 0.225032 0.319917
4.37079e-17 1.18033e-17 1
0.276229 0.723771 0
0.0817984 0.668202 0.25
0.0281239 0.094119 0.877757
0.0711312 0.129445 0.799424
0.924838 0.0751615 0
3.73345e-17 0.75 0.25
0.962407 0.0375928 0
0.23281 0.178308 0.588882
0.395225 0.0320435 0.572731
