0.0577698 0.551237 0.390994
0.309479 0.336244 0.354277
4.32088e-17 1 0
0.209941 0.476201 0.313858
0.0212732 0.334617 0.64411
0.629437 0.12056 0.250003
0.484526 0.257622 0.257852
2.9271e-17 0.749997 0.250003
0 0.510738 0.489262
0.522314 0.061825 0.415861
0.359652 0.250428 0.389921
0.148554 0.212058 0.639388
0.296498 0.160669 0.542833
0.683035 0.0514852 0.26548
0.421779 0.328218 0.250003
0.758363 0.241637 0
0.25497 0 0.74503
2.82522e-17 0.653852 0.346148
0.556176 0.443824 0
0.315264 0.684736 0
0.194438 0.245183 0.560379
0.838986 0.161014 0
1.57641e-17 0.403916 0.596084
0.475453 0.524547 0
0.484574 0.132069 0.383357
0.0855625 0.47658 0.437858
0.156739 0.843261 0
0.718047 0.281953 0
0.112221 0.637776 0.250003
0.221619 0.0626855 0.715696
1 0 0
0.336447 0.0762775 0.587276
0.0191769 0.214945 0.765878
0 0.0594703 0.94053
0.555097 0 0.444903
0.133214 0.516955 0.349831
0.0741115 0.125681 0.800208
0.279917 0.3006 0.419483
0 0.285479 0.714521
0.44327 0.2128 0.34393
0.515767 0.484233 0
0.577303 0.093928 0.328769
0.919489 0.0805115 0
0.435158 0.564842 0
0.354859 0.645141 0
7.13782e-18 0.165194 0.834806
0.0815743 0.59989 0.318536
0.350011 0.376083 0.273906
0.0390487 0.960951 0
0.207138 0.356552 0.43631
0.256437 0.404425 0.339138
0.169204 0.566757 0.264039
0.879244 0.120756 0
0.0314116 0.444089 0.524499
0.447326 0.0840581 0.468616
0.749997 0 0.250003
0.308834 0.441163 0.250003
0.596568 0.403432 0
0.184969 0.137313 0.677718
0.275265 0.724735 0
0.235663 0.764337 0
0.483792 0 0.516208
0.0814216 0 0.918578
0.395098 0.604902 0
0.169824 0.435526 0.39465
0.416582 0.0298638 0.553554
0.183509 0 0.816491
0.264534 0.102603 0.632862
0.798675 0.201325 0
0.523801 0.166547 0.309653
0.665297 0 0.334703
0.372237 0.120277 0.507486
0.307371 0.0175393 0.67509
0.55627 0.193727 0.250003
0 0 1
0.117342 0.882658 0
0.677624 0.322376 0
0.0297851 0.0923675 0.877847
0.0388224 0.688289 0.272889
0.405304 0.168122 0.426574
0.105434 0.171555 0.723012
0.637097 0.362903 0
0.392629 0.29065 0.316721
2.51628e-17 0.582353 0.417647
0.148688 0.0868358 0.764476
0.324281 0.209719 0.465999
0.160617 0.322059 0.517324
0.196238 0.803762 0
0.121309 0.400686 0.478005
0.37572 0 0.62428
0.605808 0.0214962 0.372696
0.245138 0.262847 0.492015
0.959751 0.0402486 0
0.0713606 0.249631 0.679008
0.238228 0.511769 0.250003
0.0775156 0.3645 0.557985
0.114125 0.0367506 0.849124
0.110165 0.29003 0.599805
0.0781815 0.921818 0
0.229147 0.179832 0.59102
