0.410695 0 0.589305
0.0344767 0.153922 0.811601
1.6979e-17 0.561895 0.438105
0.75 0 0.25
0.234361 0.765639 0
0 0 1
0.335618 0.397047 0.267334
0.409187 0.340812 0.25
0.336145 0.270234 0.393621
0.0143542 0.0623744 0.923271
0.352992 0.647008 0
0.17431 0.0297384 0.795952
0.133973 0 0.866027
0.926427 0.0735732 0
0.301066 0 0.698934
0.392531 0.607469 0
0.16931 0.242619 0.588071
0.0387905 0.961209 0
0.814962 0.185038 0
0.740104 0.259896 0
0.702281 0.297719 0
0.176689 0.116705 0.706606
0.431928 0.568072 0
0.548668 0.451332 0
0.494712 0.179562 0.325726
0.211639 0.279509 0.508852
0.471135 0.528865 0
0.0202297 0.493598 0.486172
0.0855421 0.1775 0.736958
2.76222e-17 0.75 0.25
0.0995796 0.453714 0.446706
0.777659 0.222341 0
0.124428 0.325675 0.549897
0.0834833 0.525145 0.391371
0.535112 0.0939229 0.370965
0.479786 0 0.520214
0.0218925 0.688334 0.289774
1 0 0
0.22656 0.508135 0.265304
0.289489 0.460511 0.25
0.852282 0.147718 0
0.174438 0.359656 0.465906
0.25614 0.318029 0.425831
0.68489 0.0469359 0.268174
0.127496 0.0998164 0.772687
0.0837583 0.288456 0.627786
0.638017 0.111982 0.25
0.626014 0.373986 0
0.1347 0.552896 0.312404
0.116856 0.883144 0
0.418819 0.224884 0.356297
0.156846 0.430122 0.413032
0.38032 0.0681011 0.551579
0.0792648 0.402666 0.518069
0.169049 0.580951 0.25
0.507389 0.0412637 0.451347
0.51015 0.48985 0
0.155974 0.844026 0
2.24321e-17 0.635907 0.364093
0.889524 0.110476 0
0.424623 0.095321 0.480056
0.0325878 0.260285 0.707128
0.463485 0.268878 0.267637
0.313501 0.686499 0
0.295898 0.110592 0.59351
0.0963614 0.653638 0.25
0.378635 0.184834 0.436531
1.33905e-17 0.443141 0.556859
0.578386 0 0.421614
0.587169 0.412831 0
0.0821243 0.0730226 0.844853
6.79335e-18 0.224816 0.775184
0.077727 0.922273 0
0.337289 0.149035 0.513677
0.458978 0.136056 0.404967
1.00191e-17 0.331568 0.668432
0.664239 0.335761 0
0.185677 0.476204 0.338119
0.0623176 0.601293 0.336389
0 0.123496 0.876504
0.253294 0.0730366 0.673669
0.236322 0 0.763678
0.19509 0.80491 0
0.231845 0.400966 0.367189
0.273952 0.726048 0
0.605946 0.050397 0.343657
0.963313 0.0366868 0
0.533329 0.216671 0.25
0.340733 0.0261727 0.633094
0.376619 0.305437 0.317944
0 1 0
0.300486 0.358568 0.340946
0.0669708 0 0.933029
0.212198 0.158276 0.629526
0.127309 0.206865 0.665826
0.573424 0.14282 0.283755
0.0292725 0.371775 0.598953
0.66668 0 0.33332
0.294627 0.233286 0.472087
0.253536 0.195407 0.551056
