0.0454201 0.683138 0.271442
0.500261 0.154035 0.345704
0.332688 0.382789 0.284523
0.961329 0.0386707 0
0.265292 0.293262 0.441447
0.227503 0.248819 0.523678
0.457149 0 0.542851
0.582779 0.0984281 0.318793
0.344139 0 0.655861
0.155821 0 0.844179
0.0732779 0.332274 0.594448
0.129646 0.105101 0.765253
0.684776 0.018568 0.296656
0.113493 0.497284 0.389223
0.229756 0.770244 0
0.0763808 0.923619 0
0.226574 0 0.773426
0.189644 0.335542 0.474814
0.690502 0.309498 0
0.0948921 0.0682528 0.836855
0.380855 0.160501 0.458644
0.19129 0.80871 0
2.00375e-17 7.71803e-18 1
0.0192614 0.0465521 0.934187
0.0381882 0.961812 0
0 0.598277 0.401723
0.459898 0.540102 0
0.47957 0.27043 0.25
0.188265 0.561735 0.25
0 0.75 0.25
0.194697 0.0709699 0.734333
0.767762 0.232238 0
0.340418 0.249453 0.410129
0.40636 0.34364 0.25
0.275573 0.0224714 0.701956
0.541462 0.0689173 0.38962
0.0784748 0.203118 0.718407
0.462223 0.112793 0.424984
0.0851155 0 0.914884
0.268214 0.731786 0
0.242197 0.487611 0.270192
9.03954e-18 1 0
1.30915e-17 0.659915 0.340085
0.63813 0 0.36187
0.233695 0.380905 0.385401
0.031898 0.535127 0.432975
0.11463 0.88537 0
0.417775 0.199481 0.382744
0.651968 0.348032 0
0.375632 0.292916 0.331452
0.613447 0.386553 0
0.88393 0.11607 0
0.304074 0.204884 0.491042
0.383289 0.616711 0
0.344947 0.655053 0
0 0.112263 0.887737
0.150834 0.290807 0.55836
0.0790104 0.584906 0.336083
0.114436 0.635564 0.25
0.42161 0.57839 0
0.388212 0.0253343 0.586454
0 0.183282 0.816718
0.299861 0.341852 0.358287
0.109795 0.249462 0.640743
0.49822 0.50178 0
0.502259 0.0245368 0.473204
0.0244694 0.296721 0.678809
0.666053 0.0839467 0.25
0.304581 0.445419 0.25
0.344417 0.116681 0.538902
0.306009 0.0771548 0.616836
0.189346 0.204694 0.60596
0.0194289 0.420735 0.559836
1 0 0
0.231218 0.114873 0.653909
0.570175 0 0.429825
0.306613 0.693387 0
0.75 0 0.25
0.535705 0.198158 0.266138
0 0.254492 0.745508
0 0.491907 0.508093
0.15456 0.416454 0.428986
0.600447 0.149553 0.25
0.449499 0.239375 0.311126
0.108767 0.375843 0.515391
0.806509 0.193491 0
0.729141 0.270859 0
0.536644 0.463356 0
0.575006 0.424994 0
0.152955 0.847045 0
0 0.369297 0.630703
0.0748551 0.453305 0.47184
0.152966 0.534349 0.312685
0.058275 0.148227 0.793498
0.154686 0.159925 0.68539
0.266143 0.161966 0.571891
0.845236 0.154764 0
0.202568 0.452966 0.344465
0.922629 0.0773714 0
0.420366 0.0773307 0.502304
