0.246828 0.349883 0.403288
0.410114 0.140906 0.44898
0.121124 0 0.878876
0.286306 0.145596 0.568098
0.282297 0.0175136 0.700189
0.484783 0.235644 0.279574
0.474842 0 0.525158
0.100512 0.276107 0.623381
0 0.14134 0.85866
9.49987e-18 0.749998 0.250002
0.096369 0.623396 0.280235
0 0.483702 0.516298
0.749998 0 0.250002
0.672461 0 0.327539
0 0 1
0.920028 0.0799717 0
0.286583 0.267953 0.445464
0.759353 0.240647 0
0.406174 0.0153349 0.578491
0.446294 0.303704 0.250002
0.517963 0.157357 0.324679
0.302335 0.697665 0
0.319912 0.0691766 0.610912
0.138514 0.208665 0.652821
0.554771 0.445229 0
0.677983 0.322017 0
0.174116 0.825884 0
0.799517 0.200483 0
0.445939 0.0630084 0.491052
0.59605 0.0120448 0.391906
0.00139272 0.0773075 0.9213
0.0735571 0.336918 0.589525
0.299288 0.382986 0.317725
0.328398 0.183711 0.487891
0.407436 0.262744 0.32982
0.345145 0.654855 0
0.157793 0.39821 0.443998
0.448229 0.180801 0.37097
0.0191776 0.532684 0.448139
0.272005 0.477993 0.250002
0.387546 0.612454 0
0.20865 0.510352 0.280998
0.0550333 0.0112149 0.933752
0.016626 0.303888 0.679486
0.229788 0 0.770212
0.0743412 0.0849304 0.840728
0.631364 0.0576948 0.310941
0.0637453 0.5764 0.359855
0.100203 0.491322 0.408475
0.338898 0.4111 0.250002
0.134943 0.537418 0.327639
0.471545 0.528455 0
0.0437467 0.956253 0
5.94007e-17 1 0
0.0762938 0.442943 0.480763
0 0.671148 0.328852
0.51326 0.48674 0
0 0.601249 0.398751
0.880002 0.119998 0
0.210061 0.182338 0.607601
0.545164 0 0.454836
0.718853 0.281147 0
0.839871 0.160129 0
0.351755 0 0.648245
0.378765 0.343862 0.277373
0.0617676 0.68823 0.250002
0.233098 0.426088 0.340813
0 0.25011 0.74989
0.167665 0.582333 0.250002
0.119982 0.359542 0.520477
0.157769 0.1468 0.695431
0.596013 0.403987 0
0.637004 0.362996 0
0.0873617 0.912638 0
0.1732 0.454634 0.372166
0.603955 0.134047 0.261998
0 0.371762 0.628238
0.203484 0.313039 0.483477
0.960039 0.0399613 0
0.329755 0.306048 0.364197
0.217011 0.782989 0
0.496295 0.0833739 0.420331
0.0284824 0.177762 0.793756
0.551571 0.198427 0.250002
0.553501 0.0942704 0.352229
0.170926 0.265608 0.563465
0.24791 0.227326 0.524764
0.4299 0.5701 0
0.194766 0.072885 0.732349
0.242556 0.103546 0.653898
1 0 0
0.158582 0.0303086 0.81111
0.259882 0.740118 0
0.131063 0.868937 0
0.110849 0.122821 0.76633
0.0253809 0.415086 0.559533
0.367657 0.101028 0.531315
0.36747 0.223588 0.408942
0.676753 0.0732442 0.250002
0.07139 0.21727 0.71134
