0.0859562 0.517258 0.396786
0.520078 0.174672 0.30525
0.20221 0.0917469 0.706043
0.185009 0.814991 0
0.0927621 0.208299 0.698939
0.448068 0.276512 0.275421
0.588717 0.161283 0.25
1.5727e-18 2.01113e-17 1
0.160331 0.176814 0.662855
0 0.455344 0.544656
0.486579 0.513421 0
0.474788 0 0.525212
0.21962 0.508467 0.271913
1 0 0
0.405088 0.0422439 0.552669
0.228857 0.268155 0.502988
0.126397 0.550261 0.323341
0.685692 0.0643084 0.25
0.239916 0.00726486 0.752819
0 0.667799 0.332201
0.564375 0.435625 0
0.0888675 0.406744 0.504388
0 0.382583 0.617417
0.179735 0.474918 0.345348
0.879923 0.120077 0
0.308547 0 0.691453
0.147851 0.852149 0
0.296876 0.703124 0
0.378103 0 0.621897
0.668594 0.00914767 0.322258
0.325685 0.402959 0.271356
0.544957 0 0.455043
0.272267 0.181664 0.546069
0.681468 0.318532 0
0.0347457 0.489287 0.475967
0.175482 0 0.824518
0.279167 0.0624355 0.658398
0.184154 0.363023 0.452823
0.52549 0.47451 0
0.919707 0.0802928 0
0.224207 0.404815 0.370978
0.263238 0.313334 0.423429
0 0.310019 0.689981
0.18576 0.225137 0.589103
0.132055 0.441364 0.426581
0.959842 0.0401579 0
0.102349 0 0.897651
0.150645 0.32836 0.520995
0.294942 0.36102 0.344039
0.603481 0.396519 0
0.0738579 0.926142 0
0.0770518 0.0790838 0.843864
0.0119 0.243717 0.744383
0.642428 0.357572 0
0.034503 0.599082 0.366415
0.110849 0.889151 0
0.512583 0.060436 0.426981
0.476204 0.138043 0.385753
0.436634 0.0916698 0.471696
0.334439 0.665561 0
0.150896 0.0587016 0.790402
0.616489 0.0996472 0.283864
0.237668 0.140023 0.622309
0.506086 0.243914 0.25
0.125793 0.128584 0.745623
0.342821 0.265799 0.39138
0.565331 0.0814761 0.353193
0.0369344 0.963066 0
0.398357 0.351643 0.25
0.283508 0.466492 0.25
0.370775 0.309072 0.320152
0.356454 0.134858 0.508688
0.0932995 0.626968 0.279732
0 0.182579 0.817421
0.75 0 0.25
0.448218 0.551782 0
0.0583396 0.155363 0.786298
0.392502 0.178328 0.42917
0.222186 0.777814 0
0.720506 0.279494 0
0 0.75 0.25
0.0583701 0.355068 0.586562
0.309615 0.222666 0.46772
0.61512 0 0.38488
0.799925 0.200075 0
0.839896 0.160104 0
0.410369 0.589631 0
0.322784 0.0924078 0.584808
0.168134 0.581866 0.25
0 0.107795 0.892205
0.0601497 0.68985 0.25
0.0290047 0.0344639 0.936531
0.760174 0.239826 0
0.128357 0.297442 0.574202
0.0778108 0.274879 0.64731
0 1 0
0.259527 0.740473 0
0.372517 0.627483 0
0.428404 0.220907 0.350689
0 0.561467 0.438533
