0.333331 0.333331 0.333339
1 0 0
2.77556e-17 1 0
1.05992e-18 2.66957e-17 1
0.157486 0.157486 0.685028
0.5 0.5 0
0.583101 0 0.416899
1.39859e-17 0.583119 0.416881
0.766689 0.233311 0
0.233291 0.766709 0
3.22757e-17 0.374669 0.625331
0.374564 4.15849e-17 0.625436
0.666894 0.0831038 0.250002
0.0832923 0.666708 0.25
0.249524 0.249407 0.501069
0.0727559 0.0729125 0.854332
0.473223 0.276776 0.250001
0.221489 0.513796 0.264715
0.368739 0.631261 0
0.633431 0.366569 0
0.428824 0.119135 0.452041
0.116156 0.426125 0.457719
0 0.75 0.25
0.75 8.32667e-17 0.25
0.22641 2.51366e-17 0.77359
1.10687e-16 0.226417 0.773583
0.883344 0.116656 0
0.116569 0.883431 0
0.526573 0.16178 0.311646
0.313169 0.101119 0.585712
0.100303 0.311162 0.588536
0.307471 0.442529 0.25
0.479564 0.00605495 0.514381
0.00706256 0.477343 0.515595
0.157537 0.481487 0.360976
0.300367 0.699633 0
0.566704 0.433296 0
0.700325 0.299675 0
0.376159 0.216275 0.407566
0.433227 0.566773 0
0.215898 0.367258 0.416845
0.113213 1.25692e-17 0.886787
3.33454e-17 0.113319 0.886681
0.174933 0.825067 0
0.941707 0.0582926 0
0.825005 0.174995 0
0.0582561 0.941744 0
0.0503037 0.618852 0.330845
0.266498 0.0617894 0.671712
0.0617204 0.266567 0.671712
0.622779 0.0356628 0.341558
0.198338 0.198169 0.603493
0.117949 0.11811 0.763941
0.570876 0.179124 0.25
0.390731 0.358878 0.250391
0.337209 0.17148 0.491311
0.163324 0.586676 0.25
0.152093 0.332313 0.515595
0.51047 0.091275 0.398255
0.0775949 0.52838 0.394025
0.426552 0.235965 0.337483
0.255346 0.419121 0.325533
0.285401 0.285158 0.429441
0.401875 0.0634692 0.534656
0.0543994 0.399587 0.546014
8.39935e-06 0.683793 0.316198
0.161233 0.0351184 0.803649
0.0351326 0.161039 0.803828
8.84402e-17 0.300549 0.699451
0.300476 0 0.699524
0.688829 0 0.311171
0.0310988 0.0311883 0.937713
0.234316 0.127783 0.6379
0.334168 0.665832 0
0.129553 0.234766 0.635681
0.266914 0.733086 0
0.667138 0.332862 0
0.466352 0.533648 0
0.599722 0.400278 0
0.533088 0.466912 0
0.733493 0.266507 0
0.589398 0.104662 0.30594
0.117882 0.559993 0.322124
0.400791 0.599209 0
0.455719 0.164416 0.379865
0.530543 0 0.469457
0.274339 0.180625 0.545037
0.08208 0.196562 0.721358
0.197008 0.0810776 0.721914
1.2599e-17 0.525294 0.474706
0.397792 0.293753 0.308455
0.912579 0.0874209 0
0.145515 0.854485 0
0.204222 0.795778 0
0.854166 0.145834 0
0.79594 0.20406 0
0.0872145 0.912786 0
0.970797 0.0292033 0
0.0287588 0.971241 0
0.20197 0.248138 0.549892
