0.963911 0.0360887 0
0.596265 0.118549 0.285186
0 0.434647 0.565353
0.353437 0.296289 0.350273
0.40339 0.142136 0.454474
0.0753542 0.51294 0.411706
0.152705 0.847295 0
0.519238 0.154315 0.326447
0.309448 0.377512 0.31304
0.454639 0.180835 0.364527
0.379151 0.213878 0.406971
0.525495 0 0.474505
0.376711 0.100939 0.52235
0.558682 0.074299 0.367019
0.378547 0.621453 0
0.582514 0.0085581 0.408928
0.271458 0.338964 0.389578
0.303573 0.696427 0
0.0816405 0.19608 0.722279
0.114551 0.885449 0
0.432039 0.251676 0.316285
0.891635 0.108365 0
0.0595459 0.690454 0.25
0 0.114637 0.885363
0.266014 0.733986 0
0.218991 0.188547 0.592462
0.490215 0.509785 0
0.20466 0.079164 0.716176
0.0728163 0.0800906 0.847093
0.782763 0.217237 0
0.0224061 0.165279 0.812315
0.527036 0.472964 0
0 0.330527 0.669473
0.229292 0.302635 0.468072
0.709915 0.290085 0
0.0431105 0.269609 0.687281
0.234089 0.429538 0.336373
0.431139 0 0.568861
0.746349 0.253651 0
0.149754 0.347693 0.502553
9.31736e-18 1 0
0.0286148 0.360268 0.611117
0.75 0 0.25
0.452992 0.547008 0
0.102982 0.308055 0.588963
0.271903 0.220222 0.507875
0.551514 0.198486 0.25
0.485761 0.0965988 0.41764
0.0746611 0.392288 0.533051
0.648342 0 0.351658
2.34096e-17 0.75 0.25
0.115714 0.551344 0.332941
0.0270939 0.598207 0.374699
0.110573 0.433576 0.455851
0.63706 0.36294 0
0.228381 0.771619 0
0.168168 0.155365 0.676467
0.476564 0.273436 0.25
0.361536 0 0.638464
0.16143 0.58857 0.25
0.927773 0.0722267 0
0.335918 0.0682792 0.595803
0.68468 0.0288394 0.28648
0.855409 0.144591 0
0.292392 0.0254196 0.682188
0.415773 0.584227 0
1 0 0
0 0.666991 0.333009
0.25564 0.110359 0.634001
0.341186 0.408814 0.25
0.819115 0.180885 0
0.311867 0.251443 0.43669
0 0.234775 0.765225
0.456027 0.0454467 0.498526
0.673498 0.326502 0
0.0237805 0.0393581 0.936861
0.563814 0.436186 0
0.112991 0.125532 0.761476
0.191576 0.388087 0.420338
0.0382501 0.96175 0
0.149054 0.0556425 0.795303
0.600444 0.399556 0
0 0.553365 0.446635
0.656044 0.0939555 0.25
0.268951 0.481049 0.25
0.0874205 0.627121 0.285458
0.0764644 0.923536 0
0.0990785 0 0.900922
0.305119 0.151373 0.543508
0.173869 0 0.826131
0.190576 0.809424 0
0.248849 0 0.751151
0.341074 0.658926 0
0.184591 0.265672 0.549737
0 0 1
0.131533 0.232102 0.636364
0.156586 0.471684 0.37173
0.199817 0.517524 0.282659
0.0219383 0.481544 0.496517
0.402036 0.338543 0.259421
