0.688563 0.0380439 0.273393
0.75 0 0.25
0.21246 0.242088 0.545452
0.475858 0.241398 0.282744
0.0942711 0.0664077 0.839321
0.156612 0.843388 0
0.060482 0.684512 0.255006
0.0829783 0 0.917022
0.213936 0.357876 0.428189
2.84125e-17 0.511835 0.488165
0.960268 0.0397324 0
0.336656 0.13585 0.527494
0.118358 0.516101 0.365541
0.0306701 0.552467 0.416863
0.395814 0.604186 0
0 0.75 0.25
0.125189 0.398036 0.476775
0.679715 0.320285 0
0.235811 0.764189 0
0.233412 0.516588 0.25
0.141175 0.188283 0.670543
0.0779029 0.591439 0.330658
0.606666 0.066314 0.32702
5.55112e-17 1 0
0.0781392 0.921861 0
0.0366319 0.142446 0.820922
0.433759 0.316241 0.25
0.137172 0.275451 0.587377
0.537032 0.212968 0.25
0.483657 0 0.516343
0.208662 0.145086 0.646252
0.391839 0.276635 0.331527
0.125918 0.624082 0.25
0.166059 0.434892 0.39905
1.16327e-17 0.209556 0.790444
0.0078636 0.671851 0.320285
0.720127 0.279873 0
0.172885 0.319672 0.507444
0.470588 0.129992 0.39942
0.441906 0.200344 0.35775
0.258939 0.281731 0.45933
0.366914 0 0.633086
0.880593 0.119407 0
0 0 1
6.18913e-18 0.111493 0.888507
0.278606 0.443902 0.277492
0.387912 0.166888 0.4452
0.0903951 0.166541 0.743064
0.355548 0.644452 0
0.291338 0.0952015 0.613461
0.214718 0.00485069 0.780431
0.561451 0.150741 0.287808
0.429255 0.0873682 0.483377
0.0819658 0.474107 0.443927
1.70488e-17 0.307124 0.692876
0.580711 0 0.419289
0.0378075 0.239083 0.72311
0.290453 0 0.709547
0.2483 0.175 0.5767
0.19962 0.474512 0.325868
0.151602 0 0.848398
0.536397 0.0974834 0.366119
0.355489 0.0693113 0.5752
0.196146 0.803854 0
0.511729 0.0405616 0.447709
0.517454 0.482546 0
0.598878 0.401122 0
0.0391852 0.960815 0
0.800709 0.199291 0
0.032931 0.442063 0.525006
0.337116 0.412884 0.25
0.163777 0.557013 0.279209
3.42643e-17 0.61725 0.38275
0.12881 0.0990833 0.772107
0.558121 0.441879 0
0.639463 0.360537 0
0.760517 0.239483 0
0.0876511 0.359785 0.552564
0.420345 0.0204039 0.559251
0.256008 0.39372 0.350271
0.652212 0 0.347788
0.476654 0.523346 0
0.356612 0.352108 0.291279
0.259236 0.0589829 0.681782
0.637921 0.112079 0.25
0.920478 0.0795223 0
0.0380528 0.33559 0.626358
0.348312 0.241482 0.410206
0.117384 0.882616 0
1 0 0
0.840697 0.159303 0
2.25666e-17 0.406524 0.593476
0.299149 0.208181 0.49267
0.189612 0.0827315 0.727656
0.43617 0.56383 0
0.304359 0.319041 0.3766
0.0181445 0.046703 0.935153
0.275539 0.724461 0
0.0926217 0.256583 0.650795
0.315363 0.684637 0
