1 0 0
0.319958 0.0710624 0.60898
0.665227 0 0.334773
0.35239 0 0.64761
0.185358 0.371569 0.443074
0.101782 0.411762 0.486456
0.275726 0.4541 0.270174
0.308949 0.253723 0.437328
0.603641 0.0488616 0.347497
0.160857 0.0163259 0.822817
5.8584e-18 0.105536 0.894464
0.575459 0 0.424541
0.160203 0.145425 0.694371
0.108358 0.531323 0.360319
0.0859825 0.914018 0
0.417033 0.582967 0
0.365463 0.108731 0.525806
0.0725375 0.604664 0.322798
0.015969 0.455434 0.528597
0.0428943 0.957106 0
0.469154 0.280846 0.25
0.288172 0.146829 0.564998
0.226271 0.523729 0.25
0.0183462 0.575146 0.406508
0.646346 0.353654 0
0.402243 0.0202146 0.577543
0.456137 0.543863 0
0.398935 0.333565 0.2675
0.529283 0.0898609 0.380856
0.9654 0.0346003 0
0.106057 0 0.893943
0.222922 0.293567 0.483512
0.439054 0.245288 0.315657
0.243212 0.103396 0.653392
0.0785887 0.183205 0.738207
0.638309 0.111691 0.25
0.115499 0.105384 0.779117
0.14078 0.332109 0.527111
0.397495 0.208198 0.394307
0.148233 0.449248 0.402518
0.495148 0.504852 0
0.296499 0.703501 0
0.26857 0.330637 0.400793
1.23968e-17 0.223321 0.776679
0.230746 0.411113 0.358141
0.0311343 0.689389 0.279477
0.0316325 0.263743 0.704625
0.172849 0.257073 0.570078
0.506651 0.0328521 0.460496
0.195685 0.0699149 0.7344
0 0.75 0.25
0.540487 0.209513 0.25
0.283283 0.0177331 0.698984
0.0228449 0.154018 0.823137
0.447365 0.129076 0.423559
0.355859 0.289754 0.354386
0 0.645705 0.354295
0.105707 0.644293 0.25
0.718997 0.281003 0
0.0307861 0.0303189 0.938895
0.212978 0.787022 0
0.896239 0.103761 0
0 0.401812 0.598188
0.861249 0.138751 0
0.754685 0.245315 0
0.346129 0.403871 0.25
0.188088 0.488833 0.323079
0.170854 0.829146 0
0.790873 0.209127 0
0.608623 0.391377 0
0.15656 0.57386 0.269581
0.571259 0.428741 0
0.0706408 0.489286 0.440074
0.46999 0 0.53001
0.488153 0.170882 0.340965
0.570734 0.13742 0.291846
0.0637338 0.368471 0.567795
0.230745 0 0.769255
0.255178 0.744822 0
0.207107 0.182123 0.610771
5.55112e-17 1 0
0.684487 0.0461838 0.26933
0.682733 0.317267 0
0.930893 0.0691074 0
0.533856 0.466144 0
0 0 1
0.12167 0.222211 0.656119
0.826113 0.173887 0
0.75 0 0.25
0.310457 0.367755 0.321788
0 0.33085 0.66915
0.428587 0.0787342 0.492679
0.336683 0.663317 0
0.129041 0.870959 0
0.377375 0.622625 0
0.346363 0.178914 0.474723
0 0.524534 0.475466
0.0748315 0.0716277 0.853541
0.0872447 0.295733 0.617022
0.258306 0.218892 0.522802
