0.0449534 0.595636 0.359411
0.115741 0.307076 0.577183
0.307308 0.0298809 0.662811
0.19442 0.148405 0.657176
0.163011 0.345339 0.49165
0 0.064788 0.935212
0.103597 0.0694292 0.826974
0.151161 0.105586 0.743253
0.157018 0.226395 0.616587
0.21514 0.509968 0.274892
0.648375 0 0.351625
0.849901 0.150099 0
0.0851818 0.512539 0.402279
0.887554 0.112446 0
0.167918 0.471036 0.361046
0.508975 0.491025 0
0.0755002 0.265459 0.65904
0 0 1
0.262561 0 0.737439
0.521928 0.228072 0.25
0.0235504 0.106733 0.869717
0.28676 0.71324 0
0.105315 0.644685 0.25
0.812387 0.187613 0
0.925119 0.0748812 0
3.92689e-17 0.75 0.25
0.327526 0.137664 0.53481
0.736694 0.263306 0
0.546111 0 0.453889
0.106576 0.893424 0
0.572109 0.0314031 0.396488
0.601917 0.0767538 0.321329
1 0 0
0.640113 0.109887 0.25
0.289487 0.34658 0.363933
0.962624 0.0373758 0
0.698898 0.301102 0
0.446795 0.139207 0.413998
0.688388 0.0350492 0.276563
0.284902 0.222101 0.492997
0.434 0.566 0
0 0.491009 0.508991
0.144392 0 0.855608
0.172775 0.577225 0.25
0.0717436 0.146835 0.781422
0.207758 0.385675 0.406567
0.0268394 0.349125 0.624036
0.523632 0.107704 0.368664
0.142168 0.857832 0
0.110148 0.188052 0.7018
0.0355424 0.964458 0
0 0.658733 0.341267
0 0.303583 0.696417
0.456184 0 0.543816
0.0397776 0.684482 0.27574
0.360041 0.639959 0
0.334631 0.392049 0.27332
0.568584 0.158152 0.273264
0.451854 0.273135 0.275011
0.546829 0.453171 0
0.192776 0.0207757 0.786449
0.378887 0.0490107 0.572102
0.241435 0.184209 0.574356
0.0575274 0.46245 0.480023
0.0193662 0.233134 0.7475
0.367178 0.18064 0.452182
0.245571 0.304674 0.449755
0.397008 0.602992 0
1.13166e-17 0.417299 0.582701
0.484943 0.186735 0.328323
0.228648 0.073612 0.69774
0.62288 0.37712 0
0.408202 0.225045 0.366753
0.20089 0.265403 0.533707
0.660874 0.339126 0
0 0.564554 0.435446
0.484003 0.0499583 0.466039
0.75 0 0.25
0.405506 0.344494 0.25
0.130036 0.425769 0.444195
0.408895 0.0948198 0.496285
0.07583 0.00427747 0.919893
0.471363 0.528637 0
9.44526e-18 0.180396 0.819604
0.282382 0.104548 0.61307
0.774646 0.225354 0
0.0811845 0.384548 0.534268
0.287043 0.462957 0.25
0.178381 0.821619 0
0.125554 0.553275 0.321171
0.323334 0.676666 0
0.36549 0 0.63451
0.326777 0.26338 0.409844
0.250259 0.749741 0
0.214203 0.785797 0
0.248302 0.425766 0.325932
0.58482 0.41518 0
0.367483 0.305608 0.326909
2.71186e-17 1 0
0.0710733 0.928927 0
