0.964322 0.0356785 0
0.405476 0.594524 0
0.486063 0.201115 0.312822
0.747381 0.252619 0
0.303222 0.234926 0.461852
0.0246512 0.181074 0.794275
0.533014 0 0.466986
0.268288 0.313929 0.417782
0.246577 0.753423 0
0.10375 0.264894 0.631356
0.783962 0.216038 0
0.184059 0.226697 0.589244
3.00264e-17 1.85459e-17 1
0.435282 0.302319 0.2624
0.0758179 0.0871968 0.836985
0.856551 0.143449 0
0.75 0 0.25
0.226994 0 0.773006
0.0413309 0.958669 0
0.223797 0.144495 0.631707
0.0680208 0.598272 0.333707
0.689622 0.0310104 0.279367
0.18783 0.472039 0.340131
0.37901 0.37099 0.25
0.071916 0.217456 0.710628
0.0587369 0.00813302 0.93313
0.233619 0.512775 0.253606
0.710728 0.289272 0
0 0.139889 0.860111
0.269733 0.421466 0.308801
0.0206016 0.687485 0.291914
0.206007 0.793993 0
0.125715 0 0.874285
0.444496 0.555504 0
0.0694444 0.344986 0.58557
0.605541 0.077094 0.317365
0.521885 0.478115 0
0.64674 0 0.35326
0.147762 0.43097 0.421269
0.340576 0.153379 0.506045
0.261057 0.0657648 0.673178
0 0.634098 0.365902
0.18741 0.0921804 0.720409
0.50846 0.24154 0.25
0.0134589 0.56238 0.424161
0.644755 0.105245 0.25
0.166441 0.583559 0.25
0.157537 0.0391483 0.803315
0.123871 0.876129 0
0.892747 0.107253 0
0.57411 0.168381 0.257509
0.412459 0.248458 0.339083
0.109249 0.132196 0.758555
0.263115 0.189104 0.547781
0.323008 0.348863 0.328129
9.96797e-17 1 0
0.0168986 0.307979 0.675123
0.673313 0.326687 0
0.326716 0.673284 0
0.635606 0.364394 0
0.305947 0.444053 0.25
0 0.253905 0.746095
0.495909 0.0772281 0.426863
0.140147 0.550202 0.309652
0 0.505118 0.494882
0.366563 0.633437 0
0.533782 0.118866 0.347352
0.0950097 0.65499 0.25
1.95394e-17 0.75 0.25
0.419426 0.112427 0.468147
0.379108 0.197535 0.423358
0.0685442 0.470139 0.461316
0 0.378922 0.621078
0.146166 0.307757 0.546077
0.229882 0.388073 0.382045
0.103301 0.391529 0.50517
0.303374 0.105854 0.590772
0.417743 0 0.582257
0.225336 0.270714 0.503951
0.380065 0.0733361 0.546598
1 0 0
0.483415 0.516585 0
0.464196 0.0236406 0.512164
0.286467 0.713533 0
0.0155317 0.434331 0.550137
0.0050856 0.0751058 0.919809
0.928556 0.0714439 0
0.347933 0.019104 0.632963
0.100346 0.514473 0.38518
0.560008 0.439992 0
0.147778 0.178341 0.673881
0.577031 0.0250039 0.397965
0.185595 0.350786 0.463618
0.0826992 0.917301 0
0.346578 0.280148 0.373273
0.164958 0.835042 0
0.820329 0.179671 0
0.297463 0 0.702537
0.453341 0.159181 0.387478
0.597904 0.402096 0
