0.623176 0.376824 0
0.11031 0 0.88969
0.186203 0.400456 0.413341
0.0727213 0.290828 0.63645
0.106732 0.327875 0.565392
0.511858 0.488142 0
0.0348186 0.0268704 0.938311
0.365279 0.634721 0
0.684021 0.0404496 0.27553
0.43809 0.134618 0.427292
0.46013 0 0.53987
0.0173031 0.581936 0.400761
0.596265 0.0442847 0.35945
0 0.75 0.25
0.39822 0.338813 0.262966
0 0.327575 0.672425
0.270015 0.350161 0.379824
0.292515 0.707485 0
0.0154405 0.380035 0.604524
0.231313 0.313425 0.455261
0.0805243 0.17527 0.744206
0.183258 0.816742 0
0.164854 0.528096 0.307049
0 0.453236 0.546764
0.139993 0.484844 0.375163
0.146739 0.853261 0
0.156134 0.237418 0.606448
0.0382866 0.684994 0.276719
0.255043 0.110121 0.634836
0.924195 0.0758047 0
0.438425 0.561575 0
0.149019 0.360898 0.490083
0.226947 0.188026 0.585028
0.0734848 0.926515 0
0.643509 0.106491 0.25
0.18794 0.56206 0.25
0.0249204 0.257908 0.717172
0.773096 0.226904 0
0.112288 0.637712 0.25
0.54876 0.45124 0
0.487649 0.0395904 0.472761
0.475136 0.524864 0
0.115863 0.213404 0.670733
0 1 0
0.501614 0.223671 0.274715
0.554098 0.128193 0.317708
1.42088e-18 0.102385 0.897615
0.562244 0 0.437756
0.0791678 0.068904 0.851928
0.224202 0.441863 0.333934
0.886341 0.113659 0
0.203996 0.071112 0.724892
0.585783 0.414217 0
0.401767 0.598233 0
0.0367932 0.963207 0
0.0718588 0.513645 0.414496
0.0656637 0.411819 0.522517
0.328897 0.671103 0
0.335457 0.0840663 0.580476
0.3496 0 0.6504
0.399903 0.0940812 0.506016
0.338019 0.411981 0.25
0.65852 0 0.34148
0.660479 0.339521 0
0.304104 0.385945 0.309951
0.219787 0.780213 0
0.462234 0.287766 0.25
0.191475 0.275516 0.533009
0.361107 0.302866 0.336028
0.110176 0.889824 0
0.474019 0.179631 0.34635
0.402745 0.227102 0.370153
0.286603 0.0289632 0.684433
0.573211 0.176789 0.25
0.848508 0.151492 0
0 0.526946 0.473054
0.0841253 0.588581 0.327294
5.39996e-17 5.70227e-17 1
0 0.649496 0.350504
0.75 0 0.25
0.516608 0.0889362 0.394456
0.357845 0.183517 0.458638
1 0 0
0.307253 0.152397 0.54035
0.170959 0.144563 0.684478
0.395391 0.0189787 0.58563
0.263607 0.486393 0.25
0.810711 0.189289 0
0.697951 0.302049 0
0.735544 0.264456 0
0.123669 0.10093 0.775401
0.0272317 0.146575 0.826193
0 0.214511 0.785489
0.0996862 0.444961 0.455352
0.962092 0.0379083 0
0.256196 0.743804 0
0.240641 0 0.759359
0.169513 0.0131332 0.817354
0.271526 0.230436 0.498039
0.316641 0.26644 0.416919
