0.426506 0.573494 0
0.300278 0.0671044 0.632617
0.186903 0.31957 0.493527
0.0182321 0.534823 0.446945
0.192476 0.807524 0
0.46968 0.0998066 0.430513
0.266812 0.148721 0.584466
0.226147 0.36146 0.412394
0.384642 0.0120714 0.603287
0.0651137 0.684886 0.25
0.0347355 0.287899 0.677365
0.0207526 0.410902 0.568345
0.106402 0.618844 0.274754
0.233051 0.100367 0.666582
0.387381 0.612619 0
0.582497 0.417503 0
0.227701 0.232994 0.539305
0.148557 0.405513 0.44593
0.00398357 0.669426 0.32659
0.549405 0.062299 0.388296
0.698075 0.301925 0
0.11522 0.88478 0
0.659683 0.340317 0
0.180272 0.569728 0.25
0.0745039 0.183104 0.742393
0.653407 0 0.346593
0.068671 0.575607 0.355722
0.925105 0.0748953 0
0.850125 0.149875 0
0.513101 0.14047 0.346429
0 0.604231 0.395769
1.76886e-17 0.75 0.25
0.634795 0.115205 0.25
0.22822 0.496625 0.275155
0.0800256 0.0655485 0.854426
0.453887 0 0.546113
0.263058 0.405418 0.331525
0.34684 0.229615 0.423545
1.02999e-17 1 0
0.504548 0.495452 0
0.071228 0.445638 0.483134
0.368465 0.381535 0.25
0.774416 0.225584 0
0.0767628 0.923237 0
0.307071 0.188472 0.504458
0.543605 0.456395 0
0.107822 0 0.892178
1 0 0
0.46568 0.53432 0
0.172243 0.00652815 0.821229
0.309158 0.690842 0
0.0339207 0.0267911 0.939288
0.0383269 0.961673 0
0.432073 0.310299 0.257627
0.295931 0.454069 0.25
0 0.266592 0.733408
0.189751 0.189444 0.620805
0.385579 0.145989 0.468432
0.962552 0.0374479 0
0.56244 0.176566 0.260994
0.34827 0.65173 0
0.510879 0.0127506 0.47637
0.621227 0.378773 0
0.270278 0.729722 0
0.153826 0.846174 0
0.421811 0.0679298 0.510259
0.339182 0.350713 0.310105
0.58133 0 0.41867
0.304039 0.313732 0.382229
0.231263 0.768737 0
0.201428 0.0631559 0.735416
0 0.482202 0.517798
0.502973 0.247027 0.25
0.150319 0.27565 0.574031
0.388157 0.268809 0.343035
0 0.363658 0.636342
0.0323299 0.141029 0.826641
0.247054 0 0.752946
0.266057 0.273944 0.459999
0.687134 0.0408814 0.271985
0.107489 0.364411 0.528101
0.887658 0.112342 0
0 0.204159 0.795841
0 0 1
0.467585 0.217874 0.314541
0.736403 0.263597 0
0.103427 0.491832 0.404741
0.345662 0.102166 0.552172
0.322528 0 0.677472
0.120351 0.0993075 0.780342
0.597474 0.0853023 0.317224
0.427992 0.182214 0.389794
0.812348 0.187652 0
0.11052 0.232497 0.656983
0 0.100683 0.899317
0.186395 0.449475 0.36413
0.75 0 0.25
0.145253 0.530473 0.324274
0.0757077 0.320984 0.603308
0.153048 0.146819 0.700133
