0.372156 0 0.627844
0.0592309 0.578875 0.361894
0.0288464 0.198279 0.772875
1.06038e-17 0.382042 0.617958
0.618758 0.381242 0
0.75 0 0.25
0.887 0.113 0
0.0908698 0.508793 0.400337
0.223038 0.256105 0.520857
0.0852674 0.914733 0
0.295466 0.704534 0
0.184572 0.341312 0.474116
0.962468 0.0375315 0
0.293224 0.456776 0.25
0.657896 0.342104 0
0.164522 0.194 0.641478
0.253964 0.746036 0
2.08167e-17 0.75 0.25
0.684987 0 0.315013
0.849012 0.150988 0
0.127767 0.872233 0
0.352198 0.143741 0.504061
0.385603 0.29803 0.316368
0.212245 0.787755 0
0.43411 0.220876 0.345014
0.223025 0.38184 0.395135
0.924868 0.0751316 0
0.0614157 0.688584 0.25
0.39712 0.065479 0.537401
0.478024 0.262198 0.259778
0.170231 0.829769 0
0 0.268032 0.731968
0.119435 0.153656 0.72691
0.515698 0.171405 0.312897
0.563318 0 0.436682
1.62005e-18 0.0583684 0.941632
0.183622 0 0.816378
0.810985 0.189015 0
0.143238 0.424685 0.432077
0.500171 0.499829 0
0.116352 0.266241 0.617407
0.734733 0.265267 0
0.540159 0.459841 0
0.439709 0 0.560291
0.169257 0.580743 0.25
0.696281 0.303719 0
0.0641717 0.469399 0.46643
0.307303 0.222282 0.470415
0.57291 0.0929832 0.334107
0.347733 0.260288 0.391979
0.31896 0.0979543 0.583085
0.419307 0.580693 0
1.8559e-17 0.668659 0.331341
0.0323035 0.0879396 0.879757
0.0800566 0 0.919943
4.42069e-18 0.159272 0.840728
0.071321 0.346437 0.582242
0.0108124 0.439528 0.54966
0.477482 0.139289 0.383229
0.179934 0.466049 0.354017
0.274446 0.0700252 0.655529
0.549309 0.200691 0.25
0.347678 0.386938 0.265384
0.523471 0.0662646 0.410265
0.393582 0.180912 0.425506
0.264774 0.300644 0.434582
0.308101 0.00601053 0.685888
4.60463e-18 5.09065e-17 1
0 1 0
0.0963548 0.624082 0.279564
0.609107 0.128567 0.262326
0.460001 0.539999 0
0.0426025 0.957397 0
0.772981 0.227019 0
0.259183 0.421887 0.318931
0.265419 0.185392 0.54919
0 0.514793 0.485207
0.0244885 0.312286 0.663226
0.579481 0.420519 0
0.439479 0.0990343 0.461487
1 0 0
0.378284 0.621716 0
0.102263 0.387098 0.510639
0.619037 0.0170933 0.36387
0.305764 0.342569 0.351667
0.200717 0.103488 0.695795
0.153141 0.295649 0.55121
0.490797 0.0149048 0.494298
0.67248 0.0775198 0.25
0.0785483 0.229501 0.691951
0.337236 0.662764 0
0.137143 0.541408 0.32145
0.223471 0.510209 0.26632
0.233792 0.151643 0.614565
0 0.591756 0.408244
0.249742 0 0.750258
0.116257 0.0315618 0.852181
0.417775 0.332225 0.25
0.160265 0.0701541 0.76958
0.0809956 0.114921 0.804084
