0.346671 0.269698 0.383631
0.364479 0 0.635521
0.0349503 0.0961565 0.868893
0.347087 0.652913 0
0.484896 0.0195145 0.495589
0.0584142 0.691586 0.25
0.698526 0.301474 0
0.435179 0 0.564821
0.02854 0.598758 0.372702
0.0403507 0.373379 0.586271
0.543291 0.456709 0
0.515727 0.0752483 0.409025
0.736943 0.263057 0
0.560666 0.114747 0.324587
0.648987 0.101013 0.25
0.220153 0.395497 0.38435
0.108996 0.0580401 0.832963
0.556097 0 0.443903
0.382884 0.307669 0.309447
0.239822 0.144507 0.615671
0.660122 0.339878 0
0.775017 0.224983 0
0.157304 0.592696 0.25
0.0878136 0.40308 0.509107
0.136073 0.322587 0.54134
0.393514 0.188878 0.417608
0.888278 0.111722 0
0 0.667475 0.332525
0.264039 0.314447 0.421513
0.118505 0.161797 0.719698
0.0761056 0.923894 0
0.308391 0.230529 0.461079
0.476746 0.153128 0.370127
0.0707264 0.246515 0.682758
0.166714 0.0770474 0.756238
0.138233 0 0.861767
0 0 1
0.812823 0.187177 0
0.425575 0.574425 0
0.23013 0.76987 0
0.0820923 0.514702 0.403206
0.395682 0.0669886 0.537329
0.114222 0.885778 0
0.272284 0.1882 0.539516
0.582462 0.417538 0
0.464879 0.535121 0
0.483954 0.266046 0.25
0.413891 0.336109 0.25
0.75 0 0.25
0.187675 0.2362 0.576125
0.386289 0.613711 0
0.504046 0.495954 0
1 0 0
0.30803 0.69197 0
0.0277078 0.210697 0.761595
0.437185 0.106354 0.456461
0.320213 0.0974488 0.582338
0.079368 0.129609 0.791023
0.172133 0.471925 0.355943
0.128172 0.437931 0.433896
0.117322 0.552477 0.330201
0.19709 0.51977 0.28314
0.0380205 0.961979 0
1.078e-18 0.170177 0.829823
0.224296 0.275286 0.500418
0 0.346847 0.653153
0.155772 0.196039 0.648189
0 0.75 0.25
0.0317003 0.485193 0.483106
0.621192 0.378808 0
0.962773 0.0372265 0
0 0.446908 0.553092
0.152713 0.847287 0
0.850622 0.149378 0
0.5966 0.0364252 0.366975
0.685313 0.0364666 0.27822
0.268971 0.731029 0
0.255611 0.494389 0.25
0.305557 0.354729 0.339714
0 0.0731513 0.926849
0.343681 0.406319 0.25
0.517421 0.197309 0.28527
0 0.556356 0.443644
0.433534 0.231418 0.335048
0 1 0
0.205814 0.00460695 0.789579
0.584563 0.165437 0.25
0.0656806 0.000699681 0.93362
0.292113 0.0470831 0.660804
0.208867 0.102913 0.68822
0.0858829 0.62832 0.285797
0.268848 0.431988 0.299164
0.270407 0 0.729593
0.353724 0.14761 0.498667
0.0977047 0.288134 0.614161
0.656989 0 0.343011
0.925518 0.074482 0
0.177649 0.358093 0.464258
0 0.279258 0.720742
0.191397 0.808603 0
