1.08425e-17 0.221853 0.778147
0.0814304 0.16971 0.74886
0.180819 0.543203 0.275978
0.0402544 0.959746 0
0.286255 0.238245 0.4755
0.404758 0.335495 0.259747
0.963439 0.0365606 0
0.704707 0.295293 0
0.330741 0.155859 0.513399
0 0.626905 0.373095
0.0759455 0.405504 0.518551
0.779712 0.220288 0
0.250673 0.499327 0.25
0.28561 0.117297 0.597093
0.149628 0.128738 0.721635
0.13792 0.61208 0.25
0.41748 0.112409 0.470111
0.367053 0 0.632947
0.431014 0 0.568986
0 0.441984 0.558016
0.129224 0.00685105 0.863925
0 0.121315 0.878685
0.174467 0.0596379 0.765895
0.549279 0.105362 0.345359
0.199765 0.162487 0.637748
0.273961 0 0.726039
0.437327 0.562673 0
0.0916864 0.0832112 0.825102
0.090807 0.583075 0.326118
0.241038 0.758962 0
0.190832 0.408404 0.400765
0.0787124 0.288347 0.632941
0.0690087 0.680991 0.25
0.853506 0.146494 0
0.0330963 0.153148 0.813756
0.201535 0.282506 0.51596
0.553218 0.446782 0
0.280459 0.719541 0
0.627762 0.0617809 0.310457
0.537333 0.212667 0.25
7.34275e-18 0.75 0.25
0.926889 0.0731111 0
8.23994e-18 1 0
0.398042 0.601958 0
0.20117 0 0.79883
0.597231 0.145421 0.257348
0.0804234 0.919577 0
0.0209988 0.0627469 0.916254
0.41742 0.236743 0.345838
0.245144 0.198992 0.555864
0.358811 0.641189 0
0.514633 0.485367 0
0.673325 0.0766753 0.25
0.469075 0.280925 0.25
0.120624 0.879376 0
0.75 0 0.25
0.374721 0.0749026 0.550376
0.0193518 0.668047 0.312601
0.816661 0.183339 0
0.219703 0.453532 0.326765
0.156785 0.365371 0.477843
0.116173 0.32661 0.557217
0.363853 0.312258 0.323889
0.232245 0.0843396 0.683415
0.117387 0.209007 0.673606
0.160854 0.839146 0
0.066226 0.532083 0.401691
0.309144 0.0408805 0.649975
0.143451 0.496668 0.359881
0 0 1
0.667413 0.332587 0
0 0.557826 0.442174
0.89027 0.10973 0
0.0219693 0.489966 0.488064
0.539254 0 0.460746
0.161612 0.243897 0.594491
0.240467 0.322772 0.436761
0.0257784 0.3723 0.601922
0.108131 0.450971 0.440898
0.20109 0.79891 0
0.325256 0.27762 0.397124
0.0300131 0.257437 0.71255
0.67269 0 0.32731
1 0 0
0.503818 0.073849 0.422332
0.476001 0.523999 0
0.596474 0.0115232 0.392003
0.276453 0.365011 0.358536
0.373118 0.196067 0.430815
0.742269 0.257731 0
0.319586 0.680414 0
0.629596 0.370404 0
0.293997 0.423222 0.28278
0 0.328719 0.671281
0.466706 0.0289439 0.50435
0.457736 0.152501 0.389763
0.350607 0.399393 0.25
0.499386 0.185911 0.314702
0.0684909 7.60402e-18 0.931509
0.591634 0.408366 0
