0.805727 0.194273 0
0.844868 0.155132 0
0.428004 0.173372 0.398624
0.384159 0.256416 0.359425
0.75 0 0.25
9.07643e-18 0.545442 0.454558
0.474904 0.0919616 0.433135
0.607991 0.392009 0
0.248319 0.501681 0.25
0.422977 0.0669951 0.510027
0.388968 0.361032 0.25
0.285541 0.714459 0
0.284389 0.404847 0.310764
0 0.75 0.25
0.343588 0.220603 0.43581
0.326211 0.673789 0
0.0532679 0.320516 0.626216
0.218668 0.235144 0.546188
0.0619135 0.198499 0.739587
0.159731 0.590269 0.25
0 0.0806008 0.919399
0.112309 0.358713 0.528979
0 0.298759 0.701241
0.138888 0.15827 0.702842
0.512702 0.0190292 0.468269
0.220435 0.111707 0.667859
0 0.231204 0.768796
0.385041 0.14117 0.473789
0.0581195 0.515143 0.426737
0.575 0 0.425
0.244811 0.755189 0
0.671474 0.0707515 0.257775
0.488072 0.511928 0
0.922719 0.0772814 0
0.0796922 0.568112 0.352195
0.173916 0.526804 0.29928
0.343179 0.103356 0.553465
0.203976 0.796024 0
0.301505 0.186216 0.51228
0.447755 0.552245 0
0.299119 0.07188 0.629001
0.466201 0.209075 0.324723
0.727008 0.272992 0
0.33372 0 0.66628
0.883874 0.116126 0
0.647841 0.352159 0
0.615945 0.0235067 0.360548
0.528096 0.471904 0
0.144064 0.0333202 0.822616
0.514129 0.123314 0.362558
0.294199 0.300724 0.405077
0.684023 0 0.315977
0.0635792 0.686421 0.25
0.217082 0 0.782918
0.458842 0 0.541158
0.0942926 0.121039 0.784668
0.208343 0.448578 0.34308
0.387818 0.0153778 0.596804
0.240464 0.369502 0.390034
0.614157 0.135843 0.25
0.0925035 0.243647 0.663849
0.260563 0.269468 0.469968
0.112895 0 0.887105
0.766397 0.233603 0
0.131709 0.482949 0.385342
0 1 0
0.568212 0.431788 0
0.04075 0.95925 0
0 0.615592 0.384408
0.162425 0.401694 0.435881
0.0815143 0.918486 0
0.0396435 0.402582 0.557775
0.687485 0.312515 0
0.263619 0.022768 0.713613
0.176792 0.197555 0.625653
0.258745 0.152287 0.588967
0.139047 0.281002 0.57995
0.583225 0.091554 0.325221
0 0 1
0.407358 0.592642 0
1 0 0
0 0.475295 0.524705
0.122303 0.877697 0
0.429935 0.294227 0.275838
0.961365 0.0386355 0
0.366834 0.633166 0
0.0534748 0.0892567 0.857269
0.337235 0.332913 0.329852
0.00848717 0.669591 0.321922
0 0.383193 0.616807
0.54734 0.178222 0.274437
0.500965 0.249035 0.25
0.0484024 0.0161156 0.935482
0.177778 0.0779653 0.744257
0.189141 0.321701 0.489158
0.084941 0.439107 0.475952
0.16314 0.83686 0
0.0986594 0.617776 0.283564
0.318648 0.431352 0.25
0 0.163635 0.836365
