0.184566 0.328956 0.486478
0.0940163 0.258596 0.647388
0.296325 0.349696 0.353978
0.924623 0.0753771 0
0.849132 0.150868 0
0.219077 0.37706 0.403863
0.0916598 0.626721 0.28162
1.47187e-17 0.311668 0.688332
0.065864 0.462732 0.471404
0.0886857 0.510265 0.40105
0.391479 0.608521 0
0.164381 0.585618 0.250001
0.688822 0.0276998 0.283478
0.124738 0.54797 0.327292
0.176904 0.10272 0.720376
0 0.395895 0.604105
0.545829 0.454171 0
2.33966e-17 0.495424 0.504576
0.196289 0.803711 0
0.647062 0.102938 0.25
0.208372 0.51503 0.276598
0.532556 0.217443 0.250001
0.7358 0.2642 0
8.23627e-18 0.174403 0.825597
0.274624 0.725376 0
0.575357 0.151623 0.27302
0.449327 0.0267641 0.523909
0.603356 0.0716078 0.325036
0.406279 0 0.593721
2.6699e-17 0.565353 0.434647
0.336018 0.0291065 0.634875
0.173084 0.465537 0.361378
4.10956e-18 0.0870201 0.91298
0.0365848 0.597279 0.366136
0.235548 0.764452 0
4.72254e-17 1 0
0.0391886 0.960811 0
0.0528472 0.333335 0.613818
0.342366 0.407634 0.25
0.131656 0.0666178 0.801726
0 0.667786 0.332214
0.583994 0.416006 0
0.0784101 0.92159 0
0.312235 0.177935 0.509831
0.698031 0.301969 0
0.140846 0.293402 0.565752
0.48917 0.19175 0.31908
0.520342 0 0.479658
0.641388 0 0.358612
0.352588 0.647412 0
0.962323 0.0376775 0
0.175763 0 0.824237
0.06096 0.215372 0.723668
0.255904 0.0747042 0.669391
0.294478 0 0.705522
0.443591 0.156756 0.399653
0 0.749999 0.250001
0.401099 0.118803 0.480097
0.660068 0.339932 0
0.141221 0.418118 0.440661
0.107041 0 0.892959
0.749999 0 0.250001
0.156972 0.843028 0
0.0499387 0.100543 0.849518
0.507417 0.492583 0
0.430265 0.569735 0
0.223579 0.0197377 0.756684
0.621953 0.378047 0
0.364422 0.08303 0.552548
0.313571 0.686429 0
0.138568 0.17876 0.682672
0.275349 0.47465 0.250001
0.262348 0.287865 0.449787
0.369331 0.31071 0.319959
0.401557 0.34314 0.255303
0.0598415 0.690158 0.250001
1 0 0
0.0423948 0.0223049 0.9353
0.117665 0.882335 0
0.811382 0.188618 0
0.0895818 0.142457 0.767961
0.182197 0.216386 0.601417
0.329937 0.267343 0.402721
0.412999 0.236989 0.350012
0.104633 0.373151 0.522216
0.483225 0.0763472 0.440428
0.288916 0.125405 0.585679
0.0309339 0.421503 0.547563
0.569889 0.0205233 0.409588
0.469006 0.530994 0
3.88934e-17 1.66178e-17 1
0.220031 0.150172 0.629798
0.359362 0.201183 0.439455
0.232703 0.236757 0.53054
1.14657e-17 0.242786 0.757214
0.527821 0.111077 0.361103
0.7736 0.2264 0
0.252192 0.427244 0.320564
0.466191 0.283809 0.25
0.886923 0.113077 0
