0.11721 0.309561 0.573229
0.847439 0.152561 0
0.268938 0.731062 0
0.770852 0.229148 0
0.197114 0.37843 0.424456
1 0 0
0.228606 0.521393 0.25
0.149952 0.453306 0.396742
0.385038 0.614962 0
0.230372 0.769628 0
0.551482 0.0930674 0.355451
0.466637 0.137638 0.395725
0.0593195 0.224862 0.715818
0.448234 0.0316109 0.520155
0.211847 0.149968 0.638186
0.167243 0 0.832757
0.00590925 0.523783 0.470308
0.00578226 0.326714 0.667504
0.422435 0.106286 0.471279
0.62645 0.0415067 0.332043
0.0374518 0.689689 0.272859
0.0690095 0.60654 0.32445
0.306548 0.355095 0.338356
0.0831121 0.276639 0.640249
0.50641 0.174165 0.319425
0.29496 0.230284 0.474756
0.189465 0.487618 0.322917
0.346275 0.653725 0
0.336549 0.0220319 0.64142
0.596617 0.133207 0.270175
0.518629 0.0498055 0.431565
5.55112e-17 1 0
4.29675e-19 0.46545 0.53455
0.157581 0.344495 0.497924
0.132739 0.187561 0.679701
0.0699064 0.493762 0.436332
0.405259 0 0.594741
0.809195 0.190805 0
0.690896 0 0.309104
0.38082 0.188004 0.431176
0.75 0 0.25
0.254217 0.309169 0.436614
0.114824 0.885176 0
0.0961529 0 0.903847
0.506012 0 0.493988
0 0.114155 0.885845
0.57879 0.42121 0
0.109548 0.640452 0.25
0.88564 0.11436 0
0.462715 0.537285 0
0.0885851 0.146101 0.765314
0.337725 0.269774 0.392501
0.961898 0.0381021 0
0.381012 0.305016 0.313972
0.209172 0.269703 0.521125
0.219115 0.0178873 0.762998
0.423891 0.576109 0
0.15323 0.84677 0
0.923799 0.0762009 0
0.0222887 0.040421 0.93729
0.544866 0.205134 0.25
0.0635314 0.0885979 0.847871
0.168714 0.230377 0.600909
0.191746 0.808254 0
0 0.259255 0.740745
0.0764531 0.923547 0
0.157051 0.571715 0.271234
0.0381819 0.961818 0
0.103822 0.535672 0.360505
0.595105 0 0.404895
0.540115 0.459885 0
0.666285 0.0837147 0.25
0.370572 0.0751685 0.554259
0.6943 0.3057 0
0.425352 0.224572 0.350076
0.732515 0.267485 0
0 0.75 0.25
0.288628 0 0.711372
0.101803 0.420282 0.477916
0.472875 0.264051 0.263074
0.293741 0.108794 0.597465
0.307522 0.692478 0
0 0.395918 0.604082
0.655855 0.344145 0
0.335986 0.151117 0.512897
0 0.655185 0.344815
0.25304 0.189979 0.556981
0.617301 0.382699 0
0.00189005 0.185529 0.812581
0.501497 0.498503 0
0.343405 0.406595 0.25
3.77212e-17 1.77899e-17 1
0.237604 0.404557 0.35784
0.276407 0.449012 0.274581
0.0670181 0.377741 0.555241
0.250983 0.0721305 0.676886
0.415456 0.334543 0.25
0.172211 0.105291 0.722498
0.13331 0.0649 0.80179
0 0.588002 0.411998
