0.339 0.0704119 0.590588
0.456637 0.077691 0.465672
0.660981 0.339019 0
0.209058 0.463832 0.32711
0.344205 0.183786 0.472009
0.226436 0.28677 0.486794
0.247184 0.390796 0.36202
0.0341203 0.259355 0.706525
0.203415 0.796585 0
0.299104 0.144485 0.556411
0.460399 0.202576 0.337026
0.180109 0.540085 0.279806
0.144558 0.323447 0.531996
0.425866 0.0200511 0.554083
0.0811481 0.918852 0
0.49494 0 0.50506
1.71717e-17 0.326367 0.673633
0.591434 0 0.408566
0.368376 0.631624 0
0.304792 0.0213367 0.673871
0.0893899 0.290192 0.620418
0.531588 0.0395713 0.428841
0.50658 0.24342 0.25
0.162953 0 0.837047
0.363723 0.386277 0.25
0.12508 0.21816 0.65676
0.618919 0.381081 0
0.0358975 0.544098 0.420004
0.830212 0.169788 0
0.189867 0.035755 0.774378
0.703195 0.296805 0
0.957492 0.0425083 0
0 0 1
2.67755e-17 0.508898 0.491102
5.63297e-18 0.608588 0.391412
0.609675 0.140325 0.25
0.162032 0.429402 0.408566
0.0475878 0.634494 0.317918
0.688432 0 0.311568
3.66656e-18 0.396137 0.603863
0.0797403 0.469555 0.450704
0.499732 0.122912 0.377356
0.1103 0.397315 0.492385
0.0237436 0.441527 0.534729
1.01187e-18 0.109323 0.890677
0.121754 0.878246 0
0.326794 0.673206 0
0.915012 0.084988 0
0.285673 0.714327 0
0.420562 0.156368 0.42307
0.379377 0.237425 0.383198
0.279048 0.317944 0.403008
0.382058 0.106376 0.511566
0.244544 0.755456 0
0.0950474 0 0.904953
0.261227 0.216355 0.522419
0.0774832 0.672517 0.25
5.26147e-17 1 0
1.16601e-17 0.221612 0.778388
0.127454 0.502857 0.369689
0.451424 0.548576 0
0.165072 0.144358 0.690569
0.309736 0.255662 0.434602
0.576922 0.423078 0
0.0760974 0.0681808 0.855722
0.540615 0.175417 0.283967
0.260282 0 0.739718
0.145373 0.604627 0.25
0.0819873 0.179369 0.738644
0.493056 0.506944 0
0.0655357 0.360217 0.574247
0.252214 0.497786 0.25
0.162401 0.837599 0
0.670758 0.0748189 0.254423
6.94184e-18 0.75 0.25
0.212947 0.0766803 0.710373
0.75 0 0.25
0.534965 0.465035 0
0.33195 0.337922 0.330127
1 0 0
0.0233319 0.0376155 0.939053
0.257158 0.104859 0.637983
0.0266295 0.151888 0.821482
0.194837 0.358035 0.447128
0.575356 0.0986457 0.325998
0.872568 0.127432 0
0.040462 0.959538 0
0.621112 0.0312151 0.347673
0.745488 0.254512 0
0.0929434 0.570012 0.337045
0 0.693529 0.306471
0.213373 0.178905 0.607722
0.787831 0.212169 0
0.117076 0.100707 0.782217
0.435114 0.314886 0.25
0.409795 0.590205 0
0.375812 0 0.624188
0.295599 0.427531 0.27687
0.408588 0.281978 0.309434
0.175872 0.251625 0.572503
