0.412922 0.587078 0
0.536026 0.463974 0
0.0361625 0.0821091 0.881728
0.592618 0.0814315 0.325951
0.303976 0.446024 0.25
0.618844 0.381156 0
0.651273 0 0.348727
0.400413 0.284572 0.315016
0.0823449 0.667655 0.25
0.124883 0.875117 0
0.106631 0.497691 0.395679
0.914406 0.0855942 0
0.75 0 0.25
0.0318069 0.291639 0.676555
0.164701 0.585299 0.25
0.081052 0 0.918948
0.364538 0.123537 0.511926
0.201162 0.210094 0.588745
0.577194 0.422806 0
0.121713 0.0306381 0.847649
0.432494 0.317506 0.25
0.238509 0.131837 0.629654
0.299512 0 0.700488
0.182748 0 0.817252
1.59101e-17 0.551471 0.448529
1 0 0
0.00599853 0.60758 0.386421
0.95707 0.04293 0
0.539302 0 0.460698
0.786582 0.213418 0
0.0882094 0.102133 0.809657
0.582568 0.0224787 0.394953
2.99127e-18 0.0565683 0.943432
0.249018 0.750982 0
0.494555 0.247331 0.258114
1.23839e-17 0.429246 0.570754
0.453949 0.546051 0
0.159636 0.413927 0.426437
0 0.75 0.25
0 0 1
0.193571 0.460126 0.346303
0.744362 0.255638 0
0.0622078 0.635284 0.302508
0.283102 0.167092 0.549805
0.203716 0.329054 0.46723
4.36974e-18 0.151462 0.848538
0.331195 0.668805 0
0.119337 0.249956 0.630707
0.686456 0.0372835 0.27626
0.123904 0.128969 0.747127
0.324451 0.205788 0.469762
0.640299 0.109701 0.25
0.166324 0.833676 0
5.55112e-17 1 0
1.34372e-17 0.254113 0.745887
0.487257 0.129814 0.382928
0.494847 0.505153 0
0.405451 0.03569 0.558859
0.362455 0.375668 0.261878
0.513293 0.0653055 0.421402
0.271418 0.413711 0.314871
0.243732 0.248072 0.508196
0.160985 0.169895 0.66912
0.702582 0.297418 0
0.371481 0 0.628519
0.207586 0.792414 0
0.290077 0.709923 0
0.23367 0.509913 0.256417
0.323948 0.0854369 0.590615
0.23837 0.372353 0.389277
0.227547 0.016946 0.755507
0.533245 0.156245 0.31051
0.56669 0.18331 0.25
0.081203 0.211046 0.707751
0.283476 0.289019 0.427505
0.00963028 0.489732 0.500637
3.76805e-17 0.678791 0.321209
0.0772338 0.570016 0.35275
1.03381e-17 0.358338 0.641662
0.321293 0.332039 0.346669
0.0832972 0.916703 0
0.0416795 0.95832 0
0.274281 0.0599757 0.665743
0.194791 0.0885337 0.716675
0.406188 0.165724 0.428088
0.660506 0.339494 0
0.0800051 0.453703 0.466292
0.363557 0.246218 0.390225
0.0325714 0.184061 0.783368
0.82902 0.17098 0
0.127347 0.367219 0.505434
0.440971 0.0851545 0.473875
0.0823256 0.32535 0.592325
0.162756 0.288472 0.548771
0.448871 0.207593 0.343536
0.372061 0.627939 0
0.146695 0.53797 0.315335
0.472308 0 0.527692
0.871578 0.128422 0
0.0575011 0.398906 0.543593
