0 0.309121 0.690879
0.0660517 0.409412 0.524537
0.100767 0 0.899233
1 0 0
0.0273492 0.0326505 0.94
0.262808 0.154855 0.582336
0.184952 0.416252 0.398796
0.0679106 0.531996 0.400093
0.190766 0.538595 0.270639
0.545908 0 0.454092
0.222778 0.228167 0.549055
0.243021 0.756979 0
0.459835 0.290165 0.25
0.101608 0.578063 0.320329
0.0670899 0.0768124 0.856098
0.75 0 0.25
0.162702 0.837298 0
0.27099 0.260828 0.468182
0.360222 0.21997 0.419808
0.963974 0.0360256 0
0.491592 0.0935337 0.414874
0.273007 0 0.726993
0.229416 0.338064 0.43252
0.81938 0.18062 0
0.445611 0.0669271 0.487462
0.927945 0.0720549 0
0.52801 0.136598 0.335391
0.283423 0.716577 0
0.496119 0.220949 0.282933
0.0750227 0.670183 0.254794
0.181811 0.0725413 0.745648
0 0 1
0.316548 0.418462 0.264991
0.315595 0.295794 0.388611
0.0184395 0.359313 0.622247
0.402743 0.0309022 0.566355
0.0627728 0.200276 0.736951
0.38741 0.36259 0.25
0.140546 0.156593 0.70286
0.0967719 0.335427 0.567801
0 0.75 0.25
0.143857 0.0278551 0.828288
0.122241 0.877759 0
0.0407159 0.959284 0
0 0.236428 0.763572
0.402434 0.143483 0.454084
0.20878 0 0.79122
0.475718 0 0.524282
0.572775 0.0453089 0.381916
0.178006 0.191558 0.630436
2.52488e-18 0.106079 0.893921
0.684459 0.0217972 0.293743
0.441895 0.558105 0
0 0.685354 0.314646
0.272969 0.37613 0.350901
0.448371 0.178646 0.372983
0.323386 0.676614 0
0.356603 0.330113 0.313285
0.709134 0.290866 0
0.0999193 0.456408 0.443673
0.402602 0.597398 0
0.481019 0.518981 0
0.0108657 0.165085 0.824049
0.133522 0.269439 0.597039
0.782865 0.217135 0
0.373142 0 0.626858
0.299731 0.086845 0.613424
0.183349 0.301852 0.514799
0.596338 0.403662 0
0.0814759 0.918524 0
0.519374 0.480626 0
0.0835198 0.250118 0.666362
0.855839 0.144161 0
0.146811 0.496656 0.356533
0.557795 0.442205 0
0.142962 0.607038 0.25
0.313068 0.185243 0.501688
0.662624 0.0873762 0.25
0.363351 0.636649 0
0.407802 0.25559 0.336608
0.202978 0.797022 0
0.568111 0.181889 0.25
0.00872236 0.497864 0.493414
0.745947 0.254053 0
0.891915 0.108085 0
5.55112e-17 1 0
0.225873 0.104305 0.669822
0.144202 0.375903 0.479895
0.634098 0.365902 0
0.226629 0.452788 0.320583
0.67162 0.32838 0
0.0223432 0.620125 0.357532
0.640664 0 0.359336
3.16071e-17 0.569383 0.430617
0.355905 0.109083 0.535013
0.261522 0.488478 0.25
0.310854 0.0244166 0.664729
0.602124 0.103084 0.294792
0.100037 0.11761 0.782353
0 0.432889 0.567111
