0.921872 0.0781281 0
0.495578 0.504422 0
0.0305742 0.263451 0.705975
0.649615 0.350385 0
0.329915 0.310886 0.359199
0.0833262 0.298248 0.618425
0.0729737 0.543144 0.383882
0.573175 0.176825 0.25
0.163545 0.501562 0.334892
0.215503 0.534497 0.25
0.727186 0.272814 0
0.533999 0.466001 0
0.80489 0.19511 0
0.235815 0 0.764185
0.287811 0.146542 0.565647
0.572522 0.427478 0
0.227191 0.772809 0
0 0.593275 0.406725
0.380184 0.619816 0
0.372384 0.105953 0.521663
0.303474 0.696526 0
0.0316041 0.0299232 0.938473
0.0689688 0.681031 0.25
0.455423 0.195979 0.348598
0.251714 0.468114 0.280172
0.118613 0.10352 0.777867
0.247527 0.101481 0.650992
0.120554 0.573436 0.30601
0.0377365 0.962264 0
0.409171 0.271113 0.319716
0.533761 0.0539732 0.412266
0.84382 0.15618 0
0.457097 0.542903 0
0.12983 0.340774 0.529396
0.412261 0.152642 0.435097
0.765995 0.234005 0
0.189099 0.810901 0
0 0.22214 0.77786
0.640157 0 0.359843
0.44242 0.30758 0.25
0.372248 0.356934 0.270818
0.685777 0.0286515 0.285572
0.688329 0.311671 0
0.142218 0.607782 0.25
0.32749 0.069773 0.602737
0.265362 0.734638 0
0.33033 0.187021 0.482649
0.494169 0.119908 0.385923
0.592068 0.0755377 0.332394
0.10723 0 0.89277
0 0.403194 0.596806
0.200358 0.0685543 0.731088
0.289405 0.267182 0.443413
0.16214 0.14455 0.693309
0.3706 0.23009 0.39931
0.0587607 0.372655 0.568584
0.416164 0.0193468 0.564489
0.207903 0.304315 0.487782
0.247637 0.225152 0.527211
0.341769 0.658231 0
0.882838 0.117162 0
1 0 0
0.75 0 0.25
0 0.105545 0.894455
0.0245014 0.152622 0.822877
0.501134 0.237637 0.261229
0.451646 0.0750995 0.473254
0.960942 0.0390576 0
0.611062 0.388938 0
0.539497 0.148994 0.311508
0.485913 0 0.514087
0.646867 0.103133 0.25
0.292238 0.0144131 0.693349
0.119876 0.222886 0.657238
5.52237e-17 2.87469e-19 1
0.203379 0.427811 0.36881
0.164032 0.387031 0.448937
0.1512 0.8488 0
0 1 0
0 0.33079 0.66921
0.563081 0 0.436919
0.24638 0.346987 0.406632
0.363797 0 0.636203
0.28577 0.387757 0.326473
0.164765 0.014194 0.821041
0.0795621 0.181968 0.738469
0 0.526544 0.473456
0.0543978 0.625766 0.319836
0.0753216 0.924678 0
0.113222 0.886778 0
0.165546 0.261844 0.572609
0.323422 0.426578 0.25
0.418642 0.581358 0
0 0.671657 0.328343
0.0108291 0.464057 0.525114
0.205327 0.183069 0.611603
0.112187 0.470386 0.417427
0.0765389 0.0708849 0.852576
0 0.75 0.25
0.0827219 0.427928 0.48935
