0.423833 0.107782 0.468385
0.341623 0.152334 0.506043
0.301014 0.448986 0.25
0.0894671 0.516732 0.3938
0.0345271 0.0259348 0.939538
0.2526 0.303908 0.443492
0.49404 0.0883517 0.417608
0.132797 0.435803 0.4314
0.222696 0.777304 0
0.685901 0.0640992 0.25
0.185389 0.814611 0
0.0230603 0.686981 0.289959
0.221107 0.156439 0.622454
0.29407 0 0.70593
0.297649 0.702351 0
0.524617 0.475383 0
0.486797 0.513203 0
0 0.201551 0.798449
0.0382092 0.488278 0.473512
0.598121 0 0.401879
0.820726 0.179274 0
0.103143 0.277213 0.619644
0.260356 0.420139 0.319505
0.0826477 0.0616832 0.855669
3.11471e-17 0.561097 0.438903
1.46367e-17 0.75 0.25
0.0736632 0.926337 0
0.303187 0.110288 0.586525
0.147364 0.313868 0.538768
0.133218 0.0832181 0.783564
0.575895 0.174105 0.25
0.449096 0.550904 0
0.89259 0.10741 0
0.619335 0.1006 0.280065
0.529972 0.139353 0.330675
0.574588 0.0643954 0.361017
2.54517e-17 0.458498 0.541502
0.379632 0.194682 0.425685
0.0925214 0.160964 0.746515
0.289238 0.234473 0.476289
0.391578 0.28137 0.327051
0.964224 0.0357763 0
0.228683 0.509044 0.262274
0.0640451 0.597409 0.338546
0.188386 0.242671 0.568944
0.448126 0.171851 0.380023
0.373385 0.626615 0
0.341186 0.262019 0.396795
0.384492 0.0699452 0.545562
0.108422 0 0.891578
0.499391 0.250609 0.25
0.669791 7.43617e-17 0.330209
0.0360574 0.135695 0.828248
0.422861 0.327139 0.25
0.0369368 0.963063 0
0.637158 0.362842 0
0.335503 0.664497 0
0.352106 0.376598 0.271295
0.181738 0 0.818262
1.23976e-17 0.635263 0.364737
0.148109 0.851891 0
0.260087 0.739913 0
0.178538 0.471266 0.350196
0.562309 0.437691 0
0.471528 0.220563 0.307909
0.710958 0.289042 0
0.170172 0.579828 0.25
5.55112e-17 1 0
0 0.0998081 0.900192
0.111178 0.888822 0
0 0.270431 0.729569
0.747705 0.252295 0
0.136753 0.549647 0.3136
0.21776 0.386187 0.396053
0.143936 0.197154 0.65891
0.0919704 0.402985 0.505045
0.526209 0.016437 0.457354
2.15968e-17 0.389053 0.610947
0.0660838 0.357595 0.576321
0.303112 0.340354 0.356534
0.0181069 0.320136 0.661757
0.928487 0.071513 0
0.478524 0 0.521476
0.856739 0.143261 0
0.0654331 0.234027 0.70054
0.784414 0.215586 0
0.674399 0.325601 0
0.257884 0.0759182 0.666198
0.178394 0.11558 0.706026
0 0 1
0.410134 0 0.589866
0.342157 0.0232186 0.634625
0.259055 0.197547 0.543398
0.222403 0.0273027 0.750295
0.75 0 0.25
1 0 0
0.0977336 0.652266 0.25
0.599838 0.400162 0
0.180075 0.346484 0.473441
0.411181 0.588819 0
