0.0247484 0.439482 0.53577
0.431994 0.251312 0.316694
0 0.279102 0.720898
0.306533 0.254349 0.439118
0.170494 0.192959 0.636547
0.20766 0.473574 0.318766
0.887741 0.112259 0
0.294937 0.705063 0
0.450524 0 0.549476
0.813062 0.186938 0
0.329884 0.37487 0.295246
0.110877 0.889123 0
0.0807373 0.353513 0.56575
0.690983 0.0590167 0.25
0.96251 0.0374895 0
0.170597 0.420968 0.408435
0.399977 0.350023 0.25
0.55298 0.44702 0
0.470095 0.279905 0.25
0.0699783 0.608903 0.321119
0.358372 0 0.641628
0.442137 0.557863 0
0.135636 0.149864 0.7145
0.587703 0.162297 0.25
0.213444 0.00566637 0.78089
0 1 0
0.357221 0.167536 0.475243
0.738529 0.261471 0
0.177007 0.0703313 0.752662
0.0688659 0.0715058 0.859628
0.058669 0.179792 0.761539
0.0772008 0.471104 0.451695
0.627099 0.372901 0
0.0284142 0.68996 0.281626
0.132042 0.49171 0.376248
0.250712 0.398797 0.350491
0.20811 0.240661 0.551229
0.590016 0.409984 0
1 0 0
0.22133 0.77867 0
0.249317 0.153857 0.596825
0.552024 0.122176 0.3258
0.154364 0 0.845636
0.701289 0.298711 0
0.85035 0.14965 0
0.276791 0.212344 0.510865
0.0370067 0.962993 0
0.331692 0.668308 0
0.0117897 0.0502263 0.937984
0.27823 0 0.72177
0.0739301 0.92607 0
0.372351 0.043047 0.584602
0.405277 0.594723 0
0 0.75 0.25
0.628414 0.0894813 0.282105
0.121344 0.275377 0.603279
0.1204 0.391618 0.487983
0.775684 0.224316 0
0 0.511986 0.488014
0.358675 0.294554 0.346771
0.560142 0 0.439858
0.75 0 0.25
0.102931 0.54617 0.350899
0.0284906 0.320819 0.65069
0.489066 0.030402 0.480532
0.0165443 0.567334 0.416122
0.516004 0.483996 0
0 0.640574 0.359426
0.668082 0 0.331918
0.162694 0.570743 0.266563
0.218977 0.102255 0.678769
0.599834 0.0319493 0.368216
0.440035 0.124366 0.4356
0.304039 0.445961 0.25
0 0.125056 0.874944
0.147697 0.852303 0
0.0976685 0.105419 0.796913
0.184541 0.815459 0
0.664171 0.335829 0
0.474747 0.169559 0.355693
0.517519 0.0819874 0.400494
0 0 1
0.925083 0.0749166 0
0 0.393265 0.606735
0.479069 0.520931 0
0.213203 0.339092 0.447705
0.084377 0.233941 0.681682
0.405499 0.0841723 0.510329
0.293987 0.0600895 0.645924
0.169713 0.310159 0.520128
0.282959 0.322611 0.39443
0.258147 0.741853 0
0.51875 0.210465 0.270785
0.086601 0 0.913399
0.323029 0.121302 0.55567
0.368403 0.631597 0
0.232889 0.517111 0.25
0.391961 0.210848 0.397191
0.106217 0.643783 0.25
0 0.201859 0.798141
