0.63007 0 0.36993
0.601485 0.122429 0.276085
0.133737 0.556305 0.309958
0.371399 0.078552 0.550049
0.525012 0.138206 0.336782
0 0 1
0.0401419 0.959858 0
2.40647e-17 0.749999 0.250001
0.451988 0.0308836 0.517128
0.749999 0 0.250001
0.962958 0.0370421 0
0.409831 0 0.590169
0.0864759 0.290498 0.623026
0.0950184 0.176119 0.728863
0.333026 0.16193 0.505044
0.213206 0.286791 0.500003
0.519136 0 0.480864
0.435392 0.564608 0
0.0674916 0.137068 0.79544
0.0620886 0.601102 0.336809
0.411869 0.121409 0.466722
0.414251 0.252234 0.333515
0.10997 0.06058 0.82945
0.294959 0.245802 0.459239
0.318171 0.681829 0
0.154917 0.0865043 0.758579
0.216542 0.1617 0.621758
0.851785 0.148215 0
0.55934 0.190659 0.250001
0.17271 0.246409 0.580881
0 0.63347 0.36653
0.132307 0.209761 0.657932
0.39639 0.60361 0
0.239229 0.760771 0
0.664836 0.335164 0
0.0838262 0.524733 0.391441
0.0229102 0.490782 0.486308
2.81265e-17 1 0
0.559801 0.0269601 0.413239
0.702371 0.297629 0
0.338463 0.289105 0.372432
0.288686 0 0.711314
0.384607 0.336201 0.279192
0.141078 0.451938 0.406984
0.0930517 0.656947 0.250001
0.474123 0.525877 0
0.0190211 0.688416 0.292563
1 0 0
0.235185 0.514815 0.250001
0.039242 0.260013 0.700745
0.339823 0.0216165 0.63856
0.55084 0.44916 0
0.512553 0.487447 0
5.25933e-18 0.163912 0.836088
0.777217 0.222783 0
0 0.232606 0.767394
0.278735 0.721265 0
0.0802001 0.9198 0
0.222503 0.407556 0.369941
0.182338 0.485243 0.332419
0.301828 0.367031 0.33114
0.684902 0.0153743 0.299724
0.627059 0.372941 0
0.270729 0.448071 0.2812
0.888814 0.111186 0
0.357242 0.642758 0
0.199657 0.800343 0
1.79574e-17 0.559659 0.440341
0.0761538 0.398352 0.525494
0.492391 0.223109 0.2845
0.664031 0.0859681 0.250001
0.120142 0.879858 0
0.92591 0.0740904 0
0.739972 0.260028 0
0.257943 0.326599 0.415458
0.104482 0.429033 0.466485
0.128008 0.327184 0.544808
1.24504e-17 0.442656 0.557344
0.589133 0.410867 0
0.25543 0.0722378 0.672332
0.177649 0.367396 0.454956
0.373739 0.206106 0.420155
0.295249 0.114149 0.590601
0.486365 0.0862006 0.427434
0.160045 0.839955 0
0.182869 0.121221 0.69591
0.21657 0.00804164 0.775388
0.030268 0.0933939 0.876338
0.153021 0 0.846979
1.92867e-18 0.0601088 0.939891
0.0284326 0.370802 0.600765
0.584495 0.0717628 0.343742
0.45099 0.171131 0.377879
1.06397e-17 0.331598 0.668402
0.164098 0.585901 0.250001
0.814455 0.185545 0
0.454598 0.295401 0.250001
0.343013 0.406986 0.250001
0.254904 0.202682 0.542414
0.0796576 0 0.920342
