1.82585e-18 0.643923 0.356077
0.515379 0.213049 0.271572
0.584576 0.165424 0.25
0.0997207 0.408394 0.491885
0.502637 0.497363 0
0.848604 0.151396 0
0.0637463 0.259616 0.676637
0.345412 0.404588 0.25
0.191044 0.1253 0.683656
0.541637 0.458363 0
0.269181 0.730819 0
0.350389 0.29028 0.359332
0.924501 0.0754995 0
0.0170515 0.57265 0.410299
0.268479 0.205753 0.525768
0.308797 0.247668 0.443536
0.494071 0 0.505929
0.619245 0.380755 0
0.15617 0.572495 0.271335
0.114799 0.885201 0
0.0104369 0.230221 0.759342
0.191762 0.808238 0
1.08378e-18 0.382218 0.617782
0.471961 0.168707 0.359332
0.106928 0.0623685 0.830703
0.027009 0.0990823 0.873909
0.308514 0.368032 0.323455
0.428443 0.130665 0.440892
2.12663e-18 0.75 0.25
0.346779 0.653221 0
0.463789 0.536211 0
0.153304 0.846696 0
0.0308163 0.688613 0.280571
0.145163 0.327915 0.526922
0.0765989 0.923401 0
0.46467 0.0576918 0.477638
0.65787 0.34213 0
0.385638 0.614362 0
0.210102 0 0.789898
0 0.0625934 0.937407
0.106962 0.528987 0.364051
0.229227 0.165824 0.604949
0.185514 0.368825 0.445661
0.0651399 0.36222 0.57264
0.388252 0.0832404 0.528507
0.0973684 0.293495 0.609136
0.241991 0.0341062 0.723902
0.0686659 0.484872 0.446462
0.0710101 0.138817 0.790173
0.566078 0 0.433922
0.310949 0.120969 0.568082
0.353976 0.0312621 0.614762
0.272075 0.0823794 0.645546
0.307996 0.692004 0
1.35036e-17 0.305618 0.694382
0.229697 0.409712 0.360591
0.627475 0.0924498 0.280075
0.227323 0.287519 0.485158
0.0750392 0.00227312 0.922688
1.47218e-18 0.519194 0.480806
0.26763 0.328324 0.404046
0.513935 0.0842521 0.401813
0.962242 0.0377577 0
0.598956 0.0363969 0.364647
0.146823 0.209978 0.643199
0.22601 0.523989 0.25
0.0381782 0.961822 0
4.86668e-19 0.171634 0.828366
0.187276 0.487661 0.325063
0.395524 0.334325 0.27015
0.388786 0.20874 0.402475
0.0724782 0.603154 0.324368
0.8107 0.1893 0
0.772689 0.227311 0
0.886564 0.113436 0
2.77556e-17 1 0
0.549728 0.124452 0.32582
0 0 1
0.314227 0 0.685773
0.104361 0.176773 0.718866
0.429194 0.247703 0.323103
0.424719 0.575281 0
0.580459 0.419541 0
0.155847 0.0873141 0.756839
0.274621 0.45395 0.271429
0.466004 0.283996 0.25
0.0089003 0.449029 0.542071
0.185078 0.248804 0.566118
0.230353 0.769647 0
0.696334 0.303666 0
0.142274 0 0.857726
1 0 0
0.734648 0.265352 0
0.668428 0 0.331572
0.147058 0.446721 0.406221
0.106238 0.643761 0.25
0.75 0 0.25
0.421882 0 0.578118
0.348804 0.165641 0.485555
0.690317 0.0596828 0.25
