0.736922 0.263078 0
2.22894e-17 0.40153 0.59847
0.0362259 0.963774 0
0.81184 0.18816 0
0.29555 0.356705 0.347744
0.0863926 0.151829 0.761779
0.365106 0.634894 0
0.342175 0.161615 0.49621
0.75 0 0.25
0.391724 0.193758 0.414518
0.218146 0.781854 0
0.0895095 0.66049 0.25
0.686264 0 0.313736
0.327687 0.0339382 0.638375
0.115275 0.447973 0.436752
0.476563 0.523437 0
0.0887669 0.279396 0.631837
0.12495 0.557543 0.317507
0 0.325982 0.674018
0.505129 0.0232255 0.471646
0.100572 0 0.899428
0.328085 0.671915 0
1 0 0
0.024837 0.0355017 0.939661
0.550909 0.449091 0
0.214308 0.278377 0.507315
5.74627e-18 1 0
0 0.623317 0.376683
0.00510243 0.178615 0.816282
0.00311555 0.473474 0.52341
0.289702 0.118917 0.591381
0.571857 0.110634 0.31751
0.434585 0.232657 0.332758
0.529691 0.0769542 0.393355
0.0683729 0.0750928 0.856534
0.134649 0.19099 0.67436
0.248171 0.0722589 0.67957
0.483657 0.156631 0.359712
0.887012 0.112988 0
0.588055 0.411945 0
0.341563 0.272836 0.385601
0.212184 0.154881 0.632935
0.255783 0.19727 0.546947
0.24605 0.434847 0.319103
0.0599893 0.228145 0.711866
0.158856 0.011986 0.829158
0.361683 0.0883866 0.54993
0.849405 0.150595 0
0.619571 0.0300445 0.350384
0.174328 0.106368 0.719304
0 0.111254 0.888746
0.126826 0.081778 0.791396
0.25472 0.74528 0
0.774288 0.225712 0
0.402146 0.597854 0
1.39795e-17 0.251832 0.748168
0.668849 0.0811507 0.25
0.0587886 0.597935 0.343277
0.625225 0.374775 0
0.132531 0.32072 0.54675
0.166908 0.362741 0.470351
0.253943 0.318651 0.427407
0.224598 0 0.775402
0 0 1
0.0814037 0.41425 0.504346
0.444085 0.115232 0.440682
0.281343 0.468657 0.25
0.597513 0.152487 0.25
0.92457 0.0754301 0
0.181573 0.818427 0
0.483031 0.266969 0.25
0.699684 0.300316 0
0.162628 0.481801 0.355571
0.291415 0.708585 0
0.962315 0.0376849 0
0.439371 0.560629 0
0.1594 0.5906 0.25
0.291477 0 0.708523
0.42266 0.0669694 0.510371
0.461659 0 0.538341
0.393416 0 0.606584
0.662397 0.337603 0
0.108745 0.891255 0
0.073403 0.518623 0.407974
0.299416 0.237282 0.463302
0 0.545825 0.454175
0.409851 0.340149 0.25
0.211332 0.52108 0.267588
0.526583 0.198045 0.275372
0.145134 0.854866 0
0.513753 0.486247 0
0 0.75 0.25
0.0128563 0.686923 0.300221
0.171929 0.237541 0.59053
0.577001 0 0.422999
0.0588918 0.362226 0.578882
0.0724926 0.927507 0
0.205161 0.400142 0.394698
0.379539 0.308441 0.31202
0.338607 0.398742 0.262651
