0 0.691357 0.308643
0.232182 0.00797191 0.759846
0 0.235894 0.764106
0.366447 0.383553 0.25
0.480151 0.242826 0.277023
0.197858 0.0723637 0.729778
0.627472 0.0355863 0.336942
0.109396 0.238376 0.652228
0.121348 0.107729 0.770923
0.0301194 0.165442 0.804438
0.0232772 0.280812 0.695911
0.348838 0.238697 0.412464
0.112841 0.0179926 0.869167
0.589486 0 0.410514
1.76816e-17 0.420929 0.579071
0.75 0 0.25
0.155355 0.844645 0
0.73521 0.26479 0
0.887244 0.112756 0
0.0667524 0.32158 0.611667
0.146598 0.279156 0.574246
0.405253 0.024937 0.56981
0.0388647 0.961135 0
0 0.75 0.25
0.597923 0.124955 0.277122
0.241901 0.102586 0.655513
0.00935803 0.0672695 0.923372
0.476502 0 0.523498
0.219029 0.363487 0.417484
0 0.519306 0.480694
0.666822 0.0831776 0.25
0.387338 0.612662 0
0.31831 0.0697903 0.6119
0.474608 0.115908 0.409484
0.175955 0 0.824045
0.0680748 0.553095 0.37883
0.503575 0.496425 0
0.301212 0.31924 0.379548
0.258769 0.406591 0.33464
0.193259 0.192714 0.614027
0.0648597 0 0.93514
0.54242 0.45758 0
0.658318 0.341682 0
0.26409 0.279057 0.456853
0.0308266 0.628942 0.340231
0.310779 0.195683 0.493538
1 0 0
0.0412648 0.449824 0.508911
0.924897 0.0751029 0
0 0.350808 0.649192
0.0782262 0.193835 0.727939
0.581153 0.418847 0
0.962419 0.0375808 0
0.273902 0.152284 0.573814
0.31 0.69 0
0.552749 0.197251 0.25
0.348684 0.651316 0
0.144249 0.520668 0.335083
0.228102 0.236876 0.535022
0.464757 0.535243 0
0.439255 0.310745 0.25
0.114929 0.60017 0.284901
0.513256 0.159563 0.327181
0.0764657 0.0840887 0.839446
0.27136 0.72864 0
0.849287 0.150713 0
0.520322 0.0267793 0.452899
0.392748 0.157741 0.449511
0.0935585 0.367537 0.538904
0.363591 0 0.636409
0.194037 0.805963 0
0.773292 0.226708 0
0.11656 0.88344 0
0.186751 0.563249 0.25
0.0816058 0.668394 0.25
0.435784 0.0767405 0.487475
0 0.58822 0.41178
0.179023 0.44502 0.375957
0.690774 0 0.309226
0.232693 0.767307 0
0.336801 0.355549 0.30765
0.133993 0.405096 0.460911
0.356219 0.111565 0.532216
0.552284 0.0811226 0.366593
0.180311 0.322431 0.497258
0.0777115 0.922288 0
0.390693 0.27795 0.331357
0.225168 0.491604 0.283229
0 0 1
4.20061e-17 1 0
0.433828 0.199763 0.366409
0.092952 0.481547 0.425501
0.157346 0.152503 0.690152
5.46263e-18 0.130044 0.869956
0.293678 0.456322 0.25
0.29653 0 0.70347
0.696786 0.303214 0
0.811388 0.188612 0
0.619746 0.380254 0
0.426034 0.573966 0
