0.0811906 0.361938 0.556872
0.0280486 0.443917 0.528035
0.079827 0.590982 0.329191
0.154748 0.0234849 0.821767
0.10431 0.118018 0.777672
0.406469 0 0.593531
0.172281 0.20247 0.625249
2.00547e-17 3.54564e-17 1
0.555016 0.444984 0
0.385644 0.162011 0.452345
0.209168 0.358578 0.432254
0.335151 0.352053 0.312795
0.342433 0.24001 0.417557
0.596455 0.126726 0.276819
0.477126 0.522874 0
0.320166 0.679834 0
0.891245 0.108755 0
0.0752139 0.0704597 0.854326
0.168066 0.555093 0.276842
0.781176 0.218824 0
0.211835 0.241799 0.546367
0.10779 0 0.89221
0.0630292 0.684318 0.252653
0.927779 0.0722206 0
0.550529 0.199471 0.250001
0.167754 0.320627 0.511619
0.470479 0.118698 0.410823
0.128846 0.621154 0.250001
0.55044 0.0829644 0.366596
0.479691 0 0.520309
0.253942 0.280041 0.466018
0.034103 0.0263289 0.939568
1.2093e-17 0.292788 0.707212
0.0805563 0.475059 0.444384
0.294 0.440837 0.265163
0.181469 0.0790401 0.739491
0.0458226 0.215552 0.738626
0.63123 0.36877 0
0.817921 0.182079 0
0.203971 0.473549 0.32248
4.13214e-18 0.100044 0.899956
0.251913 0.397083 0.351004
0.706455 0.293545 0
0.364821 0.385178 0.250001
0.438081 0.561919 0
0.376808 0.0567522 0.566439
0.516198 0.483802 0
0.517496 0.0308646 0.451639
0.66879 0.33121 0
0.297957 0.203161 0.498882
0 0.401289 0.598711
0.0865732 0.248222 0.665205
4.1303e-17 1 0
0.387807 0.277287 0.334906
0.0298084 0.144613 0.825578
0.59338 0.40662 0
0.218107 0.118881 0.663012
0.398823 0.601177 0
0.359665 0.640335 0
2.11849e-17 0.512914 0.487086
0.510752 0.161208 0.32804
0.22373 0 0.77627
0.0401817 0.959818 0
0.854783 0.145217 0
0.588878 0 0.411122
0.626414 0.0366064 0.33698
0.160734 0.839266 0
0.0803528 0.919647 0
0.42937 0.0813999 0.48923
0.0306411 0.553705 0.415654
0.0308252 0.330717 0.638458
0.477556 0.244152 0.278292
1 0 0
0 0.619455 0.380545
0.240824 0.759176 0
0.239534 0.510466 0.250001
0.33311 0 0.66689
0.132937 0.164533 0.70253
0.744048 0.255952 0
0 0.201286 0.798714
0.200846 0.799154 0
0.0104304 0.671799 0.317771
0.665954 0.0840458 0.250001
0.120545 0.879455 0
0.164383 0.435691 0.399926
0.264494 0.0295871 0.705919
0.963891 0.036109 0
0.256421 0.16206 0.581519
0.749999 0 0.250001
0.280511 0.719489 0
0.43751 0.31249 0.250001
0 0.749999 0.250001
0.429885 0.201157 0.368957
0.124533 0.284589 0.590878
0.120273 0.515907 0.36382
0.295705 0.316861 0.387435
0.690333 0 0.309667
0.339469 0.12743 0.533101
0.12053 0.399252 0.480218
0.298138 0.0816141 0.620248
