0.0363719 0.628601 0.335027
0.221392 0.16565 0.612959
0.310979 0.315065 0.373956
0.468412 0.0938935 0.437695
0.230763 0.0270964 0.742141
0 0.69155 0.30845
0.158704 0.514231 0.327065
0.187724 0 0.812276
5.27832e-17 1 0
0.492118 0.257881 0.25
0.229299 0.354486 0.416215
0.617563 0.132436 0.25
0.270173 0.271931 0.457896
0.29995 0 0.70005
0.506942 0 0.493058
4.06848e-18 0.0998796 0.90012
0.108584 0.162318 0.729099
0.189357 0.251001 0.559642
0.486506 0.513494 0
0.186597 0.119184 0.694219
0.684796 0.315204 0
0.323107 0.177018 0.499875
0.252451 0.215734 0.531816
0.616896 0.0296563 0.353448
0.2432 0.481404 0.275395
0.36614 0.0858839 0.547976
0.386809 0.275314 0.337877
0 0.75 0.25
0.111956 0.47715 0.410895
0.881814 0.118186 0
0.426205 0.183117 0.390678
0.0269617 0.0364429 0.936595
0.0407047 0.959295 0
0.122135 0.877865 0
0.441263 0.0384711 0.520266
3.12614e-17 0.59226 0.40774
2.5803e-18 0.26448 0.73552
0.802953 0.197047 0
0.0307055 0.200008 0.769287
0.582616 0.101777 0.315606
0.285503 0.714497 0
0.526333 0.473667 0
0.244764 0.755236 0
0.645348 0.354652 0
0.125476 0.598696 0.275829
0.353655 0.363476 0.282869
0.842381 0.157619 0
0.40642 0.59358 0
0.421375 0.328625 0.25
0.35051 0.227922 0.421568
0 0 1
0.0681152 0.439352 0.492533
0.043732 0.341637 0.614631
0.0811072 0.554189 0.364704
0.446483 0.553517 0
0.0813768 0.918623 0
0.116501 0.289868 0.593631
0.574863 0 0.425137
0.148122 0.206045 0.645833
0.0829076 0.667092 0.25
0.111865 0.038188 0.849947
0.605904 0.394096 0
0.177792 0.32113 0.501078
1 0 0
0.313689 0.436311 0.25
0.0903967 0 0.909603
0.272764 0.396202 0.331034
0.724199 0.275801 0
0.547539 0.188691 0.263769
0.0270155 0.523433 0.449552
0.0724753 0.245111 0.682414
0.339647 0.0304139 0.62994
0.294653 0.124488 0.580858
0.148216 0.398332 0.453452
0.325834 0.674166 0
0.503994 0.145905 0.3501
6.67174e-18 0.163789 0.836211
0.537461 0.066133 0.396406
0.674641 0 0.325359
1.96506e-17 0.482415 0.517585
0.20386 0.79614 0
0.195138 0.436868 0.367994
0.162915 0.837085 0
0.407803 0 0.592197
0.0708808 0.116626 0.812493
0.197529 0.55247 0.25
0.960597 0.039403 0
3.18702e-18 0.326668 0.673332
0.763561 0.236439 0
4.04021e-18 0.41412 0.58588
0.149369 0.0798262 0.770805
0.921198 0.0788015 0
0.261007 0.0802277 0.658765
0.566187 0.433813 0
0.75 0 0.25
0.683506 0.061718 0.254776
0.396151 0.134086 0.469763
0.366166 0.633834 0
0.459511 0.226993 0.313496
0.0959348 0.364788 0.539277
