0.568568 0.431432 0
0.11946 0.88054 0
0.0454038 0.102378 0.852219
0.321119 0.678881 0
0.12794 0.0618573 0.810203
0 0.279105 0.720895
0.132523 0.16455 0.702928
0.781209 0.218791 0
5.65979e-17 1 0
0.613811 0.0292537 0.356935
0.7382 0.2618 0
0.502113 0.152852 0.345035
0.306491 0.318681 0.374828
0.0179318 0.398027 0.584042
0.955771 0.0442287 0
0.672142 0 0.327858
0 0.17882 0.82118
0.0911058 0.240205 0.668689
0.35088 0.363129 0.285991
1.29664e-17 0.655993 0.344007
0.610558 0.389442 0
0.199588 0.800412 0
0 0.749999 0.250001
0.684044 0.0592638 0.256693
0.159503 0.840497 0
0.0796611 0.920339 0
0.459809 0.111349 0.428842
0.141623 0.27524 0.583137
0.0853602 0.600909 0.313731
0.652897 0.347103 0
0.824201 0.175799 0
0.527316 0.472684 0
0.0164281 0.517792 0.46578
0.49007 0.259929 0.250001
0.263914 0.276772 0.459314
0 0.0878462 0.912154
0.341559 0.112568 0.545873
0.0375453 0.212238 0.750216
0.219688 0.117505 0.662807
0 0.466271 0.533729
0.300793 0.0771469 0.62206
0.246909 0.50309 0.250001
0.501352 0.0224821 0.476166
0.0398524 0.960148 0
0.339612 0 0.660388
0.069373 0.432117 0.49851
0.26801 0.030878 0.701112
0.0629786 0.555189 0.381832
0.167984 0 0.832016
0 0.348102 0.651898
0.112539 0.63746 0.250001
0.418357 0.0746978 0.506945
0.383349 0.279959 0.336692
0.454337 0 0.545663
0.569807 0 0.430193
0.234092 0 0.765908
0.177608 0.19819 0.624202
0.749999 0 0.250001
1 0 0
0.179374 0.083148 0.737478
0.318088 0.431911 0.250001
0.582771 0.102842 0.314387
0.548631 0.191138 0.260231
0 0 1
0.419427 0.330571 0.250001
0.268191 0.396379 0.33543
0.48573 0.51427 0
0.102006 0.354796 0.543198
0.36186 0.63814 0
0.183361 0.315583 0.501056
0.0386071 0.0245967 0.936796
0.101846 0.476892 0.421262
0.0642755 0.312379 0.623345
0.101799 0 0.898201
0.443713 0.556287 0
0.619416 0.130583 0.250001
0.534305 0.0741031 0.391592
0.259914 0.157137 0.582949
0.301766 0.195776 0.502458
0.911696 0.0883036 0
0.867853 0.132147 0
0.0398995 0.688714 0.271387
0.42035 0.193311 0.386338
0.226044 0.355815 0.418141
0.141638 0.518799 0.339563
0.239765 0.760235 0
0.385064 0.023742 0.591194
1.15891e-17 0.586311 0.413689
0.0879679 0.135621 0.776411
0.218964 0.471519 0.309517
0.402496 0.597504 0
0.280476 0.719524 0
0.342573 0.237332 0.420096
0.145529 0.39387 0.460601
0.695589 0.304411 0
0.177097 0.566441 0.256461
0.457293 0.231352 0.311354
0.379807 0.155065 0.465128
0.182353 0.434797 0.38285
0.221739 0.236467 0.541794
