0.242415 0.757585 0
0.0644363 0.127269 0.808295
0.416524 0.114042 0.469434
0.182773 0.246577 0.57065
0.472719 0.185016 0.342265
0.644907 0.355093 0
0.2868 0.381681 0.331519
0.763995 0.236005 0
0.499018 0.079677 0.421305
0 0.583794 0.416206
0 0.649716 0.350284
0 0.398253 0.601747
0.104458 0.286967 0.608575
0.67112 0 0.32888
0.0887271 0.0600766 0.851196
0.0196466 0.32972 0.650634
0.143385 0.332045 0.52457
0.174742 0.381056 0.444202
0.529742 0 0.470258
0.684643 0.315357 0
0.565078 0.434922 0
0 0.503391 0.496609
0.211759 0.538241 0.25
0.201959 0.798041 0
0.724319 0.275681 0
0.331105 0.290363 0.378532
0.0991819 0.421894 0.478924
0.143036 0.577043 0.279921
0.803722 0.196278 0
0.0179262 0.21163 0.770443
0 0.0917875 0.908213
0.208737 0.425477 0.365786
0.362304 0.331184 0.306512
0.116046 0 0.883954
0.0403256 0.959674 0
0.23199 0.0266302 0.741379
0.0341336 0.685535 0.280331
0.338547 0.162211 0.499241
0.224529 0.160635 0.614836
0.843072 0.156928 0
0.604987 0.395013 0
0.0428322 0.0185494 0.938618
0.303396 0.116114 0.58049
0.12108 0.87892 0
0.0261639 0.445086 0.52875
0.48483 0.51517 0
2.24473e-18 0.16123 0.83877
0.390602 0.359398 0.25
0.252821 0.336552 0.410627
0.960838 0.0391618 0
0 0.280308 0.719692
0.92165 0.0783497 0
0.624749 0.0933214 0.281929
0.462351 0.0272108 0.510438
0.576059 0.0594757 0.364465
0.514039 0.219967 0.265994
0.264661 0.0772857 0.658053
0.104643 0.163638 0.731719
0.41592 0.255578 0.328502
0.126299 0.473945 0.399755
0.375108 0.206766 0.418126
0.404296 0.595704 0
0.688625 0.0613749 0.25
0.363863 0.636137 0
0 0.75 0.25
0.28289 0.71711 0
0.418406 0 0.581594
0.18713 0.116853 0.696018
0.159746 0.508287 0.331967
0.147354 0.20155 0.651097
0.161505 0.838495 0
0.323372 0.676628 0
0 1 0
0.317787 0.432213 0.25
0.0807064 0.919294 0
0.0713526 0.365655 0.562992
0.525108 0.474892 0
0.295896 0.248038 0.456066
0.189781 0 0.810219
0.0707765 0.242972 0.686251
0.0731888 0.589026 0.337786
0.378709 0.0767378 0.544553
0.600482 0 0.399518
0.0550587 0.519366 0.425575
0.882368 0.117632 0
0.104359 0.645641 0.25
0.447422 0.154503 0.398075
1 0 0
0.218897 0.291257 0.489846
0.583862 0.166138 0.25
0.444588 0.555412 0
0.463406 0.286594 0.25
0.248584 0.46949 0.281925
0.75 0 0.25
0.302428 0 0.697572
0.260763 0.203625 0.535612
0.146781 0.0806093 0.77261
0 0 1
0.348229 0.0239339 0.627837
0.543283 0.131136 0.32558
