0.314918 0.302369 0.382714
0.158484 0.841516 0
0.219846 0.122414 0.657741
0.644203 0 0.355797
0.251089 0.498911 0.25
0.572912 0.00479216 0.422295
0 1 0
0.140062 0.166364 0.693574
0.0204244 0.424419 0.555157
0.076264 0.454751 0.468985
0.442809 0.295792 0.261399
0.146707 0.295923 0.55737
0.370866 0.0323992 0.596735
0.237832 0.762168 0
0.71554 0.28446 0
0.039591 0.960409 0
0.359774 0.227005 0.413222
0.235257 0.339804 0.42494
0.690997 0.0278927 0.28111
0.220829 0.466471 0.3127
0.0690777 0.57397 0.356952
0.107498 0.117598 0.774904
0.294762 0.0828822 0.622356
0.332457 0 0.667543
0.105489 0.386099 0.508413
0.264104 0.0302856 0.70561
0 0.493464 0.506536
0.310731 0.196945 0.492324
0.576956 0.173044 0.25
0.382743 0.367257 0.25
0.179905 0.570095 0.25
0.181284 0.208006 0.61071
0.258839 0.167449 0.573712
0 0.615631 0.384369
0.265855 0.27284 0.461305
1 0 0
0.0185254 0.542831 0.438644
0.918016 0.0819843 0
0.269196 0.386399 0.344405
0.198101 0.801899 0
0.032073 0.143022 0.824905
0.548935 0.0830596 0.368005
0.755617 0.244383 0
0.595813 0.404187 0
0.31217 0.428888 0.258942
0.0742509 0.337428 0.588321
0.958913 0.0410866 0
0 0.0998434 0.900157
0.108835 2.41662e-17 0.891165
0.404477 0.262828 0.332695
0 0.199222 0.800778
0.107291 0.608498 0.284212
0.185251 0.424834 0.389914
0.75 0 0.25
0.468137 0.0626981 0.469165
0.6102 0.0666065 0.323193
0.110224 0.48406 0.405716
0.0349126 0.0258788 0.939209
0.277598 0.722402 0
0.556077 0.443923 0
0.530025 0.156095 0.31388
0.170877 0.354564 0.474559
0.35713 0.64287 0
0.0070773 0.681182 0.311741
0.407358 0.150483 0.442158
0.0791785 0.920822 0
0.516366 0.483634 0
0.224051 0 0.775949
0.476615 0.523385 0
0.220547 0.249313 0.53014
0.836338 0.163662 0
0.877214 0.122786 0
0.183268 0.0803251 0.736407
0.635548 0.364452 0
0.147976 0.520334 0.33169
0.0763968 0.070227 0.853376
0.396801 0.0890936 0.514105
0.647624 0.102376 0.25
0.486013 0.113439 0.400548
0 0.75 0.25
0.396988 0.603012 0
0.0587663 0.208338 0.732896
0.505953 0.244047 0.25
0 0.376645 0.623355
0.334562 0.125333 0.540105
7.59977e-18 6.27802e-18 1
0.436837 0.563163 0
0.317302 0.682698 0
0.0797701 0.67023 0.25
0.675444 0.324556 0
0.507476 0 0.492524
0.451522 0.193297 0.355181
0.436647 0 0.563353
0.795882 0.204118 0
0.348985 0.339054 0.311961
0.0314493 0.30276 0.665791
0 0.277113 0.722887
0.105333 0.250706 0.643961
0.11885 0.88115 0
0.155696 0.0242309 0.820073
