0.562085 0.437915 0
0.482053 0.517947 0
0.36166 0.63834 0
0.598358 0.0629808 0.338662
0.148616 0.573727 0.277657
0.304303 0.0128307 0.682866
0.429704 0.243792 0.326504
0.20078 0.79922 0
0.266121 0.320182 0.413697
0.472972 0.167456 0.359573
0.880282 0.119718 0
0.635931 0 0.364069
0.14249 0.32146 0.53605
0.240972 0.759028 0
0.132678 0.212462 0.654861
0.181276 0.487162 0.331562
0.069129 0.483882 0.446989
0.0829314 0.0653366 0.851732
1.05466e-16 1 0
0.180277 0.243793 0.57593
0.388119 0.20422 0.407661
0.311262 0.111202 0.577537
0.465145 0.0593291 0.475526
0.214922 0.535078 0.25
0.358288 0.391712 0.25
3.30077e-17 0.75 0.25
0.212446 0.0624581 0.725096
0.0165411 0.449312 0.534147
0.112857 0 0.887143
0.245113 0 0.754887
0.654907 0.0950925 0.25
0.135561 0.0935645 0.770874
0 0.397636 0.602364
0.266378 0.084845 0.648777
0.286605 0.463395 0.25
1 0 0
0.584244 0.165756 0.25
0.160593 0.839407 0
0.367135 0 0.632865
0.687758 0.0213432 0.290899
0.101161 0.40411 0.494729
0.395977 0.324773 0.27925
0.0919728 0.287905 0.620122
0.349504 0.282857 0.367639
0.514674 0.214375 0.270951
1.12963e-17 0.231588 0.768412
0.144773 0.443265 0.411962
0.182856 0.360526 0.456618
0.75 0 0.25
0.0401742 0.959826 0
0.563234 0.00248171 0.434284
0.7212 0.2788 0
0.225077 0.279593 0.49533
0.920087 0.0799134 0
0.385362 0.0809224 0.533716
0.493533 0 0.506467
0.522035 0.477965 0
7.90682e-18 0.1621 0.8379
0.266253 0.198234 0.535513
0.0291195 0.689025 0.281856
0.174399 0.00861605 0.816985
0 0.327911 0.672089
0.96002 0.0399797 0
2.28406e-17 0.518984 0.481016
0.840536 0.159464 0
0.760922 0.239078 0
0.222413 0.164614 0.612972
0.0698293 0.603947 0.326223
0.309289 0.359046 0.331666
0.040634 0.258958 0.700409
0.601954 0.398046 0
0.346964 0.160528 0.492508
0.0404261 0.0204598 0.939114
0.421497 0.00876166 0.569741
0.553103 0.131319 0.315578
0.0156578 0.572426 0.411916
0.257855 0.435149 0.306996
0.222822 0.399121 0.378057
0.515394 0.0870941 0.397512
0.0895839 0.178527 0.731889
0.0643431 0.361236 0.574421
0.104088 0.645912 0.25
0.307138 0.240795 0.452067
0.800723 0.199277 0
0.441931 0.558069 0
0.080327 0.919673 0
0.2812 0.7188 0
0.681486 0.318514 0
0.401822 0.598178 0
4.53053e-18 0.0928818 0.907118
0.120447 0.879553 0
0.641766 0.358234 0
0.427974 0.129018 0.443009
0.0585427 0.135953 0.805504
0 0 1
0 0.643472 0.356528
0.466719 0.283281 0.25
0.17509 0.135263 0.689647
0.103518 0.528354 0.368129
0.321413 0.678587 0
