0.564601 0.161248 0.274152
0.0942052 0.565407 0.340387
0.331522 0.201022 0.467456
0.181655 0.0886978 0.729647
0.104718 0.275809 0.619473
2.68573e-17 0.60492 0.39508
0.107678 0 0.892322
0.699572 0.300428 0
0.315422 0 0.684578
0.12986 0.495316 0.374824
0.288446 0.293779 0.417775
0.488783 0.511217 0
0 0.691886 0.308114
0.0631654 0.240013 0.696821
0.0846638 0.168936 0.7464
0.167853 0.417244 0.414903
0.749999 0 0.250001
0.219826 0 0.780174
0.548355 0.0334518 0.418193
0.119982 0.384775 0.495243
0.273164 0.09242 0.634416
0.512266 0.117798 0.369936
0 0.393211 0.606789
0 0.0993942 0.900606
0.209159 0.143486 0.647354
0.785221 0.214779 0
0.363651 0.386347 0.250001
0.114898 0.105766 0.779336
0.514865 0.235134 0.250001
0.0788997 0.671099 0.250001
0.211837 0.456154 0.33201
0.0772448 0.350493 0.572263
0.361886 0.0888599 0.549255
0.148151 0.601847 0.250001
0.411695 0 0.588305
0.671424 0.00426277 0.324313
0.590392 0.0770551 0.332553
0.467422 0.0844674 0.448111
0.0487284 0.631598 0.319674
0.4421 0.034502 0.523398
0 0 1
0.61351 0 0.38649
1 0 0
0.382835 0.127594 0.489571
0.828163 0.171837 0
0.240299 0.204463 0.555238
0.0340996 0.0258199 0.94008
2.23353e-17 0.50307 0.49693
0.363081 0.248843 0.388076
0.629154 0.120845 0.250001
0.742255 0.257745 0
0.327061 0.337705 0.335234
0.0744966 0.069222 0.856281
0.120164 0.879836 0
0.294772 0.424252 0.280976
0.323598 0.676402 0
0.0832003 0.461087 0.455713
0.079886 0.920114 0
0.417534 0.165124 0.417342
0.344408 0.0362573 0.619335
0.0199671 0.324626 0.655407
0.0288786 0.433277 0.537844
0.436055 0.218487 0.345458
0.201205 0.798795 0
0.685007 0.0559095 0.259083
0.0256159 0.144351 0.830033
0.43938 0.310619 0.250001
0.957039 0.0429608 0
0.181538 0.535313 0.283148
0 0.208154 0.791846
0.0367103 0.538415 0.424875
0.447222 0.552778 0
0.490949 0.189212 0.319839
0.250271 0.377899 0.371831
0.0399489 0.960051 0
0 0.749999 0.250001
0.53047 0.46953 0
0.178205 0.234046 0.58775
0.914068 0.0859315 0
0.614324 0.385676 0
0.512142 0 0.487858
0.57219 0.42781 0
0.160981 0.30557 0.533449
0.656884 0.343116 0
0.293018 0.139629 0.567352
0.25073 0.0393026 0.709967
0.405736 0.594264 0
0.241725 0.758275 0
0.871089 0.128911 0
0.364637 0.635363 0
0.282306 0.717694 0
0.401662 0.290589 0.307749
0.155934 0.0235264 0.820539
4.93854e-17 1 0
0.13971 0.188857 0.671433
0.160506 0.839494 0
0.207275 0.337013 0.455713
8.23129e-18 0.277085 0.722915
0.254278 0.495721 0.250001
0.256062 0.250397 0.493541
