0.129692 0.529329 0.340979
2.42396e-18 0.266155 0.733845
1 0 0
1.56709e-18 0.17207 0.82793
0.171762 0.572472 0.255766
0.667524 0.332476 0
0.0880896 0.120623 0.791287
0.238039 0.040076 0.721885
0.31543 0.43457 0.25
0.145863 0.273627 0.580511
0.0985074 0 0.901493
0.390825 0.120708 0.488467
0.45639 0.54361 0
0.178712 0.444641 0.376646
0.540861 0.459139 0
0.876192 0.123808 0
0.0258071 0.405587 0.568606
0.793078 0.206922 0
0.24289 0.50711 0.25
7.6824e-18 0.543415 0.456585
0.422483 0.165242 0.412275
0.382699 0.367301 0.25
0.41427 0.58573 0
0.500769 0.115559 0.383672
9.33002e-19 0.102446 0.897554
0.3918 0.0328244 0.575376
2.60209e-17 0.75 0.25
0.834656 0.165344 0
0.683563 0.0112926 0.305145
0.329364 0.333759 0.336878
0.122937 0.877063 0
0.288893 0.711107 0
0.274392 0.403654 0.321954
0.0783209 0.316285 0.605394
0.290407 0.297097 0.412496
0.092247 0.232288 0.675465
0.465597 0.0746381 0.459765
0.258181 0.148418 0.593401
0.258713 0.265058 0.476229
0.0923863 0.491125 0.416488
0.230881 0.367156 0.401964
0.0618851 0.0777011 0.860414
0.342925 0.211903 0.445172
0.583859 0.0734854 0.342656
0.0302996 0.300094 0.669606
0.453085 0 0.546915
0.0819316 0.918068 0
0 1 0
0.106257 0.643743 0.25
0.958806 0.0411935 0
0.557864 0.192136 0.25
0.330627 0.669373 0
1.27306e-17 0.366935 0.633065
0.128911 0.157653 0.713436
0.212279 0.479695 0.308026
0.527733 0.159915 0.312352
0.37245 0.62755 0
0.20374 0 0.79626
0.917477 0.0825227 0
0.0273109 0.0312105 0.941479
0.164171 0.835829 0
0.624886 0 0.375114
0.108133 0.361264 0.530602
0.302753 0.180259 0.516988
0.625365 0.374635 0
0.205774 0.794226 0
0.137731 0.0289784 0.83329
0.18595 0.318888 0.495162
0.751305 0.248695 0
1.64792e-17 0.474981 0.525019
0.220532 0.229262 0.550206
0.516155 0 0.483845
0.609728 0.119976 0.270296
0.417533 0.298439 0.284029
0.345234 0.100991 0.553775
0.668652 0.0813476 0.25
0.300419 0.0706455 0.628936
0.04086 0.199945 0.759195
0.0323406 0.689012 0.278648
0.164992 0.0809296 0.754078
0.75 0 0.25
0.0670988 0.445209 0.487692
0.583139 0.416861 0
0.552418 0.0276574 0.419924
0.0802544 0.604205 0.31554
0.356549 0 0.643451
0.709373 0.290627 0
0.174824 0.193656 0.63152
0.247097 0.752903 0
9.15062e-18 0.64727 0.35273
0.498625 0.501375 0
0.4868 0.2632 0.25
0 0 1
0.293339 0 0.706661
0.376998 0.254161 0.368841
0.0344498 0.57474 0.39081
0.213054 0.114429 0.672517
0.0408962 0.959104 0
0.146478 0.402017 0.451506
0.45497 0.210757 0.334274
