0.353647 0.192718 0.453635
0.359759 0.30954 0.330701
0 0.396914 0.603086
0.104239 0.0682063 0.827555
0.394701 0.107741 0.497558
1.82216e-18 0.503691 0.496309
0 0.635274 0.364726
0.0760613 0.00371908 0.92022
0.548143 0.136677 0.31518
0.0782438 0.261057 0.6607
0.097191 0.652809 0.25
0.31598 0.0192881 0.664731
0.157446 0.227337 0.615216
0.146211 0.853789 0
0.485773 0.514227 0
0 0.0643625 0.935637
0.0226748 0.687237 0.290088
0.393859 0.233627 0.372514
0.385322 0 0.614678
0.880223 0.119777 0
0.627374 0.0959479 0.276678
0.0107708 0.562461 0.426768
0.408575 0.591425 0
0.191711 0.148747 0.659542
1.24944e-17 0.75 0.25
0.304806 0.276916 0.418278
0.447003 0.552997 0
0.257665 0.742335 0
0.203985 0.270536 0.525479
0.75 0 0.25
0.434708 0.020505 0.544787
0.18314 0.81686 0
0.217687 0.373686 0.408627
0.235468 0.189235 0.575297
0.152216 0.103156 0.744628
0.273434 0.107184 0.619382
0.168997 0.581003 0.25
0.284004 0.346607 0.369389
0.110761 0.18599 0.703249
0.0253042 0.429435 0.545261
0.92016 0.0798399 0
0.602052 0.397948 0
0.176393 0.466218 0.357389
0.312869 0.152774 0.534357
0.0364509 0.963549 0
0.681136 0.318864 0
0.0665809 0.597359 0.33606
0.250319 0.42435 0.325331
0.599116 0.0427731 0.35811
0.524421 0.475579 0
0.230083 0.0710178 0.698899
0.474238 0.0668953 0.458866
0.441775 0.276424 0.281801
0.840249 0.159751 0
0.0392754 0.336461 0.624264
0.960077 0.0399231 0
0.581689 0.168311 0.25
0.800302 0.199698 0
0.690119 0.0598808 0.25
0.181388 0.338697 0.479916
0.434484 0.149409 0.416107
0.572421 0 0.427579
0.0679301 0.465619 0.466451
0.473887 0.189905 0.336208
0.0728823 0.927118 0
0.0957497 0.512171 0.39208
0.332605 0.667395 0
0.517061 0.0955146 0.387425
0.220068 0.510693 0.269239
0.503109 0 0.496891
0.0993901 0.378638 0.521972
0.37028 0.62972 0
0.220105 0.779895 0
0.760654 0.239346 0
0 0.298981 0.701019
0.641641 0.358359 0
0.265059 0 0.734941
0.136768 0.549004 0.314229
0 0.17862 0.82138
0.563069 0.436931 0
0.350197 0.0728844 0.576919
0.272395 0.23712 0.490484
0.295231 0.704769 0
0.28901 0.46099 0.25
0.0242539 0.105429 0.870317
0.140391 0.422409 0.4372
0.669296 0 0.330704
0.402319 0.347681 0.25
5.76253e-17 1 0
0.123505 0.304632 0.571863
0.33237 0.391424 0.276206
1 0 0
0.0724397 0.144769 0.782791
0.144616 0 0.855384
0.0207732 0.22962 0.749607
0 0 1
0.720841 0.279159 0
0.510426 0.239574 0.25
0.194672 0.0185232 0.786805
0.109435 0.890565 0
