0.11251 0.463468 0.424023
0.243062 0.314907 0.442031
0.548822 0.0362095 0.414968
0.026132 0.684714 0.289154
0 0.300046 0.699954
0.765775 0.234225 0
0.0824737 0 0.917526
0.434595 0.160335 0.40507
0.686983 0.313017 0
0.244468 0.755532 0
0.357672 0.322016 0.320312
4.18229e-18 0.18582 0.81418
0.325832 0.674168 0
0.527545 0.472455 0
0.0407454 0.959255 0
0.143745 0.109543 0.746712
0.883013 0.116987 0
0.122238 0.877762 0
0.262693 0.487305 0.250002
0.439237 0.0367379 0.524025
0.312195 0.157014 0.530791
0.844007 0.155993 0
0.366344 0.633656 0
0.107131 0.190918 0.701951
0.487451 0.512549 0
0.392209 0.357789 0.250002
0.321738 0.415092 0.263169
0.268123 0.113857 0.61802
0.356151 0.198959 0.444891
0.185126 0.0275376 0.787336
0 0.645705 0.354295
0.0908847 0.403889 0.505226
0.0604428 0.343336 0.596221
0.162984 0.837016 0
0 0.48252 0.51748
0.0232556 0.232589 0.744155
0.80492 0.19508 0
0.628168 0.12183 0.250002
3.14486e-17 0.749998 0.250002
0.647334 0.352666 0
0.091464 0.658534 0.250002
0.203729 0.796271 0
0.231401 0.457657 0.310943
0.607491 0.392509 0
0.23314 0.194291 0.57257
0.220443 0.0772127 0.702344
0.0782929 0.267987 0.65372
0.669149 0 0.330851
0.356943 0 0.643057
0.0722427 0.554405 0.373352
0 0.579371 0.420629
0.0366809 0.507803 0.455516
1 0 0
0.161364 0.360501 0.478135
0.72641 0.27359 0
0.297079 0.0335689 0.669352
8.36026e-18 0.371448 0.628552
0.186842 0.154315 0.658843
0.559428 0.166303 0.274269
0.392718 0.117608 0.489674
0.472455 0.0821236 0.445421
0.0937835 0.0729706 0.833246
0.415013 0 0.584987
0.443415 0.286845 0.269739
0.277657 0.235748 0.486595
0.406767 0.593233 0
0.347694 0.0795022 0.572804
0.447207 0.552793 0
2.84134e-18 5.26698e-17 1
0.14704 0 0.85296
0.610655 0 0.389345
0.066133 0.147592 0.786275
0.684552 0.0530818 0.262367
0.513156 0.236843 0.250002
0.0165068 0.0493792 0.934114
0.0191178 0.424423 0.556459
2.59637e-18 0.115357 0.884643
0.961014 0.0389855 0
0.181409 0.440181 0.37841
0.517015 0.120049 0.362936
0.567627 0.432373 0
0.475806 0.199766 0.324428
0 1 0
0.256174 0 0.743826
0.0814911 0.918509 0
0.188195 0.561803 0.250002
0.209788 0.386021 0.404192
0.154942 0.233 0.612059
0.149521 0.516423 0.334055
0.594118 0.0801377 0.325744
0.126493 0.313235 0.560272
0.922032 0.0779683 0
0.111087 0.596961 0.291952
0.512321 0 0.487679
0.318641 0.280229 0.401129
0.285145 0.714855 0
0.398484 0.242409 0.359107
0.749998 0 0.250002
0.283618 0.366355 0.350027
0.200196 0.275289 0.524515
