0.79506 0.20494 0
0.513567 0.236433 0.25
0.442327 0.16558 0.392093
0.574603 0.0300877 0.39531
0.0242803 0.621531 0.354189
0.234262 0.332529 0.433209
0.10363 0.578656 0.317714
0.480571 0.202144 0.317285
0.876944 0.123056 0
0.15095 0.496822 0.352229
0.647108 0 0.352892
0.59189 0.40811 0
0.155827 0.253152 0.591021
0.0185699 0.502242 0.479189
0.917963 0.0820374 0
0.75 0 0.25
0.443348 0.292447 0.264205
0.527863 0.12199 0.350147
0.033113 0.143317 0.82357
0.391849 0.608151 0
0.315661 0.290204 0.394135
0.0725197 0.414802 0.512678
0.120465 0.0935214 0.786013
0 0.112256 0.887744
0.0754141 0.670908 0.253678
0.754214 0.245786 0
0.353862 0.327937 0.318201
0.193599 0.538405 0.267997
0.152145 0.373748 0.474107
0.0889894 0.0529646 0.858046
0.0388886 0.961111 0
0.551659 0.448341 0
0 0.686235 0.313765
0 0.573136 0.426864
0.835946 0.164054 0
0.468326 0 0.531674
0.190132 0.413839 0.396029
0.263736 0.486264 0.25
0.51141 0.48859 0
0.64201 0.10799 0.25
0.199191 0.171167 0.629642
0.197662 0.0605346 0.741804
0.400743 0.249271 0.349987
0 1 0
0.713401 0.286599 0
0.109728 0.335991 0.554281
0.282462 0.125986 0.591551
0.328708 0.0374932 0.633799
0.570696 0.166505 0.262799
0.317439 0.416456 0.266105
0.113153 0.217106 0.669741
0.319898 0.168568 0.511534
1 0 0
0.688972 0.0331641 0.277864
0.431671 0.568329 0
0.107694 0.456957 0.435349
0.359128 0.210422 0.430451
0.0161665 0.0480227 0.935811
0.155634 0.844366 0
0.0780743 0.176371 0.745555
0.0206378 0.38119 0.598172
0.387398 0.362602 0.25
0.276578 0.250507 0.472915
0.48866 0.0837878 0.427552
0.229445 0.451318 0.319237
0.231245 0 0.768755
0.0803997 0 0.9196
0.397839 0 0.602161
0.60363 0.0780865 0.318284
0.31282 0.68718 0
0.238398 0.209865 0.551737
0.0777482 0.922252 0
0.116688 0.883312 0
0.361865 0.0854867 0.552649
0.632144 0.367856 0
0 0.451238 0.548762
0.194169 0.29276 0.513071
0.672706 0.327294 0
0.23404 0.76596 0
0 0.216114 0.783886
0.400302 0.131118 0.46858
0.0715371 0.53461 0.393853
0.158657 0.136141 0.705202
0.53888 0 0.46112
0.245366 0.0867052 0.667929
0.143499 0.606501 0.25
0.0742502 0.295118 0.630632
0.352362 0.647638 0
0.0235148 0.261834 0.714651
0.438627 0.0581616 0.503212
0.471454 0.528546 0
0.273365 0.726635 0
0.274465 0.373269 0.352266
0 0.75 0.25
0.194777 0.805223 0
3.04871e-17 2.50241e-17 1
0.163264 0 0.836736
0 0.332065 0.667935
0.299115 0 0.700885
0.958975 0.0410247 0
