0.383649 0.348594 0.267756
0.919696 0.0803042 0
0.243208 0.0347547 0.722038
0.187162 0.257433 0.555405
0.296076 0.381515 0.322409
0.386196 0.223505 0.390299
0.231127 0.173274 0.595599
0.622697 0.127303 0.25
0.671242 0.0646145 0.264143
0.207958 0 0.792042
0.601274 0.398726 0
0.308269 0.139455 0.552276
0.196576 0.126266 0.677158
0.266544 0.220213 0.513243
0 0.176545 0.823455
0 0.75 0.25
0.101093 0.429683 0.469224
0.381912 0 0.618088
0.139454 0.0292682 0.831278
0.617292 0 0.382708
0.047821 0.525285 0.426894
0.512763 0.109558 0.377678
0.0623241 0.0792531 0.858423
0.0999298 0 0.90007
0.0270189 0.451764 0.521217
0.145688 0.341069 0.513243
0.404049 0.595951 0
0.551147 0.0248074 0.424046
0.0745787 0.250621 0.6748
0.561904 0.438096 0
0.0409714 0.959029 0
0.0727325 0.373094 0.554174
0.147449 0.602551 0.25
0.640727 0.359273 0
0.483273 0.516727 0
0.0921746 0.56101 0.346815
0.343448 0.3045 0.352052
0.0279973 0.215224 0.756779
0.311173 0 0.688827
0.178193 0.388659 0.433148
0.0844953 0.126376 0.789129
0 0.59935 0.40065
0.346866 0.0633019 0.589832
0.0272233 0.0322818 0.940495
0.959854 0.0401458 0
0.75976 0.24024 0
0.680353 0.319647 0
0.390157 0.100808 0.509036
0.0206415 0.33648 0.642879
0.284321 0.715679 0
0.258261 0.34542 0.396318
0.132701 0.478314 0.388985
1.61669e-17 0.674719 0.325281
0.324369 0.675631 0
0.27299 0.0880897 0.638921
0 0.404821 0.595179
0 0.286642 0.713358
0.522561 0.477439 0
0.554284 0.158164 0.287552
0.683581 0 0.316419
0.75 0 0.25
0.839688 0.160312 0
1 0 0
0.163302 0.836698 0
0.522872 0.227128 0.25
0.472729 0.187698 0.339573
0.223293 0.302483 0.474224
0.162937 0.0837001 0.753363
0.452636 0.297364 0.25
2.39609e-17 1 0
0.115273 0.17008 0.714648
0.304433 0.263242 0.432325
0.122705 0.877295 0
0.589936 0.0765835 0.333481
0.424515 0.261545 0.31394
0.504872 0 0.495128
0.153274 0.211332 0.635394
0 0.509537 0.490463
0.347491 0.181609 0.470901
0.21143 0.432981 0.355589
0.443728 0.556272 0
0.332821 0.417179 0.25
0.364376 0.635624 0
0.87962 0.12038 0
0.244113 0.755887 0
0.2038 0.7962 0
0.46813 0.0713516 0.460518
0.0818027 0.918197 0
0.0586263 0.631488 0.309886
0.429474 0.146947 0.423579
0.25865 0.459582 0.281767
4.30773e-17 1.24339e-17 1
0.0736803 0.67632 0.25
0.232898 0.517102 0.25
0 0.104968 0.895032
0.720002 0.279998 0
0.43521 0.0159172 0.548872
0.799718 0.200282 0
0.169786 0.527364 0.30285
0.107326 0.295477 0.597197
