0.363429 0.207188 0.429383
0.846414 0.153586 0
0.495036 0.504964 0
0.612745 0.387255 0
0 0.248994 0.751006
2.3264e-17 0.523841 0.476159
0.108298 0.148703 0.742999
0 0.128331 0.871669
0.111933 0.257569 0.630498
0.0216484 0.570883 0.407469
0.187116 0.812884 0
0.500787 0.169133 0.330081
0.0189033 0.181686 0.799411
0.386937 0 0.613063
0.154125 0.194664 0.651211
0.254 0.22572 0.52028
0.0703028 0.10059 0.829107
0.0420495 0.449207 0.508743
0.158416 0.440709 0.400875
0.0821952 0 0.917805
0.101791 0.36335 0.534859
0.807775 0.192225 0
0.769109 0.230891 0
0.104425 0.645575 0.25
0.0372493 0.962751 0
0.187258 0 0.812742
0.111882 0.888118 0
0.592819 0.128148 0.279033
0.156292 0.574734 0.268974
0.225546 0.524454 0.25
0.341714 0.408285 0.25
0.691126 0.308874 0
0.416997 0.583003 0
0.290964 0.253324 0.455713
0 0.64283 0.35717
0.191703 0.127787 0.68051
0.0224627 0.295804 0.681733
0.379203 0.335849 0.284948
0.331723 0.292554 0.375723
0.453578 0.00345848 0.542963
0.274154 0.0994857 0.62636
0.0105057 0.0565904 0.932904
0.553092 0.196908 0.25
0.456082 0.543918 0
0.225216 0.17979 0.594994
0.884986 0.115014 0
0.623691 0.0410988 0.33521
0.225259 0.410248 0.364493
0.923374 0.0766263 0
0.312218 0.151635 0.536146
0.75 0 0.25
1.02457e-16 1 0
0.73009 0.26991 0
0.111914 0.528444 0.359642
0.301557 0.698443 0
0.114782 0.0280299 0.857188
0.224979 0.775021 0
0.0697677 0.330647 0.599585
0.378544 0.621456 0
0.523589 0 0.476411
0.164236 0.273738 0.562026
0.449097 0.152073 0.39883
0.33983 0.66017 0
0.446354 0.303646 0.25
0.593854 0 0.406146
1.67525e-17 0.75 0.25
0.271877 0.454558 0.273565
0.18875 0.488871 0.322379
0.481917 0.236802 0.281281
0.0731409 0.603403 0.323456
0.299252 0.370638 0.33011
0.652048 0.347952 0
0.02926 0.688791 0.281949
0 0 1
0.317256 0.0140216 0.668723
1 0 0
0.228825 0.0596794 0.711495
0.149236 0.850764 0
0.690219 0 0.309781
0.198164 0.311499 0.490337
0.542341 0.0917707 0.365888
0.494836 0.0650708 0.440094
0.573449 0.426551 0
0.353598 0.0681643 0.578237
0.419085 0.078652 0.502263
0 0.426777 0.573223
0.0725438 0.217732 0.709725
0.389468 0.135112 0.47542
0.0805073 0.483292 0.4362
0.665285 0.0847148 0.25
0.260508 0 0.739492
0.151381 0.0769882 0.771631
0.961685 0.0383145 0
0.245169 0.337907 0.416924
0.263323 0.736677 0
0.13855 0.394453 0.466998
0.0745666 0.925433 0
0 0.36112 0.63888
0.409086 0.24772 0.343195
0.534133 0.465867 0
