0 0.558139 0.441861
0 0.749997 0.250003
0.542461 0.457539 0
0.462247 0.537753 0
0.227797 0.772203 0
0.27332 0.476677 0.250003
0.151067 0.848933 0
0.4621 0.186549 0.351351
0.789568 0.210432 0
0 0 1
0.66744 0 0.33256
0.38195 0.102202 0.515848
0.603433 0.0109389 0.385628
0.550357 0 0.449643
0.0184289 0.682675 0.298896
0.204698 0 0.795302
0 0.235568 0.764432
0 0.307069 0.692931
0.136861 0.160721 0.702418
0.226747 0.317373 0.45588
0.189412 0.810588 0
0.200952 0.549045 0.250003
0.141847 0.363294 0.494858
0.0877303 0.662267 0.250003
0.181938 0.401494 0.416568
0.264894 0.360701 0.374405
0.447435 0.302562 0.250003
0.414965 0.271139 0.313896
0.583018 0.416982 0
0.623844 0.376156 0
0.362944 0 0.637056
0.0623908 0.203059 0.73455
0.105743 0.309455 0.584802
0.422798 0.577202 0
0.873061 0.126939 0
0.0675694 0.393292 0.539139
0.266656 0 0.733344
0.0663227 0.0775079 0.856169
0.0953065 0.444375 0.460318
0.0269661 0.0329923 0.940042
0.95757 0.0424304 0
0.684792 0.0478633 0.267344
1 0 0
0.636934 0.113062 0.250003
0.160188 0.207872 0.63194
0.305833 0.142088 0.552079
0.664946 0.335054 0
0.0113006 0.165491 0.823209
0.383 0.617 0
0.136688 0.4822 0.381112
0 0.631573 0.368427
0 0.106515 0.893485
0.304525 0.274151 0.421325
0 0.423826 0.576174
0.022197 0.352089 0.625714
0.0607068 0.524764 0.414529
0.915268 0.0847322 0
0.0376016 0.962398 0
0.220781 0.115223 0.663997
0.308189 0.406323 0.285488
0.831335 0.168665 0
0.502314 0.497686 0
0.100487 0 0.899513
0.243693 0.161232 0.595075
0.224384 0.440648 0.334968
0.177065 0.292284 0.530651
0.141385 0.0309282 0.827687
0.272104 0.22463 0.503266
0.500237 0.233153 0.26661
0.413039 0.0201308 0.56683
0.505169 0.0967187 0.398112
0.345825 0.185796 0.468379
0.749997 0 0.250003
0.324056 0.0749705 0.600973
0.341677 0.320359 0.337964
0.706368 0.293632 0
0.0809923 0.576214 0.342794
0.381018 0.230058 0.388924
0.582168 0.0750381 0.342794
0.0813805 0.258031 0.660588
0.170554 0.517505 0.311941
0.539024 0.145432 0.315544
0.458702 0.0659812 0.475317
0.18028 0.0757395 0.743981
0.00868783 0.485762 0.50555
0.266156 0.733844 0
0.56802 0.181977 0.250003
0.113287 0.886713 0
0.12814 0.602091 0.269768
0.343718 0.656282 0
0.423216 0.145539 0.431245
0.201746 0.236792 0.561462
0.304552 0.695448 0
0.376824 0.373172 0.250003
0.748014 0.251986 0
0.480958 0 0.519042
0.285564 0.0378797 0.676556
0.0985293 0.119625 0.781845
0.0753617 0.924638 0
4.91144e-17 1 0
