0.138096 0.0340361 0.827867
0.45386 0.0150653 0.531075
0.295704 0.276293 0.428002
0.398825 0 0.601175
0.883846 0.116154 0
0.238753 0.0639067 0.69734
0.101137 0 0.898863
0.222505 0.308426 0.469069
0.181719 0.568281 0.25
1.41282e-17 0.29087 0.70913
0.0385405 0.961459 0
0.115253 0.884747 0
0.343974 0.656026 0
0.237998 0.180934 0.581068
3.27181e-17 0.673597 0.326403
0.426292 0.215469 0.358239
0.427792 0.322208 0.25
0.267894 0.732106 0
0.690553 0 0.309447
0.45845 0.54155 0
0.275742 0.222512 0.501746
0.218522 0.431104 0.350374
0.105787 0.30296 0.591253
0.275502 0 0.724498
0.109387 0.615643 0.27497
0.163132 0.0901225 0.746746
0.0925245 0.431017 0.476458
0.689358 0.310642 0
0.961296 0.0387043 0
0.328541 0.0157629 0.655697
0.0192593 0.341936 0.638805
0.282627 0.100489 0.616884
0.0283066 0.609762 0.361932
0.190214 0.263073 0.546713
0.594642 0 0.405358
1 0 0
1.99683e-17 0.411105 0.588895
0.665255 0.0847448 0.25
0.0845945 0.130597 0.784808
0.0770041 0.922996 0
0.471243 0.255433 0.273323
0.806117 0.193883 0
0.45741 0.138149 0.404441
0.767173 0.232827 0
0.29088 0.45912 0.25
0.611777 0.388223 0
0.412564 0.0989124 0.488524
0.191718 0.808282 0
3.64292e-17 0.75 0.25
0.420032 0.579968 0
0.0665173 0.683483 0.25
0.545051 0.204949 0.25
0.496638 0.503362 0
0.161314 0.516182 0.322504
0.382005 0.617995 0
0.129847 0.472431 0.397722
0.313122 0.37354 0.313338
0.153504 0.846496 0
0 0 1
0.0278258 0.219205 0.752969
0.143248 0.346128 0.510624
0.506418 0.169501 0.324081
0.305959 0.694041 0
0.922564 0.0774358 0
0.624849 0.0418126 0.333339
0.154446 0.219854 0.625699
0 0.106447 0.893553
0.323507 0.144518 0.531975
0.546751 0.0906323 0.362617
0.229874 0.770126 0
0.027555 0.0328702 0.939575
0.363532 0.0688983 0.56757
0.650485 0.349515 0
0.359259 0.390741 0.25
0.495822 0.0637709 0.440407
0.845027 0.154973 0
0.197539 0.140407 0.662054
0.728249 0.271751 0
2.34158e-17 0.482082 0.517918
7.67073e-17 1 0
0.374378 0.297994 0.327628
0.75 0 0.25
0.351195 0.249291 0.399514
0.115833 0.17624 0.707927
0.0623515 0.0813498 0.856299
0.594598 0.13223 0.273172
0.0745067 0.256107 0.669386
0.178961 0.390425 0.430614
0.372016 0.177959 0.450025
0.573314 0.426686 0
0.23347 0.492215 0.274315
0.205129 0 0.794871
0.265612 0.349911 0.384477
2.78933e-17 0.574265 0.425735
0.0650498 0.383736 0.551215
0.534801 0.465199 0
0.0923183 0.557397 0.350285
0.523417 0 0.476583
0 0.179347 0.820653
0.0454027 0.510745 0.443852
