0.424136 0.300253 0.27561
0.291112 0.708888 0
0.383985 0.129667 0.486348
0.604862 0.145138 0.25
0.92426 0.0757404 0
2.00799e-17 0.417128 0.582872
0.149244 0.456196 0.394559
0.0417651 0.958235 0
0 0.534101 0.465899
0.226804 0.0889241 0.684272
0.200469 0.360344 0.439187
0.575045 0.424955 0
0.0576098 0.69239 0.25
0 0.217115 0.782885
0.0224255 0.14746 0.830115
0.295307 0.301799 0.402895
0.40352 0 0.59648
0.0835101 0.91649 0
6.04477e-17 1 0
0.621365 0.0363041 0.342331
0.433597 0.0374183 0.528985
0.276518 0.473482 0.25
0.303245 0.177161 0.519594
0.223812 0.243053 0.533135
0.0721397 0.498929 0.428932
0.495285 0.504715 0
0.210505 0.539495 0.25
0.499505 0.13476 0.365735
0.168885 0 0.831115
0.537272 0.187119 0.275609
0.535489 0.0467945 0.417717
0.255782 0.27322 0.470998
0.147872 0.132187 0.719941
0.771539 0.228461 0
0 0 1
0.262466 0.135745 0.601789
0.574036 0.104618 0.321346
0.493228 0.256772 0.25
0.348704 0.0888438 0.562453
0.167019 0.832981 0
0.112925 0.094114 0.792961
0.0981389 0.226312 0.675549
0.654721 0.345279 0
0.596432 0 0.403568
0.732745 0.267255 0
0.0134554 0.272106 0.714439
0.505174 0 0.494826
0.176285 0.510839 0.312875
0.886272 0.113728 0
0.962321 0.0376789 0
0.615059 0.384941 0
0.461617 0.0891599 0.449223
0.114229 0.412184 0.473588
0.0145094 0.592284 0.393206
0.223951 0.439363 0.336686
0.099866 0 0.900134
0.414202 0.585798 0
0.454775 0.545225 0
0.133688 0.271608 0.594704
4.93458e-18 0.102508 0.897492
0.333956 0 0.666044
0.339584 0.333611 0.326804
0.0753639 0.0646151 0.860021
0.309928 0.409646 0.280426
0.0746396 0.625676 0.299685
0.810187 0.189813 0
0.0615352 0.31231 0.626155
0.848234 0.151766 0
0.693584 0.306416 0
0.67121 0.0781737 0.250616
0.144429 0.605571 0.25
0.208544 0.791456 0
0.689674 0 0.310326
0.75 0 0.25
0.456855 0.215973 0.327171
0.264404 0 0.735596
0.535259 0.464741 0
3.19996e-17 0.664738 0.335262
0.332388 0.667612 0
0.373128 0.626872 0
0.250043 0.749957 0
0.0827379 0.366767 0.550495
0.379377 0.257222 0.363401
0.0281249 0.0307248 0.94115
0.302817 0.0598869 0.637296
0.102663 0.549017 0.34832
0.338451 0.218148 0.4434
3.61039e-17 0.75 0.25
0.254539 0.377049 0.368411
1.65494e-17 0.343786 0.656214
1 0 0
0.195023 0.0411476 0.76383
0.125315 0.874685 0
0.176371 0.175087 0.648542
0.205131 0.21175 0.583118
0.0709945 0.17922 0.749785
0.0254121 0.460206 0.514381
0.419317 0.173502 0.407181
0.381072 0.368928 0.25
0.164182 0.322797 0.513021
