0.111467 0.470789 0.417744
0.527201 0.222799 0.25
6.50032e-18 0.354926 0.645074
0.205031 0 0.794969
0 0.467784 0.532216
0.227486 0.490436 0.282078
1.53089e-18 0.0835889 0.916411
0.114512 0.238154 0.647333
0.2115 0.183149 0.605351
1.07031e-17 0.584403 0.415597
0.420057 0.240021 0.339921
0.332885 0.287537 0.379577
0 0.171238 0.828762
0.0273514 0.397281 0.575368
0.39495 0.35505 0.25
0.133586 0.0387572 0.827657
0.604825 0.395175 0
0.120564 0.349023 0.530413
0.164992 0.384216 0.450792
0.523654 0.476346 0
0.386724 0.0854991 0.527777
0.296755 0.13776 0.565486
0.198893 0.801107 0
0.629428 0.0630329 0.307539
0.883395 0.116605 0
0.305082 0 0.694918
0.117068 0.598853 0.284079
0 0.241872 0.758128
0.425702 0.11902 0.455278
0.118841 0.881159 0
0.18807 0.56193 0.25
0.360697 0.639303 0
0.151472 0.515241 0.333287
0.765336 0.234664 0
1.26382e-17 0.690065 0.309935
0.338879 0.169802 0.491318
0.293927 0.456073 0.25
0.457407 0.284238 0.258356
0.674249 0 0.325751
0.209141 0.30407 0.486789
0.189373 0.432659 0.377969
0.251596 0.409001 0.339404
0.0234718 0.514512 0.462016
0.0792389 0.920761 0
0.107821 0 0.892179
0.324095 0.38838 0.287524
0.546088 0 0.453912
0.0394958 0.960504 0
0.0251228 0.28537 0.689507
0.279607 0.720393 0
0.319981 0.680019 0
0.165761 0.266686 0.567552
0.373323 0 0.626677
0.72535 0.27465 0
0.463709 0.155268 0.381022
0.0310531 0.626961 0.341985
0.164599 0.0841466 0.751254
0.239051 0.760949 0
0.13601 0.168046 0.695943
0.55314 0.108388 0.338471
0.198147 0.127469 0.674384
0 1 0
0.0788579 0.428088 0.493054
0.598387 0.151613 0.25
0.0764779 0.549468 0.374054
0.364479 0.318963 0.316558
0.239943 0.0352212 0.724835
0.599237 0.0140712 0.386692
0.158895 0.841105 0
0.258332 0.339616 0.402052
0.645181 0.354819 0
0.482829 0.517171 0
0.0891026 0.128387 0.78251
1 0 0
0.0822191 0.667781 0.25
0.96117 0.03883 0
0.56433 0.43567 0
0.844266 0.155734 0
0.441976 0.558024 0
0.268067 0.0887444 0.643189
0.251454 0.220047 0.528499
0.441558 0 0.558442
0.0641752 0.204049 0.731776
0.685421 0.314579 0
0.75 0 0.25
0.0791808 0.314059 0.606761
0.510359 0.0754429 0.414198
0.501143 0.188395 0.310463
0.401329 0.598671 0
1.37359e-17 0.75 0.25
0.293124 0.253545 0.45333
0.805006 0.194994 0
0.922297 0.077703 0
0.341376 0.059625 0.598999
1.06656e-17 1.00357e-16 1
0.379324 0.204287 0.416389
0.0440648 0.0198219 0.936113
0.0479007 0.0958967 0.856203
0.674239 0.0757605 0.25
0.474832 0.0319225 0.493246
