0.330749 0.086274 0.582977
0.151551 0.848449 0
0.227338 0.772662 0
0.322814 0.213877 0.463309
0.38009 0.61991 0
0.768124 0.231876 0
0.303601 0.696399 0
0.559111 0.0685022 0.372387
0.389031 0.360969 0.25
0.521558 0.0271173 0.451325
0.254764 0.131672 0.613564
0.521256 0.158885 0.319858
0.418554 0.581446 0
0.0282799 0.6838 0.287921
0.410685 0.0327158 0.5566
6.26934e-18 0.525477 0.474523
0.49566 0.50434 0
7.7047e-18 0.645784 0.354216
0.113705 0.886295 0
0.189468 0.810532 0
0.016491 0.453367 0.530142
3.93414e-18 0.329748 0.670252
0.0758048 0.924195 0
0.341723 0.658277 0
0.235571 0.265072 0.499357
0.0674437 0.489491 0.443065
0.961545 0.0384547 0
0.447933 0.209054 0.343013
0.196278 0.553722 0.25
0.589843 0 0.410157
0.289146 0.397039 0.313814
0.169437 1.88113e-17 0.830563
0.239243 0.368289 0.392468
0.0379006 0.962099 0
0.651215 0.348785 0
0.269368 0 0.730632
0.075648 0.0652839 0.859068
0.265412 0.734588 0
0.198249 0.0374054 0.764346
0.304674 0.0338695 0.661456
3.75679e-18 0.40078 0.59922
1.24604e-18 0.10444 0.89556
0.027312 0.0320331 0.940655
0.113348 0.220192 0.66646
0.165434 0.509048 0.325518
0.75 0 0.25
2.06188e-18 0.219964 0.780036
0.482476 0.118825 0.398699
0.60033 0.0911568 0.308514
0.179402 0.177852 0.642746
0.658482 0 0.341518
0.186918 0.351347 0.461734
0 0 1
0.558263 0.191737 0.25
0.139557 0.450617 0.409826
0.441388 0.0825145 0.476097
0.364453 0.127166 0.508381
0.0893954 0.547013 0.363592
0.0166315 0.582199 0.40117
0.0754938 0.177814 0.746692
0.120462 0.593429 0.28611
0.0920299 0.288506 0.619464
0.147948 0.313984 0.538068
0 1 0
0.368383 0.250742 0.380874
0.573284 0.426716 0
0.612216 0.387784 0
0.0944222 0.655578 0.25
0.151765 0.13018 0.718055
0.226343 0.0864237 0.687233
8.94807e-18 0.75 0.25
0.0287088 0.262826 0.708466
0.404263 0.16822 0.427517
0.0997175 1.10709e-17 0.900283
0.103868 0.404025 0.492107
0.194596 0.229891 0.575514
0.690257 0.309743 0
0.332674 0.326667 0.340659
0.418109 0.29192 0.289971
0.88438 0.11562 0
0.0232087 0.149337 0.827455
0.729279 0.270721 0
0.479867 0 0.520133
0.281677 0.178228 0.540095
0.632908 0.117092 0.25
0.53439 0.46561 0
0.688268 0.0434873 0.268244
0.0661565 0.362622 0.571221
1 0 0
0.21009 0.434039 0.355871
0.249285 0.483058 0.267658
0.3741 0 0.6259
0.807009 0.192991 0
0.318242 0.431758 0.25
0.84571 0.15429 0
0.923008 0.0769923 0
0.281418 0.294671 0.423911
0.456974 0.543026 0
0.488774 0.261226 0.25
0.115028 0.0934363 0.791535
