0.522046 0.227954 0.25
2.60209e-17 0.75 0.25
1.78948e-17 0.392241 0.607759
0.492793 0.13004 0.377167
0.811717 0.188283 0
0.168299 0.29706 0.534642
0.245294 0.375225 0.379482
0.00756915 0.248735 0.743696
0.387347 0.612653 0
0.115752 0.884248 0
0.468381 0.202716 0.328903
0.697281 0.302719 0
0.570057 0.0163053 0.413637
0.300012 0.168019 0.531968
0.232365 0.517635 0.25
0.252835 0.252474 0.494691
0.849615 0.150385 0
0.137448 0 0.862552
0.0838173 0.464351 0.451832
8.43953e-18 0.184988 0.815012
0.277852 0.0277535 0.694394
0.348341 0.651659 0
1.0182e-16 1 0
1.45888e-17 0.319774 0.680226
0.0385884 0.961412 0
0.75 0 0.25
0.414464 0.277766 0.30777
2.27707e-17 0.499115 0.500885
0.0389897 0.68632 0.27469
0.0171877 0.113139 0.869673
0.292177 0.291799 0.416024
0.122213 0.382688 0.495099
0.193007 0.806993 0
0.773604 0.226396 0
0.6906 0.0298257 0.279575
0.0771446 0.922855 0
0.582104 0.417896 0
0.213962 0.212861 0.573177
0.0931396 0.207459 0.699401
0.114692 0.635308 0.25
0.071761 0.00838312 0.919856
0.0806482 0.595582 0.32377
0.303301 0.0674179 0.629282
0.337131 0.20695 0.455919
0.0642711 0.156683 0.779046
0.547309 0.100472 0.352219
0.27046 0.72954 0
0.33275 0.331129 0.336121
0.0851652 0.341198 0.573636
0.543232 0.456768 0
0.154372 0.845628 0
0.304744 0.445256 0.25
0.173377 0.168644 0.657979
0.164689 0.422672 0.412639
1 0 0
0.925091 0.074909 0
0.449427 0.300573 0.25
0.209069 0.0869112 0.70402
0.351538 0.0870585 0.561404
0.642853 0.107147 0.25
0.0609436 0.289076 0.64998
0.472933 0.0773869 0.449681
0.659046 0.340954 0
0.409665 0 0.590335
0.376638 0.373064 0.250298
0.516384 0 0.483616
0.64305 0 0.35695
0.134651 0.251427 0.613922
0.441987 0.0317964 0.526217
0.426444 0.573556 0
0.0570469 0.543082 0.399871
0.0941881 0.0758336 0.829978
0.610062 0.0691817 0.320756
0.962614 0.0373863 0
0.206611 0.336898 0.45649
0.136334 0.12023 0.743436
0.569729 0.159931 0.270341
0 0.574218 0.425782
0.254459 0.135098 0.610443
0.887418 0.112582 0
0.420263 0.165976 0.413761
3.39411e-18 1.04837e-17 1
0.0334255 0.428659 0.537916
0.620711 0.379289 0
0.376183 0.244833 0.378984
0.231729 0.768271 0
0.17405 0.0341171 0.791833
0.203877 0.466194 0.329929
0.504396 0.495604 0
0.129879 0.508167 0.361953
0.309439 0.690561 0
0.735586 0.264414 0
0.164896 0.561014 0.274091
0.239742 0 0.760258
0.465526 0.534474 0
0.344092 0 0.655908
2.96295e-17 0.649455 0.350545
2.9742e-18 0.0651922 0.934808
0.279987 0.411991 0.308022
0.388806 0.121973 0.489221
