0.0748437 0.302014 0.623142
0.0735993 0.18891 0.737491
0.240359 0.0920062 0.667634
0.228533 0.347613 0.423853
0.265277 0.390812 0.343912
0.675595 0.0744045 0.25
0.671248 0 0.328752
0.64049 0.35951 0
0.481362 0.23678 0.281858
0.196321 0.17867 0.625008
0.0303408 0.030552 0.939107
0.396672 0.148582 0.454746
0.345729 0.343021 0.31125
0.234351 0.222416 0.543233
0.0696287 0.0764874 0.853884
0.241555 0.758445 0
0.321335 0.678665 0
0.44558 0.30442 0.25
0.96022 0.0397798 0
0.272048 0.264705 0.463247
0.592492 0 0.407508
0.92041 0.0795896 0
0.551383 0.198617 0.25
2.71385e-18 0.104896 0.895104
0.840644 0.159356 0
0.352068 0 0.647932
0.438026 0.191106 0.370868
1.89021e-17 0.34051 0.65949
0.154602 0.261501 0.583897
0.476134 0 0.523866
0.104676 0 0.895324
4.16334e-17 0.75 0.25
0.177097 0.572903 0.25
0 0.641889 0.358111
0.396593 0.268145 0.335262
0.405363 0.0157008 0.578937
0.358663 0.101494 0.539843
0.0532012 0.568752 0.378047
0.161409 0.838591 0
0.0807901 0.91921 0
0 0 1
0.281463 0.718537 0
0.182354 0.431715 0.38593
0.030289 0.4994 0.470311
0.18291 0 0.81709
0.560452 0.439548 0
0.0403845 0.959616 0
0.190915 0.305121 0.503964
1.25517e-17 0.22611 0.77389
0.138194 0.521746 0.34006
0.212202 0.0402259 0.747572
0.68056 0.31944 0
0.440879 0.559121 0
0.102338 0.601254 0.296408
0.480669 0.519331 0
0.800727 0.199273 0
1.67889e-17 0.557035 0.442965
0.144333 0.0565315 0.799136
0.0175068 0.158404 0.824089
0.478829 0.10976 0.41141
0.516829 0.155644 0.327527
0.275858 0.141736 0.582405
0.52384 0.0234753 0.452685
0.0218017 0.685054 0.293144
0.361213 0.638787 0
0.75 0 0.25
0.315437 0.0644113 0.620152
2.58718e-17 1 0
0.374631 0.375369 0.25
0.16093 0.136225 0.702845
0.880564 0.119436 0
0.601798 0.131857 0.266345
0.0867849 0.663215 0.25
0.760676 0.239324 0
0.109779 0.344368 0.545853
0.148919 0.387551 0.46353
0.0228422 0.387063 0.590095
0.31587 0.183413 0.500718
0.305238 0.433383 0.261379
0.720624 0.279376 0
0.247499 0.502501 0.25
0.437445 0.0711555 0.491399
0.3093 0.306046 0.384653
0.201619 0.798381 0
0.52052 0.47948 0
0.401057 0.598943 0
0.1068 0.118843 0.774357
0.0232115 0.271403 0.705386
0.281439 0 0.718561
0.631261 0.0546751 0.314064
0.0744732 0.421946 0.503581
0.214384 0.473121 0.312495
1 0 0
0.354859 0.227176 0.417966
0.121107 0.878893 0
0.557377 0.0800197 0.362603
0.113668 0.222586 0.663746
0.600434 0.399566 0
0.10449 0.475511 0.419999
0 0.455718 0.544282
