0.134668 0.20293 0.662401
0.478675 0.521325 0
0.0244745 0.440434 0.535092
0.18366 0 0.81634
0.959923 0.0400768 0
0.0799099 0.473861 0.44623
0.0943828 0.281309 0.624308
0.224405 0.0291262 0.746469
0.35974 0.38052 0.25974
8.11046e-18 0.165241 0.834759
0.663698 0.0863016 0.25
0.439261 0.212145 0.348593
0.879691 0.120309 0
0.221835 0.155876 0.622289
4.93619e-18 0.100569 0.899431
0.159992 0.840008 0
0.40659 0.0485699 0.54484
0.484493 0.251279 0.264228
0.0622646 0.548586 0.38915
0.919806 0.0801945 0
0.334951 0.0326214 0.632428
0.1309 0.5181 0.350999
0.518614 0.481386 0
0.558565 0.441435 0
0.178204 0.120633 0.701162
0.398068 0.173113 0.42882
0.239599 0.760401 0
0.393981 0.290352 0.315667
0.145872 0.313138 0.54099
0.27265 0.302442 0.424908
1.59517e-17 0.324998 0.675002
0.142566 0.0832617 0.774173
0.196993 0.473035 0.329972
0.0263912 0.0370878 0.936521
0.120003 0.879997 0
0.0664972 0.355346 0.578157
0.603725 0.122437 0.273839
0.839596 0.160404 0
0.257248 0.0788893 0.663863
2.49594e-17 0.508519 0.491481
0.0898058 0 0.910194
1.12828e-17 0.229874 0.770126
0.398909 0.601091 0
5.31751e-18 5.01936e-17 1
0.232301 0.384292 0.383407
0.0800364 0.919964 0
0.319271 0.680729 0
0.759299 0.240701 0
1 0 0
0.556094 0 0.443906
1.94013e-17 0.395279 0.604721
0.104102 0.600184 0.295714
0.189659 0.349266 0.461076
0.270759 0.417809 0.311432
0.199816 0.800184 0
0.519782 0.161805 0.318413
0.55442 0.19558 0.25
0.629654 0 0.370346
0.0907242 0.171046 0.738229
0.678916 0.321084 0
0.799437 0.200563 0
0.482535 0 0.517465
0.293449 0 0.706551
0.106384 0.0431568 0.850459
0.598648 0.401352 0
3.68119e-17 0.75 0.25
0.315661 0.339274 0.345064
2.84904e-17 0.580459 0.419541
0.354533 0.254973 0.390494
0.0428529 0.254095 0.703052
0.521423 0.0574276 0.421149
0.313408 0.219066 0.467526
0.155203 0.432686 0.412111
0.279486 0.720514 0
0.35907 0.64093 0
0.108403 0.395004 0.496593
0.575639 0.0773605 0.347
0.227827 0.513408 0.258765
0.480603 0.130134 0.389263
0.299138 0.450862 0.25
0.0400636 0.959936 0
0.683097 0.0164631 0.300439
0.438772 0.561228 0
0.42934 0.32066 0.25
0.182067 0.23483 0.583103
0.268991 0.186489 0.544519
0.0645607 0.124777 0.810662
0.441817 0.0889296 0.469254
0.357113 0.135534 0.507353
0.229091 0.267408 0.503502
0.0796791 0.670321 0.25
0.393038 0 0.606962
4.83656e-18 1 0
3.38804e-17 0.690274 0.309726
0.0242679 0.628155 0.347577
0.172773 0.577227 0.25
0.719082 0.280918 0
0.310153 0.106672 0.583175
0.638828 0.361172 0
0.75 0 0.25
