0.0738818 0.603977 0.322142
0.0731057 0.926894 0
0 0.420315 0.579685
0.404413 0 0.595587
0.573426 0.157575 0.268999
0.0236792 0.0380828 0.938238
0.452647 0.274855 0.272498
0.365635 0.307816 0.326548
0.333442 0.0229272 0.643631
0.177742 0.479758 0.342499
0.293878 0.706122 0
0.406596 0.343404 0.250001
0.161484 0.351696 0.486819
0.160703 0.107739 0.731559
0.604121 0.07317 0.322709
0.837111 0.162889 0
0.222055 0.527945 0.250001
0.877937 0.122063 0
0.644271 0.105728 0.250001
0.749999 0 0.250001
0.110758 0.527236 0.362006
0.286266 0.110831 0.602902
0.288334 0 0.711666
0.183128 0.816872 0
0.0772588 0.495626 0.427115
0.796563 0.203437 0
0 0 1
0.199695 0.152273 0.648032
1 0 0
0.560098 0.439902 0
0.0983919 0 0.901608
0.573882 0.019661 0.406457
0.487901 0.0730337 0.439065
0.521284 0.478716 0
0.644754 0 0.355246
0.44472 0.55528 0
0.716518 0.283482 0
0.368874 0.631126 0
0.324587 0.153218 0.522195
0.63769 0.36231 0
0.598876 0.401124 0
0.109403 0.640596 0.250001
0.45354 0.0207574 0.525702
0.146403 0.853597 0
0.0795342 0.385703 0.534763
0 0.304098 0.695902
0.115357 0.310566 0.574078
0.076668 0.267923 0.655409
0.0196969 0.578724 0.401579
0.0821523 0.14228 0.775568
0.487465 0.189409 0.323126
0.331357 0.668643 0
0.322758 0.273426 0.403816
0.0365949 0.963405 0
0.156094 0.567769 0.276136
0.406831 0.593169 0
0.0347434 0.689055 0.276202
0.203608 0.399415 0.396978
0.483007 0.516993 0
0.530247 0.110167 0.359586
5.20417e-18 0.749999 0.250001
0.522897 0.227102 0.250001
0.0278965 0.463569 0.508535
0.95932 0.0406801 0
0.30916 0.440839 0.250001
0.129034 0.0477137 0.823252
0.408304 0.109021 0.482676
0.115137 0.18968 0.695183
0.918601 0.0813993 0
0.756567 0.243433 0
0.366638 0.0737025 0.55966
0.256688 0.743312 0
0.0262302 0.232083 0.741686
0.281393 0.357777 0.360829
0.523699 0 0.476301
0.158474 0.230619 0.610907
0.21338 0.0327262 0.753893
0 0.531211 0.468789
0.248026 0.449731 0.302243
0.0248414 0.35143 0.623729
0.241806 0.191761 0.566432
0.245466 0.0763749 0.678159
0.330912 0.383787 0.285301
3.77302e-17 1 0
2.44902e-17 0.649087 0.350913
0.123205 0.428856 0.447939
0.281847 0.233715 0.484437
0.241081 0.315446 0.443472
0.0600032 0.0875567 0.85244
0.689044 0.0307613 0.280195
0.189252 0 0.810748
0.109697 0.890303 0
0.407788 0.232109 0.360103
0 0.112791 0.887209
0.219919 0.780081 0
0.199496 0.272364 0.528139
0 0.188614 0.811386
0.446742 0.15151 0.401748
0.365302 0.192352 0.442346
0.676985 0.323015 0
