0.0699767 0.118276 0.811747
0.591647 0.408353 0
0.577741 0 0.422259
0.127682 0.872318 0
0.79743 0.20257 0
0.674654 0.325346 0
0.0852249 0.914775 0
0 0.0567238 0.943276
0.18159 0.289825 0.528585
0.496476 0.242987 0.260536
0 0.572775 0.427225
0.26208 0.48792 0.25
0 0.324421 0.675579
0.675274 0 0.324726
0 0.219914 0.780086
0.14241 0.37392 0.48367
0.549667 0.450333 0
0.405822 0.163411 0.430768
0.568014 0.181986 0.25
0.0978385 0.652161 0.25
0.409964 0 0.590036
0.30137 0.418091 0.280538
0.0977205 0.460803 0.441476
0.369417 0.244911 0.385671
0.715528 0.284472 0
0.0626961 0.5425 0.394804
0.0426209 0.957379 0
0.612708 0.027509 0.359783
0.123026 0.200381 0.676592
0.449162 0.202637 0.348201
0.838144 0.161856 0
0.148837 0.0738074 0.777355
0.0807556 0 0.919244
0.0275539 0.686996 0.28545
0.13816 0.5029 0.35894
1 0 0
0.255557 0.248672 0.495772
0.524879 0.158936 0.316184
0.286821 0.164253 0.548926
0.0897837 0.164849 0.745367
0.254917 0.745083 0
0.248494 0.0632745 0.688231
0.175417 0.109084 0.715499
0.294287 0.290695 0.415018
0.177498 0.417411 0.405091
0.328439 0.206804 0.464756
0.269355 0 0.730645
0.423771 0.576229 0
0.219403 0.452056 0.328541
0.083198 0.596056 0.320746
0.212557 0.787443 0
0.0347296 0.0830212 0.882249
0.407043 0.281526 0.311431
0.103559 0.331695 0.564746
0.619393 0.10987 0.270737
0.381599 0.618401 0
0.195317 0 0.804683
0.121621 0.0246882 0.853691
0.438647 0.311353 0.25
0.297213 0.702787 0
0.0179445 0.375338 0.606718
0.465748 0.534252 0
0 0.153735 0.846265
0.218609 0.333293 0.448098
0.0747573 0.286375 0.638868
0.381637 0.0589711 0.559392
0.483932 0.119326 0.396742
7.68818e-17 1 0
0.685031 0.0649687 0.25
0.919397 0.0806033 0
0.756609 0.243391 0
0.0328317 0.251976 0.715193
0.368358 0.381642 0.25
0.170138 0.829862 0
0.564098 0.0901094 0.345792
0.164155 0.585845 0.25
0.482054 0 0.517946
0.438095 0.0828261 0.479079
0.152022 0.242769 0.60521
0 0 1
0.258328 0.374235 0.367437
0.507844 0.492156 0
0.339081 0.00392282 0.656996
0.187349 0.528418 0.284232
0.339443 0.660557 0
0.633271 0.366729 0
0.959697 0.0403032 0
0.30067 0.090546 0.608784
0 0.445732 0.554268
0 0.75 0.25
0.357582 0.128805 0.513613
0.333732 0.332601 0.333667
0.208046 0.147015 0.644939
0.0679724 0.412446 0.519582
0.0130057 0.502765 0.48423
0 0.6443 0.3557
0.75 0 0.25
0.224138 0.20003 0.575831
0.516733 0.0388917 0.444375
0.878825 0.121175 0
