0.401401 0.268846 0.329753
3.81925e-17 0.688014 0.311986
0.351995 0.648005 0
0.331124 0.184868 0.484008
0.281398 0.399978 0.318624
0.209313 0.461847 0.32884
5.55112e-17 1 0
0.0390628 0.0200731 0.940864
0.321968 0.428031 0.250001
0.407785 0.139787 0.452428
0.107959 0.54905 0.342991
0.0626642 0.451047 0.486289
0.379691 0 0.620309
0.431673 0.568327 0
0.674079 0.325921 0
0.148716 0.601284 0.250001
0.0563127 0.623792 0.319895
0.341238 0.0591707 0.599591
0.645311 0 0.354689
0.749999 0 0.250001
0 0 1
1.46998e-17 0.489837 0.510163
2.82492e-18 0.0941339 0.905866
0.0908393 0.497909 0.411251
0.114078 0.312313 0.573609
0.182699 0.533881 0.28342
0.573345 0.0305816 0.396074
0.471699 0.528301 0
0.366855 0.357985 0.275161
0.130599 0.0776968 0.791704
0.15259 0.226258 0.621151
0.312285 0.687715 0
0.19442 0.80558 0
0.0285336 0.352486 0.61898
0.298502 0.140359 0.561139
0.155278 0.844722 0
0.198729 0.138397 0.662874
1.81665e-17 0.605356 0.394644
0.115888 0.189968 0.694144
0.6029 0.0792116 0.317888
0.233554 0.766446 0
1 0 0
0.363593 0.229377 0.407029
0.592918 0.407082 0
0.113107 0 0.886893
0.268705 0.08503 0.646265
2.25072e-17 0.749999 0.250001
0.234821 0.363088 0.402091
0.490663 0.0883017 0.421035
0.571652 0.170213 0.258134
0.171284 0.442491 0.386225
0.0778209 0.672178 0.250001
0.116326 0.883674 0
0.2728 0.7272 0
0.0189287 0.542623 0.438448
0.479117 0.211349 0.309534
0.0813614 0.0594476 0.859191
0.755528 0.244472 0
0.252015 0.497984 0.250001
0.170989 0.104465 0.724546
0.796343 0.203657 0
0.391774 0.608226 0
0.633438 0.366562 0
0.321386 0.318049 0.360564
0.528144 0.127392 0.344464
0.688501 0.0318097 0.27969
1.25542e-17 0.418341 0.581659
0.552411 0.447589 0
0.0759608 0.270793 0.653246
0.187039 0 0.812961
0.142068 0.404167 0.453765
0.0901719 0.378525 0.531303
0.254408 0.231178 0.514414
0.0387129 0.961287 0
0.231216 0.0255691 0.743215
0.457639 0 0.542361
0.535549 0 0.464451
0.50845 0.24155 0.250001
0.0816548 0.15531 0.763036
9.31283e-18 0.310329 0.689671
0.959293 0.0407069 0
6.0104e-18 0.200283 0.799717
0.4441 0.176471 0.379429
0.444639 0.0580495 0.497312
0.195405 0.324885 0.479709
0.0774427 0.922557 0
0.877842 0.122158 0
0.22755 0.181761 0.590689
0.0265709 0.240057 0.733372
0.714771 0.285229 0
0.282362 0.277607 0.440031
0.0296277 0.132867 0.837505
0.643302 0.106698 0.250001
0.376809 0.0920609 0.53113
0.18014 0.272859 0.547001
0.918585 0.0814148 0
0.435378 0.314621 0.250001
0.301958 0 0.698042
0.837083 0.162917 0
0.511946 0.488054 0
