0.227546 0.497513 0.274941
0.293442 0.35203 0.354529
0.104822 0.62109 0.274088
0.0297381 0.0318553 0.938407
0.779107 0.220893 0
0.27955 0.72045 0
0.0689448 0.200168 0.730887
0.26482 0.0309907 0.704189
0.259437 0.301993 0.438571
0 0 1
1.17869e-17 0.235313 0.764687
0.104341 0.118192 0.777467
0.491735 0.073016 0.435249
0.371467 0.311381 0.317152
1 0 0
0.182842 0.0797322 0.737426
0.963449 0.0365508 0
0.926855 0.073145 0
3.75676e-17 0.75 0.25
0.199959 0.800041 0
0.358492 0.641508 0
0.101343 0.248226 0.650431
0.666482 0.333518 0
0.183334 0.337861 0.478805
0.332735 0 0.667265
0.105523 0 0.894477
0.259069 0.17133 0.569601
0.654333 0.095667 0.25
0.297551 0.0866917 0.615758
0.144738 0.162756 0.692506
0.85314 0.14686 0
0.01614 0.416805 0.567055
0.0705647 0.451666 0.477769
0.460215 0.289785 0.25
0.145034 0.533803 0.321162
0.628518 0.371482 0
0.297708 0.220055 0.482237
0.689724 0.0238957 0.28638
0.513753 0.486247 0
0.223348 0 0.776652
3.03353e-17 0.605613 0.394387
0.0204621 0.537385 0.442153
0.586732 0.163268 0.25
0.336138 0.266497 0.397364
0.0682038 0.578282 0.353514
5.55112e-17 1 0
0.43655 0.56345 0
0.181676 0.20829 0.610035
0.222655 0.121947 0.655398
0.552113 0.447887 0
0.221167 0.25472 0.524114
0.522117 0.224948 0.252935
0.160277 0.839723 0
0.0147795 0.291377 0.693843
0.41468 0.102499 0.482821
0.371004 0.0636228 0.565373
0.177648 0.572352 0.25
0.0688414 0.327952 0.603207
0.148462 0.416543 0.434995
0.287651 0.462348 0.25
0.397673 0.602327 0
0.195731 0.454537 0.349732
0.89008 0.10992 0
1.81442e-17 0.362232 0.637768
0.535542 0.11331 0.351148
0.120295 0.879705 0
0.457867 0.0169066 0.525227
0.144717 0.291167 0.564116
0.0802109 0.919789 0
0.00341307 0.670563 0.326024
0.704199 0.295801 0
0.063886 0.686114 0.25
0.15356 0.0239675 0.822473
0.103151 0.374488 0.522361
0.239889 0.760111 0
0.0401135 0.959886 0
0.452998 0.15023 0.396772
0.75 0 0.25
5.39159e-18 0.107638 0.892362
0.590462 0.409538 0
0.475289 0.524711 0
2.70388e-17 0.487087 0.512913
0.404233 0 0.595767
0.0150276 0.164367 0.820605
0.526847 0 0.473153
0.335425 0.140099 0.524476
0.0713444 0.0763215 0.852334
0.376384 0.185688 0.437928
0.491923 0.190592 0.317485
0.573971 0.0231014 0.402928
0.606861 0.0751817 0.317957
0.106236 0.495903 0.397862
0.642109 0 0.357891
0.741868 0.258132 0
0.319018 0.680982 0
0.390467 0.359532 0.25
0.226997 0.384806 0.388197
0.816027 0.183973 0
0.417206 0.23415 0.348644
0.318753 0.399554 0.281693
