0.37492 0.288072 0.337008
1 0 0
0.190323 0.559677 0.25
0.264486 0.406029 0.329485
0.420196 0.579804 0
0 0.0811137 0.918886
0.236512 0 0.763488
0.118928 0.600905 0.280167
0.177759 0.0543442 0.767896
0.25212 0.74788 0
0.147897 0.39915 0.452953
0.394541 0.0422236 0.563236
0.336229 0.663771 0
0.0815902 0.66841 0.25
0 0.188441 0.811559
0.182833 0.191876 0.62529
0.628987 0.0370514 0.333961
0.0208012 0.521298 0.457901
0.0195358 0.40182 0.578645
0.599506 0.116979 0.283514
0 0.691571 0.308429
0.188559 0.443402 0.368039
0.144962 0.140504 0.714533
0.574252 0.175748 0.25
0.53236 0 0.46764
0.75 0 0.25
0.261703 0.281159 0.457138
0.262792 0.156366 0.580842
0.223457 0.236304 0.540239
0.503877 0.496123 0
0.37534 0 0.62466
0.462069 0.537931 0
0.0710079 0.43639 0.492602
0.0839647 0.916035 0
0.105111 0.358058 0.536831
2.02322e-17 1 0
0.479571 0.142747 0.377682
0.1259 0.8741 0
0.234537 0.489514 0.275948
0.304248 0.445752 0.25
0.670807 0.329193 0
0.513819 0.191985 0.294196
0.917984 0.0820157 0
0.218942 0.114707 0.666351
0.107365 0.479112 0.413523
0.210046 0.789954 0
0.250274 0.0467337 0.702992
0.545763 0.454237 0
5.13485e-18 0.253796 0.746204
0.629247 0.370753 0
0.835921 0.164079 0
0.552349 0.0928913 0.35476
0.692249 0 0.307751
0.587579 0.412421 0
0.106122 0.0921489 0.801729
0.318273 0 0.681727
0.0760097 0.554648 0.369343
0.345881 0.118604 0.535516
0.444419 0.2387 0.316881
1.36398e-17 0.75 0.25
0.432307 0.0868155 0.480877
0.712248 0.287752 0
0.0318881 0.278429 0.689683
0.0584144 0 0.941586
7.14231e-18 0.353017 0.646983
0.153943 0 0.846057
0.465795 0 0.534205
0.959029 0.0409712 0
0 0.471929 0.528071
0.302427 0.198967 0.498606
0.0701221 0.172137 0.757741
0.0325083 0.629467 0.338024
0.599003 0 0.400997
0.337907 0.243442 0.418652
0.383205 0.159372 0.457423
0.378241 0.621759 0
0.294144 0.705856 0
0.301371 0.326989 0.37164
0.876968 0.123032 0
0.224361 0.362064 0.413575
0.67069 0.0793102 0.25
0.152397 0.519134 0.328469
0.146414 0.272741 0.580846
0.753555 0.246445 0
0.106461 0.225366 0.668173
0.0839913 0.0380839 0.877925
0.303897 0.0794767 0.616626
0.413259 0.195598 0.391143
0.504995 0.063029 0.431976
0.0275355 0.122987 0.849478
0.0419148 0.958085 0
0 0 1
0.0735288 0.312852 0.613619
0.79468 0.20532 0
0.167991 0.832009 0
0.183808 0.31841 0.497783
0.482922 0.267078 0.25
0.344828 0.374255 0.280918
0 0.589491 0.410509
0.412179 0.337821 0.25
