0.0664258 0 0.933574
0.0968443 0.273419 0.629736
0.128928 0.424731 0.446341
0.691417 0.0355301 0.273053
0 0.649151 0.350849
0.476755 0 0.523245
0 0.75 0.25
0.357165 0.642835 0
0.634232 0.365768 0
0.215898 0.381465 0.402637
0 1 0
0.236712 0.138502 0.624786
0.554659 0.445341 0
0.127785 0.537362 0.334853
0 0.289463 0.710537
0.301346 0.341142 0.357512
0 0.43773 0.56227
0.178335 0.571665 0.25
0.392644 0.170596 0.436761
0.0851292 0.0717951 0.843076
0.147519 0.191405 0.661076
0.317728 0.682272 0
0.119843 0.880157 0
0.582962 0 0.417038
0.639562 0.110438 0.25
0.238955 0.761045 0
0.369872 0 0.630128
0.187704 0.223755 0.588541
0.674231 0.325769 0
0.405624 0.0333308 0.561045
0.835953 0.164047 0
0.0146728 0.0624602 0.922867
0.281462 0 0.718538
0.754716 0.245284 0
0.0801487 0.919851 0
0.795283 0.204717 0
0.958802 0.0411977 0
0.548325 0.0851568 0.366518
0.191454 0 0.808546
0.0357483 0.470629 0.493623
1.27371e-17 0.540859 0.459141
0.917907 0.0820932 0
0.0635073 0.24102 0.695473
0.475298 0.524702 0
0.290459 0.0500761 0.659465
0.0299901 0.579697 0.390313
0.079964 0.607229 0.312807
0.32251 0.0893366 0.588154
0.0593375 0.343267 0.597395
0.357314 0.127798 0.514889
0.876852 0.123148 0
0 0.12262 0.87738
0.032547 0.690051 0.277401
0.252808 0.421648 0.325545
0.714368 0.285632 0
0.433066 0.209765 0.357169
0.221713 0.0417488 0.736538
0.138057 0.0886422 0.773301
0.515634 0.0324757 0.451891
0.089532 0.388129 0.522339
0.3965 0.6035 0
0.612389 0.0699839 0.317627
0.75 0 0.25
0.278298 0.721702 0
1 0 0
0.0415529 0.147482 0.810965
0.310822 0.214878 0.474299
0.177881 0.343441 0.478677
0.273735 0.176108 0.550157
0.288369 0.461631 0.25
0.226866 0.260368 0.512767
0.19942 0.80058 0
0.400311 0.349688 0.25
0.435908 0.564092 0
0.65213 0 0.34787
0 0.216644 0.783356
0.491589 0.227533 0.280878
0.126825 0.00568652 0.867489
0.33542 0.389685 0.274895
0.040161 0.959839 0
0.0971103 0.165723 0.737167
0.348048 0.255236 0.396717
0.567938 0.182062 0.25
0.435266 0.0838971 0.480836
0.472518 0.123922 0.40356
0.514791 0.485209 0
0.216815 0.504528 0.278657
0 0 1
0 0.36359 0.63641
0.594237 0.405763 0
0.159647 0.840353 0
0.105919 0.64408 0.25
0.26426 0.29958 0.436161
0.519118 0.154397 0.326485
0.0850655 0.501438 0.413497
0.189522 0.113588 0.69689
0.172004 0.462194 0.365802
0.381774 0.297688 0.320538
0.141618 0.305018 0.553364
0.465801 0.284198 0.25
