0.657068 0.342932 0
0.507194 0.492806 0
0.568571 0.0275094 0.40392
0.694817 0.305183 0
0.0683638 0.672302 0.259334
0.923216 0.0767838 0
0.236387 0.108052 0.655561
0.130485 0.619513 0.250002
0.359585 0.640415 0
0.317249 0.0734179 0.609333
0.0710542 0.928946 0
0.00400159 0.685795 0.310204
0.409341 0.210175 0.380484
0.686749 0.0336 0.279651
0.0867167 0.592183 0.3211
0.214008 0.785992 0
0.396185 0.603815 0
0.0374134 0.559193 0.403393
0.193872 0.556126 0.250002
1.46879e-17 0.349352 0.650648
0.619415 0.380585 0
9.56614e-18 0.227531 0.772469
0.130445 0.405581 0.463974
0.403405 0.0238974 0.572698
0.0884824 0.483434 0.428084
0.460204 0.253642 0.286153
0.0658528 0.319714 0.614434
0.884914 0.115086 0
0.106899 0 0.893101
0 0 1
0.32948 0.360942 0.309578
0.230736 0 0.769264
0.581911 0.418089 0
0.250169 0.749831 0
0.111584 0.109906 0.778509
0.42022 0.142696 0.437084
0.0740902 0.0729891 0.852921
0.133626 0.52237 0.344004
0.644888 0 0.355112
0.470035 0.529965 0
1.76941e-17 0.420855 0.579145
0.174119 0.44503 0.380851
0.0311727 0.0301558 0.938672
0.295761 0.318959 0.385281
0.451914 0.0699766 0.478109
0.0355423 0.964458 0
0.342961 0.232826 0.424213
0.28919 0.460808 0.250002
0.0916372 0.367587 0.540776
0.145338 0.277815 0.576847
0.0729449 0.190689 0.736366
0.73255 0.26745 0
0.178374 0.321096 0.50053
0.177987 0.822013 0
0.21547 0.362746 0.421784
0.192595 0.0728252 0.734579
0.484769 0.176092 0.339139
0.0376102 0.452614 0.509776
0.219009 0.488608 0.292382
0.10657 0.89343 0
0.142214 0.857786 0
0.961571 0.0384295 0
0.262075 0.275581 0.462345
0.105583 0.237041 0.657376
0.808643 0.191357 0
2.20316e-17 0.524022 0.475978
0.429205 0.320793 0.250002
0.159935 0.0183083 0.821757
0.64093 0.109068 0.250002
0.470021 0 0.529979
0.56699 0.150424 0.282586
0.152288 0.152682 0.695029
0.770524 0.229476 0
0.354006 0 0.645994
2.62982e-17 0.625503 0.374497
0.0197462 0.157375 0.822879
0.544536 0.455464 0
0.28644 0.71356 0
0.276059 0.151243 0.572698
0.432884 0.567116 0
0.229269 0.233734 0.536997
0.846691 0.153309 0
0.318484 0.187045 0.494471
0.53785 0 0.46215
9.16832e-17 1 0
4.44874e-18 0.105813 0.894187
4.16333e-17 0.749998 0.250002
0.282512 0.0193132 0.698175
0.531541 0.218457 0.250002
0.377891 0.285289 0.33682
0.511594 0.103844 0.384563
0.749998 0 0.250002
0.018641 0.279214 0.702145
0.366878 0.107586 0.525536
0.254409 0.406953 0.338638
0.359175 0.390823 0.250002
0.32298 0.67702 0
0.59694 0.0756482 0.327411
0.190876 0.193023 0.616101
1 0 0
