0.845467 0.154533 0
0.922768 0.0772317 0
0.0941779 0.471561 0.434261
0.24062 0.50938 0.25
0.806708 0.193292 0
0.0836442 0.916356 0
0.107998 0.600223 0.291779
0.532196 0.467804 0
0.0807709 0.114887 0.804342
0.0347649 0.086461 0.878774
0.492896 0.257104 0.25
0.116825 0.154819 0.728356
0.328034 0.102896 0.569069
0.246694 0.0187869 0.734519
0.371687 0.628313 0
0.164259 0.306679 0.529062
0.383148 0.366852 0.25
2.73483e-19 0.159563 0.840437
1.16789e-17 0.690633 0.309367
0.578884 0.100373 0.320743
0.290583 0.301165 0.408252
0.334484 0.336362 0.329153
0.166812 0.833188 0
0.571911 0.428089 0
0.202917 0.227717 0.569367
0.283833 0.4117 0.304467
0.0601353 0.42362 0.516245
0.243602 0.148132 0.608266
0.202575 0.107389 0.690036
0.620449 0.0216624 0.357888
4.66166e-19 0.271983 0.728017
0.33027 0.223058 0.446673
0.170075 0.429378 0.400548
0.131586 0.386269 0.482144
0.539636 0.187401 0.272964
0.11809 0.270696 0.611214
0.330783 0.669217 0
0.496345 0.144496 0.359159
0.0689852 0.549142 0.381872
0.569391 0 0.430609
1 0 0
0.20811 0.79189 0
0.311884 0.438116 0.25
0 0.455235 0.544765
0.452408 0.547592 0
0.0113516 0.514359 0.474289
0.608071 0.141929 0.25
0.884156 0.115844 0
0.208245 0.34389 0.447865
0.0800505 0.669949 0.25
0.19502 0 0.80498
0.412057 0.587943 0
0.371026 0.0161245 0.61285
0.454154 0.100841 0.445005
0.75 0 0.25
0 0.75 0.25
0.611449 0.388551 0
0.082202 0 0.917798
0 0 1
0.0269817 0.628321 0.344697
0.670336 0.0744831 0.255181
0.369073 0.144645 0.486282
0.0283853 0.31486 0.656755
0.175723 0.574277 0.25
0 1 0
0.4078 0.0683692 0.52383
0.492394 0.507606 0
0.454375 0.220181 0.325445
0.413304 0.180785 0.405911
0.123315 0.026832 0.849853
0.690232 0.309768 0
0.374763 0.260794 0.364442
0.317006 0 0.682994
0.0825345 0.347607 0.569858
0.0783009 0.232505 0.689194
0.139955 0.516381 0.343665
0.159747 0.0739175 0.766335
0.286906 0.184589 0.528506
0.282135 0.0704847 0.64738
0.961384 0.0386158 0
0.651051 0.348949 0
0.0269351 0.201108 0.771957
0.290027 0.709973 0
0.16132 0.189403 0.649277
0.208595 0.470903 0.320502
0.441432 0 0.558568
0.249079 0.750921 0
0.247106 0.26413 0.488764
0.24718 0.380756 0.372064
0.125264 0.874736 0
0 0.583471 0.416529
0.42202 0.300743 0.277237
0.729111 0.270889 0
1.00555e-19 0.0586688 0.941331
0.767937 0.232063 0
0.685455 0 0.314545
0.0418588 0.958141 0
0 0.382609 0.617391
0.532319 0.0682303 0.399451
0.498144 0.0135539 0.488302
