0.12702 0.49311 0.379871
0.495634 0.254366 0.25
0.31208 0.0843712 0.603549
0.117933 0.376493 0.505574
0.278547 0.721453 0
0.548923 0.065989 0.385088
0.75 0 0.25
0.138822 0.16857 0.692608
0.702214 0.297786 0
0.251025 0.498975 0.25
0.0983577 0.249584 0.652058
0.0799124 0.920088 0
0.0334377 0.320082 0.64648
0.0748438 0.0723085 0.852848
0.357002 0.642998 0
0.550877 0.449123 0
0.165301 0.413798 0.420902
0.420187 0.181092 0.398721
0.31429 0.194136 0.491574
0.217997 0 0.782003
0.512429 0.487571 0
0.424145 0.313472 0.262383
0.395754 0.0322641 0.571982
0.268526 0.162994 0.56848
0.181937 0.209244 0.60882
0.331821 0.347866 0.320313
0.208309 0.458044 0.333646
0 0.602569 0.397431
0.962988 0.0370121 0
0.105392 0.121948 0.77266
0.509926 0.145325 0.344749
0.0484632 0.630795 0.320741
0.147235 0.602765 0.25
0.082477 0.455597 0.461926
0.382842 0.268428 0.348729
0 0.75 0.25
0.465866 0 0.534134
0.0342545 0.0268996 0.938846
0.357679 0.122982 0.51934
0.365166 0.384834 0.25
0 0.690985 0.309015
0.0922129 0.564178 0.343609
0 0.38958 0.61042
0.0300576 0.146557 0.823385
0.178049 0.535995 0.285956
0.289131 0 0.710869
0 0.288452 0.711548
0.777026 0.222974 0
0.395851 0.604149 0
0.151876 0.29023 0.557894
0.151758 0.029216 0.819026
0.814494 0.185506 0
0.199651 0.800349 0
0.461321 0.221073 0.317606
0.260118 0.0584211 0.681461
0.686467 0.0433011 0.270232
0.434879 0.565121 0
0.851732 0.148268 0
0.246189 0.383079 0.370732
0.463906 0.109917 0.426177
0.631751 0.118249 0.25
0.55832 0.182862 0.258818
0 0.10114 0.89886
0.626954 0.373046 0
0.082403 0.336232 0.581365
0.15972 0.84028 0
1 0 0
0.664771 0.335229 0
0.296013 0.311202 0.392786
0.589167 0.410833 0
0.59576 0.0885073 0.315733
1.01447e-16 1 0
0.29338 0.42926 0.27736
0.428091 0.0803974 0.491512
0.925944 0.0740558 0
0.108519 0 0.891481
0.266787 0.278469 0.454743
0.0784791 0.671521 0.25
0 0.203316 0.796684
0.030538 0.425665 0.543796
0.221534 0.130878 0.647588
0.182574 0.0840234 0.733403
0.473721 0.526279 0
0.888937 0.111063 0
0.0399959 0.960004 0
0 0.497518 0.502482
0.0528361 0.214946 0.732218
0.350469 0.222854 0.426677
0.239228 0.760772 0
0.228557 0.243555 0.527887
0 0 1
0.360313 0 0.639687
0.19579 0.333616 0.470594
0.0346331 0.535249 0.430118
0.317912 0.682088 0
0.739796 0.260204 0
0.512737 0.0206419 0.466621
0.583369 0 0.416631
0.119795 0.880205 0
0.654492 0 0.345508
