0.190155 0.408609 0.401237
0.117755 0.882245 0
0.623897 0.376103 0
0.266876 0.356594 0.376529
0.0321047 0.62414 0.343755
0.464513 0.285487 0.25
0 0.582538 0.417462
0.539184 0.111344 0.349472
0.0882996 0.270885 0.640816
0.186276 0.563724 0.25
0.444368 0.0370944 0.518537
0.337718 0 0.662282
0.0466026 0.0852128 0.868185
0.138016 0.176418 0.685566
1 0 0
0.0981462 0.134729 0.767125
0.0342371 0.507248 0.458515
0.274965 0.725035 0
0.168176 0.22224 0.609584
0.850638 0.149362 0
0.313999 0.269558 0.416443
0.470127 0.529873 0
0 0.688945 0.311055
0 0.324282 0.675718
0.445705 0.146157 0.408138
0.547188 0.452812 0
0.0411231 0.355508 0.603368
0.77563 0.22437 0
0.351349 0.311145 0.337507
0.233707 0.314032 0.452261
0.925353 0.0746465 0
0 0.254319 0.745681
0.121381 0.316312 0.562307
0.422577 0 0.577423
1.04083e-17 0.75 0.25
0 0.149498 0.850502
0 0 1
0.245428 0.175706 0.578866
0.0807059 0.406665 0.512629
0.401091 0.107308 0.491601
0 0.0609404 0.93906
0.179404 0.0894062 0.73119
0.275593 0 0.724407
0.396087 0.224036 0.379876
0 0.419595 0.580405
0.43147 0.56853 0
0 0.479407 0.520593
0.621863 0.0916411 0.286496
0.508674 0.491326 0
0.0784088 0.921591 0
0.11734 0.59441 0.28825
0.32164 0.135843 0.542516
0.0646571 0.222439 0.712904
0.888087 0.111913 0
0.81317 0.18683 0
0.962761 0.0372385 0
0.430728 0.25954 0.309732
0.591191 0.158809 0.25
0.156826 0.361881 0.481293
0.51452 0 0.48548
0.200061 0.26894 0.530999
0.278509 0.224306 0.497185
0.039206 0.960794 0
0.392387 0.607613 0
0.325322 0.424678 0.25
0.737812 0.262188 0
0.527277 0.214332 0.258391
6.80183e-17 1 0
0.358076 0.184498 0.457426
0.113821 0.455814 0.430365
0.0820945 0 0.917906
0.0255685 0.181722 0.79271
0.196377 0.803623 0
0.67079 0 0.32921
0.0834237 0.666576 0.25
0.393492 0.353452 0.253056
0.216802 0.123921 0.659277
0.577678 0 0.422322
0.235703 0.764297 0
0.699927 0.300073 0
0.491364 0.0725078 0.436128
0.662103 0.337897 0
0.28718 0.0811959 0.631624
0.353491 0.646509 0
0.253376 0.496624 0.25
0.360686 0.0515236 0.58779
0.585593 0.414407 0
0.598319 0.0388211 0.36286
0.314215 0.685785 0
0.123127 0.0618413 0.815031
0.157097 0.842903 0
0.75 0 0.25
0.224104 0.453903 0.321993
0.213233 0.0161131 0.770654
0.48802 0.182487 0.329493
0.0799196 0.543189 0.376892
0.299756 0.392754 0.307489
0.153635 0.503985 0.342379
0.688697 0.0613026 0.25
0.155823 0 0.844177
