0.0683201 0.203587 0.728093
0.456035 0.0826583 0.461306
0.0779399 0.92206 0
0.364011 0.312071 0.323918
0.3026 0.176717 0.520683
0.101073 0.507961 0.390966
0.055158 0.392309 0.552533
0.387039 0 0.612961
0 0.0800226 0.919977
0.399891 0.350109 0.250001
0.0389644 0.961036 0
0.218487 0.375273 0.406239
0.290321 0.346549 0.36313
0.591938 0 0.408062
1 0 0
0.422491 0.164439 0.413071
0 0.596759 0.403241
0.0802421 0.311757 0.608001
0.157043 0.592957 0.250001
0.0982101 0.0264197 0.87537
0.920516 0.079484 0
0.190244 0.320015 0.489741
0.156399 0.269417 0.574184
0.552479 0.0973205 0.3502
0.091746 0.144186 0.764068
0.171206 0 0.828794
0.235704 0.764296 0
0.212577 0.520423 0.267
0.0292921 0.536286 0.434422
0.448242 0.281045 0.270713
0.210934 0.0315284 0.757537
0.345844 0.0849579 0.569198
0.2599 0.282312 0.457788
0.72022 0.27978 0
0.230395 0.226693 0.542912
0.529189 0.0366877 0.434124
0.840485 0.159515 0
0.147493 0.414677 0.437831
0.117415 0.882585 0
1.90682e-17 0.421662 0.578338
0.343508 0.204318 0.452174
0.493802 0 0.506198
0.639288 0.360712 0
0.477357 0.198295 0.324348
0.176263 0.469498 0.354239
0.476732 0.523268 0
0.960239 0.0397615 0
0.282228 0.467771 0.250001
0.280416 0 0.719584
0.0473116 0.614759 0.337929
0.638304 0.111695 0.250001
0.425889 0.030895 0.543216
0.613949 0.0666774 0.319374
0.355293 0.644707 0
0.39564 0.60436 0
0.194851 0.178604 0.626545
0 1 0
0 0.687516 0.312484
0.275267 0.724733 0
0.323575 0.268379 0.408046
0.557966 0.442034 0
0.6798 0.3202 0
0.598726 0.401274 0
0.749999 0 0.250001
0.0428356 0.107625 0.849539
0.760545 0.239455 0
0.195974 0.804026 0
0.0288375 0.281737 0.689425
0.117436 0.226269 0.656294
0.331211 0.397008 0.27178
0.436077 0.563923 0
0.49357 0.127272 0.379158
0.0834277 0.666571 0.250001
0.880473 0.119527 0
0.569332 0.161563 0.269106
0.165292 0.12625 0.708458
0.249076 0.427547 0.323377
0.156621 0.843379 0
0.659159 0 0.340841
0.382167 0.122694 0.495139
0.270943 0.130812 0.598245
0 0.175114 0.824886
0.517271 0.482729 0
0.23915 0.0858719 0.674979
0.400664 0.237725 0.361611
0 0.749999 0.250001
2.06335e-18 1.18144e-17 1
0.130983 0.075361 0.793656
0 0.242632 0.757368
0.0760467 0.450305 0.473648
0.317995 0.0331316 0.648874
0.800522 0.199478 0
0.518332 0.231668 0.250001
0.124585 0.559839 0.315576
0.691507 0.039815 0.268678
0.315179 0.684821 0
0.121448 0.357659 0.520892
1.57919e-17 0.349213 0.650787
0.0611477 0 0.938852
0 0.494012 0.505988
