0.75 0 0.25
0.234218 0.0847913 0.68099
0.359669 0.196912 0.443419
0.612567 0.387433 0
0.117988 0.572831 0.309181
0.437193 0.155563 0.407245
0.139934 0.448467 0.411599
0.493167 0.506833 0
0.282875 0 0.717125
0.0161936 0.256042 0.727764
0.297676 0.381357 0.320967
0.651661 0.348339 0
0.210765 0 0.789235
0.0196289 0.443168 0.537203
0.0711032 0.169246 0.759651
0.103159 0.0894937 0.807347
0.179293 0.366839 0.453868
0.290607 0.709393 0
0.0795628 0.670437 0.25
0.208215 0.791785 0
0.401056 0.348944 0.25
0.147614 0.132994 0.719393
0.0781352 0.35074 0.571125
0.548206 0.0323059 0.419488
0.0291514 0.12903 0.841818
6.09074e-18 7.78705e-18 1
0.609682 0 0.390318
0.273952 0.120326 0.605721
0.669225 0 0.330775
0.846062 0.153938 0
0.232501 0.20484 0.562658
0.372276 0.627724 0
0 0.396264 0.603736
1.63116e-17 0.687323 0.312677
0.478132 0.19553 0.326338
0.515047 0.234953 0.25
0.149901 0.314107 0.535992
0.517629 0.115594 0.366777
0.391778 0 0.608222
0.729826 0.270174 0
0.219835 0.412771 0.367394
0.401493 0.237154 0.361353
0.322135 0.281001 0.396864
0.314722 0.160149 0.525129
0.138681 0.0174003 0.843919
0.249722 0.750278 0
0.331528 0.668472 0
1.59411e-17 0.514066 0.485934
2.32573e-17 0.75 0.25
0.572878 0.427122 0
0 0.586095 0.413905
0.0836175 0.916383 0
0.125292 0.874708 0
0.44436 0.280655 0.274985
0.184 0.0606276 0.755373
0.331585 0.418415 0.25
0.212911 0.281588 0.505501
0.628188 0.121812 0.25
0.768642 0.231358 0
0.471173 0.0772198 0.451607
0.102787 0.214284 0.682929
0.174566 0.493665 0.331769
0.283324 0.241047 0.475629
0.188972 0.169448 0.64158
0.260665 0.461425 0.277911
0.559674 0.164165 0.276161
0.0951431 0 0.904857
0.102403 0.403096 0.494501
0.506719 0 0.493281
1 0 0
0.0418973 0.958103 0
0.141384 0.253 0.605615
0.0632717 0.484944 0.451784
0.39536 0.113925 0.490715
0.412772 0.587228 0
0.437801 0.0243392 0.53786
0.88469 0.11531 0
0.0636958 0.294895 0.641409
0.684042 0.0536045 0.262354
0.221308 0.528692 0.25
0 0.0989606 0.901039
0.453124 0.546876 0
0.690661 0.309339 0
6.29598e-18 0.203032 0.796968
0.533077 0.466923 0
0.0304518 0.0341645 0.935384
0.353624 0.0780167 0.568359
6.98586e-17 1 0
0.150414 0.599586 0.25
0.593662 0.0791953 0.327142
0.80738 0.19262 0
0.961639 0.0383607 0
0.0864174 0.533786 0.379796
0.320366 0.0297576 0.649876
0.166742 0.833258 0
0 0.325461 0.674539
0.355603 0.315073 0.329324
0.92324 0.0767602 0
0.252947 0.329864 0.417188
0.036552 0.621031 0.342417
