0.55892 0.44108 0
0.53382 0.0367425 0.429438
0.4992 0.115565 0.385235
0.252734 0.237888 0.509378
0.0447587 0.688326 0.266915
0.144976 0.106536 0.748488
0.690797 0 0.309203
0.0906427 0.600623 0.308735
0.242482 0.487645 0.269873
4.21968e-17 1.33144e-17 1
0.376872 0 0.623128
0.118887 0.881113 0
0.221769 0.0730392 0.705191
0 0.749999 0.250001
0.023203 0.104793 0.872004
0.410523 0.275585 0.313892
0.0988831 0.192536 0.708581
0.296812 0.155195 0.547993
0.457774 0.199549 0.342678
0.216976 0.19483 0.588194
0.679111 0.320889 0
0.0795205 0.440382 0.480098
0.118537 0.631462 0.250001
0.0667976 0.559279 0.373924
0.623714 0.03123 0.345056
0.188881 0.0208439 0.790275
0.313 0.436998 0.250001
0.593448 0 0.406552
0.170195 0.279291 0.550514
0.0133985 0.233268 0.753333
0 0.372858 0.627142
0.179135 0.153415 0.66745
0.338922 0.0743317 0.586746
0.122487 0.362062 0.515451
0.667771 0.0822276 0.250001
0.27815 0.72185 0
8.64055e-19 0.302167 0.697833
0.959892 0.0401079 0
0.879708 0.120292 0
0.0242629 0.521902 0.453835
0.206984 0.320026 0.472989
0.585782 0.0983774 0.31584
0.398444 0.601556 0
0.244965 0.360145 0.394891
0.113811 0.481655 0.404534
0.598989 0.401011 0
0.29075 0.278996 0.430254
0.839577 0.160423 0
0.329875 0.320863 0.349263
5.0498e-19 0.176596 0.823404
0.158603 0.841397 0
0.369045 0.366368 0.264587
0 0.0636399 0.93636
0.417013 0.157183 0.425804
0.438046 0.311953 0.250001
0.378497 0.11243 0.509073
0.198356 0.801644 0
0.0327117 0.407284 0.560005
0.358286 0.641714 0
0.919793 0.0802074 0
0.280577 0.400187 0.319237
0.0684435 0.146221 0.785336
0.749999 0 0.250001
0.16254 0.401268 0.436192
0.588087 0.161911 0.250001
0.639035 0.360965 0
0.0623456 0.273006 0.664649
0.334975 0.195962 0.469063
0 0.590304 0.409696
0.0747001 0.0043329 0.920967
0.719212 0.280788 0
0.137378 0.235393 0.627228
0.759328 0.240672 0
0.200333 0.443508 0.356159
2.85952e-18 1 0
0.152934 0.520918 0.326147
0.4386 0.5614 0
0.318204 0.681796 0
0.799439 0.200561 0
0.424172 0.0226382 0.55319
0.142027 0 0.857973
0.372563 0.237443 0.389993
0 0.659266 0.340734
1 0 0
0.238282 0.761718 0
0.478735 0.521265 0
0.455014 0.0772018 0.467784
0.518831 0.481169 0
0.534711 0.158297 0.306992
0.193185 0.556813 0.250001
0.0792061 0.920794 0
0.307061 0.0212588 0.67168
0.0863687 0.322723 0.590908
0.101481 0.0689278 0.829591
0 0.477554 0.522446
0.494179 0 0.505821
0.260939 0.110547 0.628514
0.0396061 0.960394 0
0.258726 0 0.741274
0.508459 0.24154 0.250001
