0.219282 0.780718 0
9.42836e-18 0.213176 0.786824
0.108881 0.891119 0
0.203386 0.0384771 0.758137
0.560433 0.439567 0
3.04094e-17 0.687562 0.312438
0.230965 0.331115 0.43792
0.44238 0.160325 0.397295
0.838395 0.161605 0
1.59128e-17 0.39437 0.60563
0.275762 0.368566 0.355672
2.56604e-17 0.580185 0.419815
0.143517 0.374946 0.481537
0.798141 0.201859 0
0.344067 0 0.655933
0.313655 0.0583295 0.628016
0 0.479994 0.520006
0.39206 0.35794 0.25
0.148739 0.601261 0.25
0.158536 0.128166 0.713299
0.275399 0.132237 0.592364
0.643542 0 0.356458
0.359843 0.204292 0.435865
0.364227 0.0832833 0.55249
0.571166 0.162821 0.266013
0.452747 0.0300857 0.517167
0.0246168 0.257319 0.718064
0.0725051 0.927495 0
0.757892 0.242108 0
0 0 1
4.51377e-18 0.102057 0.897943
0.0297155 0.622309 0.347976
0.0778664 0.0639043 0.858229
0.678463 0.321537 0
0.182223 0.817777 0
0.109145 0.576198 0.314658
0 0.325835 0.674165
0.878627 0.121373 0
0.571767 0.0230319 0.405201
0.481987 0.197707 0.320305
0.59959 0.40041 0
0 1 0
0.110962 0.214658 0.67438
0.718168 0.281832 0
0.032403 0.504461 0.463136
0.638902 0.361098 0
0.315721 0.28601 0.39827
0.406843 0.593157 0
0.445227 0.554773 0
0.602161 0.0757274 0.322112
0.368957 0.631043 0
0.26922 0.48078 0.25
0.190085 0.410426 0.399489
0.108221 0.453047 0.438733
0.0362264 0.963774 0
0.404436 0.119081 0.476483
0.145427 0.854573 0
0.356096 0.32331 0.320594
0.0685206 0.297324 0.634155
0.272661 0 0.727339
0.193935 0.171371 0.634694
0.75 0 0.25
3.02624e-17 0.75 0.25
0.959523 0.0404766 0
0.483594 0.516406 0
0.173536 0 0.826464
0.919071 0.0809288 0
0.274195 0.249108 0.476697
0.23284 0.446322 0.320839
0.0264197 0.144018 0.829562
0.486305 0.0785309 0.435164
1 0 0
0.187896 0.294565 0.517539
0.330844 0.669156 0
0.521945 0.478055 0
0.256336 0.743664 0
0.154121 0.493022 0.352857
0.688248 0.0310139 0.280738
0.293505 0.706495 0
0.102844 0 0.897156
0.198632 0.533172 0.268196
0.0536043 0.415989 0.530407
0.31908 0.166476 0.514444
0.516499 0.233501 0.25
0.0789694 0.671031 0.25
0.237018 0.0865243 0.676458
0.233252 0.212177 0.55457
0.527269 0.116601 0.35613
0.15011 0.254595 0.595296
0.119917 0.0908794 0.789203
0.076483 0.53533 0.388187
0.401431 0.244491 0.354079
0.0301601 0.0294127 0.940427
0.0994298 0.339241 0.56133
0.321308 0.410773 0.26792
0.643034 0.106966 0.25
0.0775598 0.172194 0.750246
0.445785 0.287337 0.266878
0.415528 0 0.584472
0.524808 0 0.475192
