0.0393107 0.960689 0
0.263631 0.289239 0.447129
0.191493 0.0838449 0.724662
0 0 1
0.387527 0.165988 0.446485
0.01854 0.684803 0.296657
0.350233 0 0.649767
0.0968531 0 0.903147
0.674 0.0760004 0.25
0.0785981 0.921402 0
0.242293 0 0.757707
1 0 0
0.458356 0 0.541644
0.629366 0.0581985 0.312436
0.467784 0.532216 0
0.312792 0.687208 0
0.142955 0.0570934 0.799952
0.12978 0.530913 0.339308
0.774019 0.225981 0
0 0.537581 0.462419
0.528863 0 0.471137
0.185918 0.207363 0.606719
0.0868908 0.493958 0.419151
0.178142 0.332435 0.489423
0 1 0
0.426409 0.0829619 0.490629
0.094988 0.604579 0.300433
0.46665 0.130976 0.402374
0.351698 0.648302 0
0.0905518 0.379434 0.530014
0.849574 0.150426 0
0.509737 0.167855 0.322408
0.75 0 0.25
0.0154392 0.169708 0.814853
0.305908 0.329093 0.364999
0.391065 0.0309193 0.578016
0.224673 0.248626 0.526701
0.544845 0.455155 0
0.309874 0.0811805 0.608946
0.887369 0.112631 0
0.429085 0.570915 0
0.148877 0.166004 0.685119
0.209634 0.482225 0.308141
0.313402 0.436598 0.25
0 0.239496 0.760504
0.242073 0.507927 0.25
0.697955 0.302045 0
0.429111 0.210101 0.360788
1.45857e-17 0.433513 0.566487
0.0646119 0.332398 0.60299
0.599051 0.138957 0.261992
0.0693314 0.206434 0.724234
0.172342 0.447765 0.379893
0.674755 0 0.325245
0.924993 0.0750068 0
0.346273 0.247204 0.406523
0.273914 0.726086 0
0.142818 0.29121 0.565972
0.267476 0.164871 0.567654
0.386837 0.287403 0.32576
0.038701 0.572386 0.388913
0.157023 0.842977 0
0.278563 0.0312591 0.690178
0.170663 0.579337 0.25
0.219185 0.369694 0.411121
0.506364 0.493636 0
0.0227211 0.0394819 0.937797
0.117752 0.882248 0
2.52341e-17 0.75 0.25
0 0.638223 0.361777
0.0160056 0.293674 0.69032
0.47305 0.254693 0.272257
0.349123 0.120893 0.529984
0.306737 0.205609 0.487653
0.621572 0.378428 0
0.231003 0.121269 0.647728
0.263295 0.40591 0.330795
0.811817 0.188183 0
0.352808 0.369868 0.277324
0.169593 0 0.830407
0.962524 0.0374762 0
0.196082 0.803918 0
0.0693059 0.0815763 0.849118
0.65979 0.34021 0
0.1026 0.250887 0.646513
0.390425 0.609575 0
0.102561 0.131158 0.766281
0.736036 0.263964 0
0.5427 0.2073 0.25
0.583268 0.416732 0
0 0.113614 0.886386
0.599549 0 0.400451
0.129435 0.414617 0.455948
0.553727 0.0896191 0.356654
0.503282 0.0590763 0.437642
0.0361641 0.465194 0.498642
0.0836258 0.666374 0.25
0.235037 0.764963 0
0 0.362983 0.637017
0.42494 0.32506 0.25
