0.0635838 0.532831 0.403585
0.578189 0.141606 0.280206
0.0399678 0.427638 0.532395
0.227911 0.22146 0.550628
0.140312 0.497951 0.361737
0.157672 0 0.842328
0.552646 0.447354 0
1.53728e-17 0.324233 0.675767
0.0203251 0.621069 0.358605
0.0354104 0.96459 0
8.88909e-17 2.21314e-17 1
0.433967 0.180926 0.385106
0.141342 0.858658 0
0.917186 0.0828138 0
0.475634 0.233427 0.290938
0.958535 0.0414653 0
0.398995 0.601005 0
0.323628 0.676372 0
0.313208 0.0649751 0.621817
0.513842 0.486158 0
0.2535 0.4965 0.250001
0.578639 0 0.421361
4.74127e-17 1 0
0.0881442 0 0.911856
0.180038 0.0751162 0.744845
0.648674 0 0.351326
0.143422 0.260924 0.595654
0.444227 0.305773 0.250001
0.269614 0.259891 0.470494
0.631456 0.368544 0
0.436825 0.563175 0
0.0738245 0.670293 0.255883
0.0980308 0.579539 0.32243
9.4815e-18 0.199978 0.800022
0.353875 0.218582 0.427543
3.29923e-18 0.124519 0.875481
0.186115 0.181828 0.632057
0.184053 0.540777 0.27517
0.22716 0 0.77284
0.542834 0.207165 0.250001
0.439983 0.0421989 0.517819
0.543157 0.0617166 0.395127
0.0745196 0.160255 0.765225
0.508578 0 0.491422
0.181575 0.301946 0.516479
0.36659 0.334662 0.298749
0.101139 0.218859 0.680002
0.688068 0.0314241 0.280508
0.0171805 0.253313 0.729506
0.217763 0.455603 0.326635
1 0 0
0.0706517 0.929348 0
0.313576 0.177882 0.508542
0.105897 0.894103 0
0 0.749999 0.250001
2.69972e-17 0.569409 0.430591
0.749999 0 0.250001
0.341714 0 0.658286
0.224352 0.338763 0.436885
0.353848 0.396151 0.250001
0.472015 0.0938427 0.434143
0.140706 0.609293 0.250001
0.27191 0.0212521 0.706838
0.35888 0.0925012 0.548618
0.133979 0.381783 0.484238
0.360925 0.639075 0
0.753035 0.246965 0
0.0925085 0.345549 0.561943
1.0514e-17 0.396817 0.603183
0.0594368 0.0935363 0.847027
0.230552 0.102716 0.666733
0.295856 0.421934 0.28221
0.286353 0.713647 0
0.249777 0.750223 0
0.178681 0.41722 0.404099
0.647725 0.102275 0.250001
0.712228 0.287772 0
0.83451 0.16549 0
0.591932 0.408068 0
0.313895 0.298911 0.387194
0.176943 0.823057 0
0.268587 0.374616 0.356797
0.12447 0.0626447 0.812885
0.213406 0.786594 0
0.875871 0.124129 0
0.475316 0.524684 0
0.397526 0.260249 0.342226
0.0644252 0.298211 0.637364
3.34735e-17 0.685763 0.314237
0.145908 0.140642 0.71345
0.013303 0.049673 0.937024
0.411877 0 0.588123
1.31789e-17 0.497395 0.502605
0.596753 0.0755332 0.327714
0.395778 0.134127 0.470095
0.671643 0.328357 0
0.091747 0.45899 0.449263
0.507311 0.149038 0.343651
0.271282 0.142275 0.586443
0.793569 0.206431 0
