0.163117 0.497758 0.339125
7.84659e-18 0.75 0.25
0.236607 0.203502 0.559891
0.439265 0.560735 0
0.75 0 0.25
0.680447 0.319553 0
0.640186 0.359814 0
0.0795395 0.404971 0.515489
0.519616 0.480384 0
0.242216 0.467167 0.290617
0.0561266 0.480803 0.46307
0.235211 0.332977 0.431812
0.0273157 0.14149 0.831194
0.47504 0.0729491 0.452011
0.113486 0.576482 0.310032
0.654879 0.0951206 0.25
0.309669 0.440331 0.25
0.880638 0.119362 0
0.319088 0.680912 0
0.0790996 0.168253 0.752647
0.325803 0.0257507 0.648446
0.198315 0.163268 0.638417
0.159352 0.840648 0
0.114072 0.328238 0.55769
0.0398446 0.960155 0
0.175589 0 0.824411
0.479449 0.520551 0
0.274492 0.381454 0.344055
0.0392486 0.615087 0.345665
0.309913 0.289488 0.400599
0.720505 0.279495 0
0.210016 0.0318946 0.758089
0.195095 0.288556 0.516349
0.564688 0.0177633 0.417549
9.49516e-18 0.674939 0.325061
0.279138 0.720862 0
0.512852 0 0.487148
0 0.100182 0.899818
0.104566 0 0.895434
0.471882 0.193969 0.334149
0.2819 0 0.7181
0.122904 0.0875174 0.789579
0.432994 0.155644 0.411362
0.199258 0.800742 0
0.0266208 0.368797 0.604582
0.0318941 0.0274995 0.940606
0.800772 0.199228 0
0.840725 0.159275 0
0.960251 0.0397489 0
7.14786e-18 0.508087 0.491913
0.0796619 0.920338 0
0.352017 0.200082 0.447901
0.59996 0.40004 0
0.395832 0 0.604168
0.343683 0.333602 0.322715
0.372023 0.375467 0.25251
7.78051e-17 1 0
0.559781 0.440219 0
1 0 0
0.442382 0.0227257 0.534892
0.158463 0.36976 0.471777
4.5584e-18 0.435705 0.564295
0.156697 0.245805 0.597498
0.201121 0.416454 0.382425
0.115329 0.206948 0.677723
0.0652289 0.682374 0.252397
0.126569 0.448747 0.424685
0.583897 0.166102 0.25
0.211257 0.538743 0.25
0.442434 0.307566 0.25
0.315483 0.160302 0.524216
0.35751 0.0768788 0.565611
0.419354 0.274337 0.306309
0.0252954 0.253587 0.721117
0.137948 0.612052 0.25
0.635692 0 0.364308
0.162584 0.12176 0.715655
0.515576 0.105409 0.379015
0.386647 0.239632 0.373721
0.241976 0.0793983 0.678626
0.0765143 0.285961 0.637525
4.55871e-18 0.324044 0.675956
0.239182 0.760818 0
0.279762 0.117069 0.603169
0.396853 0.113468 0.48968
0.920485 0.0795148 0
0.760692 0.239308 0
0.687889 0.0214207 0.290691
0.0786007 0.0630162 0.858383
0 0 1
8.16625e-18 0.580477 0.419523
0.399122 0.600878 0
0.51302 0.236764 0.250215
0.359116 0.640884 0
0.599379 0.0697416 0.330879
0.273342 0.246645 0.480012
0 0.210319 0.789681
0.11949 0.88051 0
0.550175 0.142657 0.307167
0.0813638 0.532112 0.386524
