0.692901 0.307099 0
5.89534e-18 0.749999 0.250001
0.147099 0.155365 0.697536
0.458396 0.541604 0
0.396609 0.0231243 0.580267
0.573043 0.0763027 0.350654
0.492001 0.238799 0.2692
0.132266 0.459548 0.408185
0.067201 0.195885 0.736914
0.923865 0.0761354 0
0.101634 0.583653 0.314713
0.150578 0.599421 0.250001
0.885745 0.114255 0
0.403111 0.27203 0.324859
0.653819 0.346181 0
0.107843 0.11298 0.779177
0.216455 0.533544 0.250001
0.161795 0.507237 0.330968
0.525232 0.153537 0.321232
0.0205302 0.685986 0.293484
0.0966242 0.240385 0.662991
0.241612 0.346492 0.411896
0.231249 0.109979 0.658773
0.0376087 0.962391 0
0.186391 0.193658 0.619952
0.513289 0.0550969 0.431614
0.230544 0.23172 0.537736
0.157206 0.020678 0.822116
5.14005e-18 0.225674 0.774326
0.019104 0.157053 0.823843
0.324052 0.310515 0.365433
0.10327 0.346577 0.550153
0.0635242 0.552803 0.383673
0.682962 0.0670372 0.250001
0.355349 0.110121 0.53453
0.847262 0.152738 0
0.188559 0.0745271 0.736914
0.286292 0.386051 0.327657
0.539038 0 0.460962
0.276761 0.0209155 0.702324
0.142714 0.272896 0.58439
0.614991 0.385009 0
0.341961 0.658039 0
0.324655 0.425344 0.250001
0.808934 0.191066 0
0.731699 0.268301 0
0.27703 0.269936 0.453034
0.380903 0.619097 0
0.310898 0.073744 0.615358
1.30588e-17 0.573345 0.426655
0.419541 0.580459 0
0.397554 0.154899 0.447547
0.443123 0.197509 0.359367
0.0858423 0.412653 0.501505
0.478816 0.121823 0.399361
0.536848 0.463152 0
0.017159 0.435618 0.547223
0.106737 0 0.893263
0.227397 0 0.772603
0 0.104999 0.895001
0.112838 0.887162 0
0.770293 0.229707 0
0.0684441 0.485297 0.446259
0.962063 0.0379374 0
0.497636 0.502364 0
0.347823 0 0.652177
0.616273 0.112776 0.270951
1.46331e-17 0.642463 0.357537
0.441513 0.308486 0.250001
1 0 0
1.14859e-17 0.504289 0.495711
0.564132 0.185867 0.250001
0.188781 0.811219 0
0 0 1
0.315223 0.191132 0.493644
0.749999 0 0.250001
0.371003 0.355429 0.273568
0.0732193 0.0733554 0.853425
0.264944 0.735056 0
0.464915 0 0.535085
0.226672 0.773328 0
0.27095 0.152778 0.576271
6.72736e-18 0.295364 0.704636
0.208243 0.425665 0.366091
0.575987 0.424013 0
0.433886 0.0769104 0.489203
0.0752499 0.92475 0
8.85448e-18 0.388755 0.611245
0.667851 0.0103678 0.321782
0.0313871 0.029676 0.938937
0.359391 0.232096 0.408512
0.303496 0.696504 0
0.162098 0.382251 0.455651
0.0471004 0.319849 0.63305
0.191893 0.3083 0.499806
0.150859 0.849141 0
2.26598e-17 1 0
0.0846147 0.665384 0.250001
0.61316 0 0.38684
0.252552 0.467692 0.279756
