0.312981 0.437019 0.25
0.0592132 0.484905 0.455882
0.717548 0.282452 0
0.637934 0.362066 0
0.572505 0 0.427495
0.0792355 0.409477 0.511287
2.08167e-17 0.75 0.25
0 1 0
0.418741 0.0740685 0.50719
0.0932589 0.533082 0.373659
4.43009e-18 0.159611 0.840389
0.0666458 0.605945 0.327409
0.258493 0.134054 0.607453
0.311221 0.300018 0.388762
0.120849 0.879151 0
0.503674 0.0227455 0.47358
0.457785 0 0.542215
0.223216 0.214801 0.561983
0.203834 0.417783 0.378383
0.395381 0.264248 0.34037
0.0659814 0.291931 0.642088
0.241121 0.758879 0
0.959295 0.0407047 0
0.428748 0.188622 0.38263
0.614923 0.0316241 0.353453
7.19585e-18 0.259258 0.740742
0.450111 0.299889 0.25
0.878247 0.121753 0
0.400676 0.599324 0
0.188795 0.2951 0.516105
0.277718 0.383559 0.338724
0.169202 0.496726 0.334073
0.266333 0 0.733667
0.281196 0.718804 0
0.547477 0.202523 0.25
0.583048 0.105848 0.311104
0.21494 0.0937198 0.69134
0.381407 0.147806 0.470788
0.00780582 0.575443 0.416751
0.302075 0.180229 0.517696
0.196134 0 0.803866
0.351464 0.337991 0.310545
0.102927 0.647073 0.25
0.336069 0.102875 0.561056
0.0974275 0 0.902572
0.212259 0.537741 0.25
0.360981 0.639019 0
0.462444 0.109846 0.42771
0.91861 0.0813899 0
0.355663 0 0.644337
0.684468 0.0595288 0.256003
0.157313 0.373513 0.469174
0.0806025 0.919397 0
0.536458 0.0746294 0.388912
0.0296262 0.689775 0.280599
0.143931 0.253671 0.602398
0.381543 0.368457 0.25
0.477366 0.232506 0.290128
0.672853 0 0.327147
0.519152 0.480848 0
0.0769232 0.109073 0.814004
0.321202 0.678798 0
0 0.51336 0.48664
1.22628e-17 0.441812 0.558188
0.619266 0.130734 0.25
9.13868e-18 0.329256 0.670744
0.129373 0.450886 0.419741
0.24664 0.466893 0.286468
0.757471 0.242529 0
0.0908092 0.219187 0.690003
0.121517 0.0344683 0.844015
0.0242697 0.374917 0.600814
0.677769 0.322231 0
0.598232 0.401768 0
0.0402901 0.95971 0
0.506442 0.154041 0.339517
0.267354 0.258226 0.47442
0.176285 0.175171 0.648544
0.16758 0.067171 0.765249
0.75 0 0.25
0.79754 0.20246 0
0.293073 0.0487207 0.658206
0.201031 0.798969 0
0.347769 0.223609 0.428623
0.44013 0.55987 0
0.558673 0.441327 0
0.0375823 0.189979 0.772439
0.144261 0.577123 0.278616
0.108554 0.333511 0.557934
0.234286 0.338055 0.427659
1.7922e-17 0.645707 0.354293
0.160974 0.839026 0
1 0 0
2.65647e-18 0.0957095 0.90429
0.0330101 0.0313334 0.935657
0 0 1
0.479634 0.520366 0
0.384314 0.0294153 0.58627
0.125716 0.143105 0.731179
0.837848 0.162152 0
