0.643547 0 0.356453
0.288321 0.174457 0.537223
0.527611 0.472389 0
0.711579 0.288421 0
0.427705 0.0637712 0.508524
9.06741e-18 0.326815 0.673185
0.378612 0.621388 0
0.0750576 0.184613 0.740329
0.0760957 0.923904 0
0.298265 0.287649 0.414085
0.569266 0.0291852 0.401549
0.431124 0.166705 0.402171
0.784174 0.215826 0
0.453393 0.546607 0
0.114288 0.10961 0.776102
0.9284 0.0715998 0
0.0487222 0.630008 0.32127
0.304441 0.0759774 0.619581
0.0790416 0.670958 0.25
0.22861 0 0.77139
0.207092 0.204586 0.588322
0.148148 0.601852 0.25
0.0928994 0.56286 0.34424
2.66492e-17 2.88619e-17 1
0.638329 0.361671 0
0.490593 0.509407 0
0.511231 0.238769 0.25
0.227882 0.772118 0
0.892526 0.107474 0
0.0332198 0.0283087 0.938472
0.0771868 0.339364 0.583449
0.521606 0.121737 0.356657
0.474737 0.201422 0.32384
0.0212284 0.153781 0.824991
0.599666 0.0788184 0.321516
0.674845 0.325155 0
0.103652 0.231298 0.66505
0.169184 0.410735 0.420081
0.26564 0.73436 0
0.564603 0.435397 0
0.382905 0.137707 0.479388
0.747921 0.252079 0
1.59054e-18 0.222706 0.777294
0.108584 0 0.891416
0.390459 0.0169252 0.592615
5.35642e-18 0.75 0.25
0.0357983 0.533887 0.430314
0.47936 0.0858555 0.434785
9.71445e-17 1 0
0.820379 0.179621 0
0.395904 0.354096 0.25
0.152086 0.847914 0
0.15986 0.0208103 0.819329
0.531428 0 0.468572
0.340929 0.659071 0
0.0295987 0.267079 0.703322
0.856586 0.143414 0
0.21198 0.45142 0.3366
0.388602 0.246558 0.36484
0.415937 0.584063 0
0.964167 0.0358325 0
0.687205 0.0330797 0.279715
0 0.103672 0.896328
0.75 0 0.25
0.251192 0.250231 0.498578
0.322506 0.427494 0.25
0.038054 0.961946 0
0.075074 0.0724982 0.852428
0.129028 0.261167 0.609805
0.566582 0.167346 0.266072
0.0332416 0.424837 0.541921
0.460391 0 0.539609
1 0 0
0.114152 0.885848 0
0.639957 0.110043 0.25
0.601567 0.398433 0
0.249145 0.500855 0.25
0.271221 0.0281099 0.700669
0.122647 0.374417 0.502936
0.168994 0.292552 0.538453
0.192301 0.0778928 0.729806
0.19 0.81 0
0.291312 0.400574 0.308114
4.29768e-18 0.601756 0.398244
0.157462 0.156797 0.685741
0.0847242 0.454138 0.461137
0.178106 0.533219 0.288675
0.210346 0.330175 0.459479
0.437826 0.28587 0.276304
0.303418 0.696582 0
0 0.391455 0.608545
0.12926 0.490702 0.380039
4.93252e-18 0.690646 0.309354
0.253167 0.366038 0.380795
0.340726 0.103306 0.555968
0.339576 0 0.660424
0.345046 0.323281 0.331673
0 0.497128 0.502872
0.339405 0.211156 0.449438
0.235719 0.123038 0.641243
