3.3539e-17 0.682058 0.317942
0 0.671679 0.328321
3.14908e-17 0.640405 0.359595
1.94222e-17 0.394976 0.605024
0 0.53407 0.46593
1.34761e-17 0.274053 0.725947
0 0.334758 0.665242
0 0.298508 0.701492
4.02804e-17 0.819154 0.180846
1.56032e-17 0.370777 0.629223
9.32152e-19 0.134775 0.865225
3.4556e-17 0.70274 0.29726
9.55089e-20 0.0138092 0.986191
0 0.34678 0.65322
0.601154 0.410811 1.72507e-05
2.41641e-17 0.57421 0.42579
2.56087e-17 0.520786 0.479214
0 0.0682455 0.931755
0 0.482055 0.517945
0.70811 0.236746 0.0655029
1.4314e-10 4.11811e-10 1
3.67735e-17 0.927079 0.0729207
8.40369e-18 0.211862 0.788138
3.92587e-17 0.989734 0.0102655
3.92225e-17 0.797639 0.202361
1.04932e-17 0.249349 0.750651
2.1362e-17 0.507623 0.492377
3.40195e-17 0.808402 0.191598
2.17367e-18 0.0547993 0.945201
0 0.650896 0.349104
0.362356 0.247592 0.417791
2.3731e-17 0.598271 0.401729
3.40473e-17 0.692395 0.307605
3.20745e-17 0.71314 0.28686
2.33145e-17 0.58777 0.41223
1.40782e-17 0.286299 0.713701
4.29414e-17 0.873269 0.126731
3.04569e-17 0.619379 0.380621
1.08981e-18 0.0274748 0.972525
2.35935e-17 0.560651 0.439349
1 0 1.11022e-16
0 0.186539 0.813461
3.31179e-17 0.786978 0.213022
3.54986e-17 0.894938 0.105062
3.9908e-17 0.948331 0.0516691
5.32879e-18 0.108368 0.891632
3.96659e-17 1 0
0 0.958814 0.0411858
0.855173 0.157551 0.000432353
3.72051e-17 0.884101 0.115899
0 0.0950766 0.904923
3.84431e-17 0.969171 0.0308291
1.30706e-17 0.310596 0.689404
3.83013e-17 0.851586 0.148414
0 0.322656 0.677344
0 0.661301 0.338699
1.10317e-17 0.224344 0.775656
0 0.382783 0.617217
0.862781 0.0277154 0.123279
3.13348e-17 0.744607 0.255393
4.825e-18 0.121641 0.878359
1.76163e-17 0.444117 0.555883
0.864771 0 0.149269
0 0.734086 0.265914
3.63516e-17 0.916445 0.0835555
0 0.147812 0.852188
3.88514e-17 0.979465 0.0205348
2.30719e-17 0.469197 0.530803
3.71341e-17 0.75517 0.24483
0 0.0410836 0.958916
0.592064 0.377059 0.042937
0 0.0816687 0.918331
0 0.160859 0.839141
0.708942 0.286488 0.0161049
9.79256e-18 0.199144 0.800856
3.3349e-17 0.840747 0.159253
3.73268e-17 0.829919 0.170081
2.81615e-18 0.407174 0.592826
3.03728e-17 0.765715 0.234285
2.24538e-17 0.456627 0.543373
0.727388 0 0.291701
2.9012e-18 0.41947 0.58053
0.598347 0.00113119 0.410759
0.597405 0.0201375 0.391174
3.25447e-17 0.723595 0.276405
3.26679e-17 0.776284 0.223716
1.42307e-17 0.358764 0.641236
4.45369e-17 0.905715 0.0942853
2.56202e-17 0.60881 0.39119
0.381577 0.000208538 0.636771
1.03806e-17 0.2617 0.7383
0.709656 0.302772 0
0 0.547289 0.452711
4.24077e-17 0.862414 0.137586
9.39692e-18 0.236902 0.763098
2.43246e-17 0.494673 0.505327
0 0.17369 0.82631
3.71956e-17 0.937721 0.0622794
2.12328e-17 0.431795 0.568205
2.65077e-17 0.629899 0.370101
