1.2475e-17 0.257223 0.742777
1.11032e-17 0.228937 0.771063
5.05907e-10 1 0
2.38443e-17 0.664869 0.335131
1.06609e-18 0.0297267 0.970273
0 0.70278 0.29722
2.42995e-17 0.67756 0.32244
3.20123e-17 0.892622 0.107378
2.60801e-17 0.727209 0.272791
3.16298e-17 0.652175 0.347825
1.41959e-18 0.0395834 0.960417
0 0.775138 0.224862
3.04253e-17 0.627339 0.372661
1.12899e-17 0.314805 0.685195
0.625542 0.385457 1.53563e-05
3.58515e-17 0.739223 0.260777
0 0.951806 0.048194
0 0.285536 0.714464
0 0.798842 0.201158
0 0.0494423 0.950558
7.5348e-18 0.210098 0.789902
1.1641e-17 0.324594 0.675406
8.549e-18 0.238378 0.761622
0 0.191282 0.808718
3.28602e-17 0.916266 0.0837344
1.43139e-17 0.399124 0.600876
1.98761e-17 0.554221 0.445779
3.37071e-17 0.939878 0.0601218
4.21535e-17 0.869163 0.130837
1.76327e-17 0.491667 0.508333
0.440053 0.569501 0.000781724
3.70156e-17 0.763223 0.236777
0.386011 0.34155 0.301474
0 0.517199 0.482801
2.69429e-17 0.751268 0.248732
2.92277e-17 0.602645 0.397355
3.49927e-17 0.975728 0.0242722
1.61762e-17 0.451052 0.548948
1.24647e-17 0.347563 0.652437
3.50308e-18 0.097679 0.902321
3.03347e-17 0.845846 0.154154
2.0307e-17 0.566234 0.433766
0.594153 0.379256 0.0378586
2.1173e-17 0.590382 0.409618
1.80908e-17 0.50444 0.49556
0 0.295192 0.704808
0.53141 0.403327 0.0762307
0 0.880903 0.119097
3.32819e-17 0.928025 0.0719754
2.47523e-17 0.690187 0.309813
1.71625e-17 0.478555 0.521445
0 0.181931 0.818069
0.3834 0.355287 0.28931
2.20553e-17 0.614985 0.385015
1.57051e-17 0.437915 0.562085
1.4792e-17 0.304997 0.695003
3.81705e-17 0.787037 0.212963
7.91969e-18 0.163296 0.836704
4.4885e-28 5.20417e-18 1
2.63005e-17 0.54229 0.45771
0 0.247811 0.752189
0 0.834118 0.165882
1.29321e-17 0.360596 0.639404
3.45611e-17 0.963692 0.0363076
3.47003e-17 0.715486 0.284514
1.33898e-17 0.373358 0.626642
2.29429e-17 0.639734 0.360266
4.81626e-19 0.00993064 0.990069
1.19853e-17 0.334196 0.665804
2.90712e-17 0.810612 0.189388
1.66676e-17 0.464756 0.535244
2.07391e-17 0.578284 0.421716
1.902e-17 0.530349 0.469651
0 0.144741 0.855259
4.5189e-18 0.126004 0.873996
7.87269e-18 0.21952 0.78048
4.85607e-18 0.135405 0.864595
0.615017 0.33718 0.0949204
7.11433e-19 0.0198374 0.980163
5.52376e-18 0.154023 0.845977
1.38502e-17 0.386195 0.613805
1 0 0
0 0.0591549 0.940845
0.750174 0 0.266361
1.52286e-17 0.424631 0.575369
0 0.107181 0.892819
0 0.904364 0.0956359
0 0.276115 0.723885
1.4771e-17 0.41187 0.58813
0 0.266672 0.733328
5.65706e-18 0.116643 0.883357
6.19011e-18 0.172603 0.827397
2.9495e-17 0.82243 0.17757
4.27677e-18 0.0881827 0.911817
0.440033 0.571857 0
0 0.200649 0.799351
2.47024e-18 0.0688796 0.93112
4.15886e-17 0.857514 0.142486
3.54277e-17 0.987855 0.0121449
2.81775e-18 0.0785694 0.921431
