1.22222e-17 0.481112 0.518888
0 0.105713 0.894287
1.13929e-17 0.703473 0.296527
1.40582e-17 0.868042 0.131958
1.91798e-17 0.75499 0.24501
0.674422 0.110171 0.238851
0 0.51978 0.48022
0 0.613368 0.386632
0.677005 0.197626 0.153031
1.52333e-17 0.59964 0.40036
1.25474e-17 0.493912 0.506088
8.94989e-18 0.352301 0.647699
2.07427e-17 0.816509 0.183491
0 0.888629 0.111371
1.0569e-17 0.652595 0.347405
0 0.339164 0.660836
0.684517 0.291356 0.0526104
1 0 6.12066e-13
0 0.378473 0.621527
0 0.0845782 0.915422
0 0.744729 0.255271
5.86956e-18 0.231048 0.768952
0 0.69317 0.30683
0 0.795965 0.204035
1.05989e-17 0.417211 0.582789
0 0.909088 0.0909121
0 0.126606 0.873394
2.12656e-17 0.837094 0.162906
0 0.147239 0.852761
0 0.0105564 0.989444
0 0.545983 0.454017
0 0.0422369 0.957763
0.657342 0.0226794 0.34813
0 0.532899 0.467101
1.81335e-17 0.713803 0.286197
0 0.0528162 0.947184
9.49121e-18 0.586047 0.413953
0 0.572435 0.427565
0.651647 2.67916e-08 0.368791
1.68345e-17 0.662669 0.337331
1.61051e-18 0.0633956 0.936604
0 0.929427 0.0705725
0 0.0316684 0.968332
0 0.244963 0.755037
0 0.0739823 0.926018
0.678397 0.272076 0.0688234
0.64939 0.367038 0.000157776
4.51018e-18 0.177538 0.822462
0 0.167424 0.832576
4.76527e-18 0.187579 0.812421
0 0.672719 0.327281
0 0.468296 0.531704
0 0.898871 0.101129
6.54884e-18 0.404367 0.595633
0 0.765238 0.234762
0 0.136939 0.863061
1.42071e-17 0.559244 0.440756
0 0.116205 0.883795
1.86574e-17 0.734427 0.265573
0 0.78572 0.21428
0 0.325996 0.674004
1.58707e-17 0.97996 0.0200398
3.54171e-18 0.847412 0.152588
0 0.919259 0.0807414
0 0.724127 0.275873
7.26312e-18 0.285903 0.714097
5.01578e-18 0.19744 0.80256
2.41806e-18 0.0951838 0.904816
0 0.949656 0.0503442
0 0.455545 0.544455
0 0.878343 0.121657
0 0.0211102 0.97889
6.96445e-18 0.430029 0.569971
1.09011e-12 5.35019e-11 1
5.0652e-18 0.312757 0.687243
2.04816e-17 0.80623 0.19377
0 1 0
0 0.775477 0.224523
7.60592e-18 0.299397 0.700603
0 0.506867 0.493133
0 0.989997 0.0100032
0 0.826801 0.173199
0 0.632906 0.367094
0 0.857728 0.142272
1.63246e-17 0.642597 0.357403
0 0.969911 0.0300892
0.423368 0.219213 0.415821
4.41214e-18 0.272434 0.727566
5.26603e-18 0.207291 0.792709
2.38676e-17 0.939517 0.0604831
3.9977e-18 0.157364 0.842636
1.10597e-17 0.682896 0.317104
1.00906e-17 0.623056 0.376944
6.57204e-18 0.2587 0.7413
5.91707e-18 0.365358 0.634642
0 0.391563 0.608437
0 0.217111 0.782889
0.41679 0.235908 0.38847
0 0.959815 0.0401846
1.1249e-17 0.442804 0.557196
