0 1 0
1.06227e-17 0.344846 0.655154
2.88505e-18 0.0584002 0.9416
2.13686e-17 0.693696 0.306304
0.868869 5.09528e-05 0.141646
0 0.790051 0.209949
0 0.218315 0.781685
2.57967e-17 0.837446 0.162554
1.84983e-17 0.600516 0.399484
0 0.705707 0.294293
0 0.379665 0.620335
5.67049e-18 0.184083 0.815917
2.35517e-17 0.476742 0.523258
7.78105e-18 0.252598 0.747402
0 0.645897 0.354103
0 0.773908 0.226092
0.790315 0.134095 0.0866535
2.15359e-18 0.0699126 0.930087
0 0.436357 0.563643
3.91802e-18 0.127192 0.872808
2.90168e-17 0.941979 0.0580212
2.76566e-17 0.897824 0.102176
0 0.486385 0.513615
8.13463e-18 0.264077 0.735923
0 0.633954 0.366046
0 0 1
2.33358e-17 0.757557 0.242443
0.790927 0.146289 0.0704338
6.02144e-18 0.195475 0.804525
0 0.621997 0.378003
4.02431e-18 0.0814616 0.918538
2.67377e-17 0.867994 0.132006
0.396876 0.614495 0
1.64545e-17 0.534166 0.465834
0.869742 0.0186873 0.123163
2.10016e-17 0.425122 0.574878
0 0.581705 0.418295
0 0.729534 0.270466
0 0.333269 0.666731
0 0.138556 0.861444
5.72083e-18 0.115803 0.884197
2.86278e-18 0.092935 0.907065
8.48669e-18 0.275506 0.724494
2.28328e-17 0.741228 0.258772
0 0.985536 0.014464
0 0.287007 0.712993
6.37314e-18 0.206893 0.793107
0.265816 0.743085 0.000187699
1.47466e-17 0.298506 0.701494
0 0.852717 0.147283
0 0.457255 0.542745
0 0.971059 0.0289413
1 1.22125e-15 0
0 0.368107 0.631893
1.61628e-17 0.524696 0.475304
0 0.447424 0.552576
1.19141e-17 0.241169 0.758831
4.36142e-17 0.882854 0.117146
2.10007e-17 0.681752 0.318248
0 0.356482 0.643518
0.627203 0 0.383247
0.683314 0.330507 0
3.21555e-18 0.104387 0.895613
3.24977e-17 0.65783 0.34217
3.61126e-19 0.0117233 0.988277
0 0.229743 0.770257
0 0.402581 0.597419
0.796321 0.21726 0.000855477
2.3108e-18 0.046776 0.953224
7.21987e-19 0.0234381 0.976562
0 0.609842 0.390158
2.21061e-17 0.717637 0.282363
0 0.591105 0.408895
0 0.572192 0.427808
2.85667e-17 0.927368 0.0726316
0.79214 0.169936 0.0471166
0 0.956527 0.0434726
0 0.806044 0.193956
0 0.321659 0.678341
0 0.467033 0.532967
0 0.310045 0.689955
1.67462e-17 0.543637 0.456363
0 0.496035 0.503965
0 0.505597 0.494403
5.31922e-18 0.172679 0.827321
0.666662 0.28684 0.0591383
0 0.553141 0.446859
2.06321e-17 0.669785 0.330215
0 0.41383 0.58617
0.664494 0.315995 0.0290644
1.08194e-18 0.0351233 0.964877
0.451343 0 0.559501
0.75225 0.000704202 0.252823
7.40799e-18 0.149955 0.850045
1.58708e-17 0.515218 0.484782
0 0.562663 0.437337
0 0.821701 0.178299
4.96908e-18 0.161313 0.838687
0 0.391161 0.608839
2.81162e-17 0.912742 0.087258
