6.50206e-18 0.678808 0.321192
7.2459e-19 0.0756464 0.924354
1.43234e-17 0.701685 0.298315
1.27061e-17 0.622457 0.377543
0 0 1
8.92183e-18 0.93143 0.0685703
2.30621e-18 0.112978 0.887022
3.99697e-18 0.41728 0.58272
4.29354e-18 0.394807 0.605193
0.477401 8.62927e-05 0.538987
4.77177e-18 0.233763 0.766237
1.66897e-18 0.174239 0.825761
4.54624e-18 0.474623 0.525377
0.970285 0 0.042863
2.46308e-18 0.257143 0.742857
2.35127e-18 0.24547 0.75453
0.493007 0.519982 0
1.24774e-17 0.611251 0.388749
9.24927e-18 0.965614 0.034386
1.28847e-18 0.0631205 0.93688
0.775236 0.149795 0.0823145
0.492352 0.480104 0.0388771
1.43566e-18 0.149882 0.850118
1.80883e-17 0.88612 0.11388
1.64647e-17 0.806585 0.193415
9.8621e-19 0.361129 0.638871
8.59539e-18 0.89735 0.10265
4.84215e-19 0.0505515 0.949448
8.92804e-19 0.326926 0.673074
7.74687e-19 0.0379509 0.962049
5.64034e-18 0.588846 0.411154
1.47951e-17 0.724792 0.275208
1.70804e-17 0.667471 0.332529
1.06269e-17 0.520598 0.479402
3.68053e-18 0.338438 0.661562
8.75444e-18 0.428868 0.571132
1.29355e-17 0.633695 0.366305
1.03915e-17 0.509066 0.490934
8.38002e-18 0.874865 0.125135
5.7479e-18 0.600075 0.399925
1.92447e-17 0.942773 0.0572269
7.05479e-18 0.736513 0.263487
2.81085e-18 0.1377 0.8623
1.89854e-18 0.198205 0.801795
2.5003e-17 0.977072 0.0229281
9.22418e-18 0.451881 0.548119
7.83619e-18 0.81809 0.18191
5.42386e-18 0.566245 0.433755
2.00465e-17 0.783383 0.216617
5.72576e-18 0.280497 0.719503
1.8251e-17 0.713215 0.286785
2.55903e-18 0.125364 0.874636
1.13275e-17 0.55492 0.44508
9.52921e-18 0.372385 0.627615
1.73977e-17 0.852288 0.147712
5.16479e-19 0.0253016 0.974698
2.04129e-17 1 0
1.94772e-17 0.954161 0.0458393
2.20994e-17 0.863608 0.136392
2.12604e-18 0.221957 0.778043
2.92331e-18 0.26881 0.73119
2.57958e-19 0.012637 0.987363
0.781642 0.147152 0.0869101
2.0541e-18 0.100628 0.899372
1.57525e-17 0.771694 0.228306
2.01261e-18 0.210115 0.789885
5.09659e-18 0.532078 0.467922
8.81271e-18 0.920037 0.0799626
1.01569e-17 0.497571 0.502429
1.33953e-17 0.656218 0.343782
0.778655 0.187205 0.0475316
1.55125e-17 0.759935 0.240065
0.497114 0.462283 0.0614428
4.21737e-18 0.440289 0.559711
1.8549e-17 0.908693 0.0913068
8.61315e-19 0.315395 0.684605
1.69337e-17 0.829561 0.170439
3.80165e-18 0.186238 0.813762
4.14775e-18 0.162087 0.837913
0.825363 0.0219956 0.161751
7.14004e-18 0.349781 0.650219
8.28798e-18 0.406017 0.593983
4.43881e-18 0.463407 0.536593
7.97797e-19 0.292137 0.707863
1.79882e-18 0.0881219 0.911878
0.889107 0.129125 0
1.71656e-17 0.840921 0.159079
0.887201 0.0958594 0.0320691
2.03442e-17 0.795014 0.204986
8.2952e-19 0.303753 0.696247
2.01786e-17 0.988522 0.0114785
1.31647e-17 0.644922 0.355078
1.409e-17 0.690251 0.309749
5.20657e-18 0.543561 0.456439
0.828449 0.000748721 0.183659
1.52733e-17 0.748221 0.251779
1 0 0
4.65621e-18 0.486103 0.513897
5.53187e-18 0.577521 0.422479
4.17191e-18 0.383623 0.616377
