2.72021e-17 0.937412 0.0625881
0.538431 0.445157 0.0253058
1.40415e-19 0.0692643 0.930736
6.47639e-18 0.451803 0.548197
1.73102e-19 0.0114854 0.988515
2.74954e-17 0.529162 0.470838
2.19807e-17 0.218726 0.781274
2.97918e-17 0.573356 0.426644
1.9907e-18 0.368725 0.631275
0 0.989637 0.0103628
9.92031e-17 0.852106 0.147894
0 0.947932 0.0520681
1.91694e-17 0.660596 0.339404
9.32513e-18 0.321354 0.678646
4.43969e-18 0.30972 0.69028
9.30252e-18 0.0925676 0.907432
0 0.77734 0.22266
1.40921e-17 0.485627 0.514373
3.46662e-19 0.0230012 0.976999
1.56754e-17 0.540188 0.459812
0.541573 0.324904 0.14481
0 0.745583 0.254417
2.62308e-18 0.115842 0.884158
9.62467e-18 0.671432 0.328568
0 0.958377 0.0416233
7.77261e-34 9.28077e-17 1
1 2.04658e-10 0
0.538885 0.469838 0.00110712
4.14941e-17 0.798571 0.201429
6.61998e-18 0.127404 0.872596
5.80089e-18 0.404679 0.595321
1.27338e-18 0.628136 0.371864
1.11137e-16 0.692795 0.307205
6.87229e-17 0.4284 0.5716
0 0.241138 0.758862
5.23039e-18 0.968795 0.0312053
1.25126e-18 0.617228 0.382772
7.35012e-15 1 0
9.66326e-18 0.333006 0.666994
6.30989e-18 0.440188 0.559812
8.56448e-18 0.173386 0.826614
0 0.207434 0.792566
1.02951e-16 0.884299 0.115701
1.81429e-18 0.894961 0.105039
8.68763e-19 0.0576429 0.942357
1.01911e-17 0.196132 0.803868
0 0.392635 0.607365
1.74921e-18 0.862854 0.137146
6.64206e-18 0.463361 0.536639
3.94151e-18 0.274966 0.725034
0 0.416535 0.583465
7.22e-18 0.138952 0.861048
1.04738e-17 0.104223 0.895777
1.24669e-17 0.25239 0.74761
0 0.979207 0.0207926
0 0.841376 0.158624
2.133e-17 0.735053 0.264947
4.10701e-18 0.286511 0.713489
1.31733e-18 0.649819 0.350181
1.72769e-17 0.595379 0.404621
1.86366e-19 0.0345195 0.96548
9.60548e-18 0.184862 0.815138
0 0.756126 0.243874
1.19473e-17 0.229932 0.770068
4.3161e-17 0.830653 0.169347
2.50579e-17 0.507291 0.492709
0 0.72452 0.27548
4.27282e-18 0.298078 0.701922
8.00167e-18 0.161992 0.838008
1.63166e-17 0.562285 0.437715
3.98394e-17 0.766726 0.233274
0.478111 0.00452171 0.530344
5.00429e-18 0.926916 0.0730843
1.97932e-17 0.682094 0.317906
4.3681e-19 0.0809078 0.919092
1.0505e-18 0.518192 0.481808
5.11305e-18 0.356694 0.643306
1.37788e-17 0.474833 0.525167
1.01702e-16 0.873571 0.126429
3.32003e-17 0.638954 0.361046
0.547408 0.287596 0.175919
1.59953e-17 0.551214 0.448786
0.539367 0.305798 0.162024
4.26057e-17 0.819966 0.180034
0.540068 0.472432 0
0.477735 0 0.534266
1.05439e-16 0.905667 0.0943334
1.44739e-18 0.713972 0.286028
1.69585e-17 0.584408 0.415592
0 0.787947 0.212053
1.12835e-16 0.703382 0.296618
0 0.344816 0.655184
4.36718e-18 0.150497 0.849503
2.64928e-17 0.263625 0.736375
0 0.380666 0.619334
1.44058e-17 0.496439 0.503561
2.65888e-17 0.916277 0.0837228
9.3412e-20 0.0460786 0.953921
4.20493e-17 0.809258 0.190742
1.22912e-18 0.606305 0.393695
