1.47245e-28 1.73472e-17 1
2.0932e-18 0.111981 0.888019
6.31557e-18 0.13371 0.86629
5.27324e-19 0.0111642 0.988836
0.756087 0.255368 0
0 0.0564041 0.943596
2.619e-17 0.932148 0.0678517
1.33583e-17 0.714636 0.285364
0 0.376921 0.623079
0 0.301314 0.698686
1.35709e-17 0.726007 0.273993
0 0.862863 0.137137
0 0.441197 0.558803
0 0.197792 0.802208
0 0.176642 0.823358
0.898168 0.0186832 0.0952143
1.72006e-17 0.612199 0.387801
0 0.805475 0.194525
0 0.218781 0.781219
2.9026e-18 0.155282 0.844718
3.72483e-18 0.0788604 0.92114
1.25007e-17 0.668755 0.331245
4.47634e-18 0.239473 0.760527
0.578148 7.45965e-06 0.434016
1.59434e-18 0.0337546 0.966245
0.771549 0.120411 0.122983
1.56878e-17 0.558355 0.441645
0 0.249816 0.750184
2.57605e-17 0.545388 0.454612
0 0.187244 0.812756
5.85407e-18 0.208357 0.791643
1.82718e-17 0.977497 0.0225031
2.02207e-17 0.428104 0.571896
1.30189e-17 0.27563 0.72437
0 0.920648 0.0793524
1.31448e-17 0.703215 0.296785
1.20715e-17 0.645794 0.354206
1.66154e-17 0.351772 0.648228
0 0.851294 0.148706
0 0.691748 0.308252
1.84832e-17 0.988803 0.0111975
0.510432 0.503572 0
1.18578e-17 0.634361 0.365639
2.14651e-17 0.454448 0.545552
0.518962 0.449677 0.0460573
2.73639e-17 0.579334 0.420666
1.42077e-17 0.760074 0.239926
3.85829e-17 0.816858 0.183142
1.6814e-18 0.0899508 0.910049
2.55442e-17 0.909163 0.0908371
0.505429 0.328189 0.177433
7.38282e-18 0.262768 0.737233
0 0.288524 0.711476
1.10317e-17 0.590168 0.409832
0 0.966206 0.0337944
0 0.41514 0.58486
0 0.364323 0.635677
0 0.943517 0.0564826
0.340008 0.25523 0.446823
4.16177e-19 0.0222644 0.977736
1.12364e-17 0.601116 0.398884
0 0.0451066 0.954893
1.56974e-17 0.839768 0.160232
0 0.874444 0.125556
0 0.782744 0.217256
0 0.89761 0.10239
0.506938 0.440022 0.0670186
1.22861e-17 0.657274 0.342726
0 0.886031 0.113969
1.54297e-17 0.326671 0.673329
2.94276e-17 0.623027 0.376973
0 0.339285 0.660715
0 0.402282 0.597718
2.45389e-17 0.519526 0.480474
1.27159e-17 0.680267 0.319733
1.78488e-17 0.954864 0.0451359
0 0.73737 0.26263
2.29643e-18 0.122853 0.877147
0 0.828281 0.171719
1 1.18741e-11 0
1.35037e-17 0.480619 0.519381
1.39954e-17 0.748719 0.251281
1.31366e-17 0.467554 0.532446
1.48434e-17 0.794081 0.205919
0.893592 0 0.116585
2.68675e-17 0.568827 0.431173
2.51499e-17 0.532461 0.467539
0 0.16601 0.83399
4.06165e-18 0.144561 0.855439
0 0.771404 0.228596
8.8221e-18 0.313994 0.686006
9.46844e-18 0.506537 0.493463
0.797625 0.110532 0.140843
0 0.229125 0.770875
1.8875e-18 0.100976 0.899024
0 0.389625 0.610375
0 1 1.11022e-16
9.22619e-18 0.493578 0.506422
1.26393e-18 0.0676173 0.932383
0.519478 0.0298594 0.488683
