1.9518e-18 0.0762686 0.923731
0 0.420038 0.579962
0 0.1192 0.8808
2.19979e-18 0.747999 0.252001
7.24246e-18 0.668366 0.331634
0 0.93545 0.0645501
2.23311e-18 0.759329 0.240671
0 0.804083 0.195917
1.9252e-18 0.0546971 0.945303
0 0.645692 0.354308
0 0.859131 0.140869
0 0.848189 0.151811
2.33605e-18 0.215581 0.784419
0 0.725236 0.274764
0 0.442198 0.557802
7.61081e-18 0.702359 0.297641
0 0.532901 0.467099
0 0.957099 0.0429009
0.514763 0.498707 3.26301e-15
2.39749e-18 0.815225 0.184775
2.74368e-15 1.61292e-13 1
1.91593e-17 0.544338 0.455662
0.714049 0.000503006 0.298447
2.15434e-17 0.612074 0.387926
0 0.521353 0.478647
0 0.623302 0.376698
3.32284e-18 0.129843 0.870157
0 0.0109778 0.989022
2.77691e-18 0.10851 0.89149
0.550939 1.59651e-05 0.459372
0 0.258675 0.741325
0 0.475566 0.524434
0 0.387371 0.612629
1.32504e-17 0.376458 0.623542
2.68721e-18 0.913739 0.0862613
0 0.409107 0.590893
0 0.301434 0.698566
0 0.555751 0.444249
1.01221e-18 0.344186 0.655814
9.48223e-18 0.269401 0.730599
1.02349e-17 0.290785 0.709215
0 0.0870305 0.91297
0 0.967862 0.0321377
0 0.826236 0.173764
2.71908e-18 0.924574 0.0754264
0 0.978597 0.0214025
2.00079e-17 0.781829 0.218171
0 0.946273 0.0537273
1.99595e-17 0.567072 0.432928
3.96264e-18 0.36569 0.63431
8.34784e-18 0.237172 0.762828
1 1.11022e-16 0
9.49143e-19 0.322739 0.677261
0 0.713803 0.286197
0.6268 0.240483 0.147016
0 0.989316 0.0106838
0 0.31207 0.68793
0 0.464433 0.535567
0 0.333419 0.666581
0.623335 0.387481 0
2.23321e-17 0.63448 0.36552
0 0.0977826 0.902217
0 0.736623 0.263377
1.67669e-18 0.0655184 0.934482
0 0.151182 0.848818
0 0.657018 0.342982
0 0.67965 0.32035
1.79444e-17 0.509822 0.490178
0 0.90283 0.0971703
3.06241e-17 0.870065 0.129935
0 0.354923 0.645077
0 0.398137 0.601863
0.513583 0.490315 0.0113388
0 0.690968 0.309032
0 0.48668 0.51332
2.71227e-17 0.770588 0.229412
0 0.589635 0.410365
9.07234e-18 0.837235 0.162765
9.66646e-20 0.0328691 0.967131
7.96828e-18 0.226388 0.773612
6.0745e-18 0.172584 0.827416
0 0.280087 0.719913
0 0.0437763 0.956224
4.67116e-18 0.431075 0.568925
2.19354e-10 1 0
5.70649e-19 0.194039 0.805961
0.570346 0.0694105 0.370419
5.69782e-18 0.161882 0.838118
0 0.88101 0.11899
2.11489e-17 0.600864 0.399136
2.33228e-18 0.793049 0.206951
6.02248e-19 0.204784 0.795216
0 0.140532 0.859468
6.45173e-18 0.183301 0.816699
8.72731e-18 0.247953 0.752047
0 0.578414 0.421586
0 0.891935 0.108065
0 0.453302 0.546698
0 0.498293 0.501707
7.72402e-19 0.0219448 0.978055
