6.51017e-18 0.474821 0.525179
0 0.0118072 0.988193
0.49677 0.492855 0.0284721
4.17688e-18 0.16651 0.83349
2.76865e-18 0.201933 0.798067
0.882257 0.126962 0.000454886
0.927944 0.00647619 0.0753575
1.11868e-17 0.445961 0.554039
1.88461e-17 0.751297 0.248703
7.72452e-18 0.307937 0.692063
0.863387 6.50356e-05 0.146219
8.83824e-18 0.64462 0.35538
0 0.190141 0.809859
0 0.957007 0.0429931
0.494536 0.519047 1.1253e-16
2.98391e-18 0.118953 0.881047
1.98094e-17 0.789699 0.210301
1 0 4.03483e-11
9.73445e-18 0.388062 0.611938
7.13953e-18 0.284616 0.715384
2.17548e-17 0.867253 0.132747
1.82842e-17 0.728899 0.271101
0 0.27298 0.72702
1.54457e-17 0.615742 0.384258
0 0.225607 0.774393
0 0.663549 0.336451
8.01533e-18 0.31953 0.68047
1.29265e-17 0.515312 0.484688
8.54342e-18 0.340582 0.659418
2.25216e-17 0.897819 0.102181
1.24189e-17 0.495077 0.504923
0 0.821035 0.178965
2.9308e-18 0.213759 0.786241
8.70726e-18 0.635067 0.364933
1.34359e-17 0.535621 0.464379
0 0.805365 0.194635
0 0.0354729 0.964527
0 0.107061 0.892939
1.49511e-17 0.596025 0.403975
3.41937e-18 0.249393 0.750607
1.04586e-17 0.416932 0.583068
0.515992 0 0.494496
1.641e-17 0.654184 0.345816
0 0.083178 0.916822
0 0.0236175 0.976383
0 0.261133 0.738867
0.189011 0.778874 0.0405529
6.3014e-17 0.505191 0.494809
0 0.465252 0.534748
1.3944e-17 0.555875 0.444125
0.334369 1.93466e-05 0.673938
0 0.942496 0.0575039
9.49462e-18 0.378502 0.621498
0 0.331186 0.668814
0 0.0592927 0.940707
1.56885e-17 0.625421 0.374579
0 0.851926 0.148074
1.02161e-17 0.407262 0.592738
0 0.695376 0.304624
1.47015e-17 0.586072 0.413928
2.09869e-17 0.83664 0.16336
2.21436e-17 0.882752 0.117248
1.55606e-09 1 1.11023e-16
1.14291e-17 0.455618 0.544382
8.30668e-18 0.605851 0.394149
1.85648e-17 0.740083 0.259917
1.80043e-17 0.717739 0.282261
9.01742e-18 0.359478 0.640522
4.53453e-12 1.14775e-10 1
0.335244 0.676223 0
0 0.130857 0.869143
3.42632e-17 0.985748 0.0142516
0 0.0473758 0.952624
7.20463e-18 0.525472 0.474528
1.09447e-17 0.436309 0.563691
1.71601e-17 0.684086 0.315914
1.68765e-17 0.672779 0.327221
0.460341 0.479818 0.0692764
1.91283e-17 0.762545 0.237455
0 0.397653 0.602347
2.28947e-17 0.912695 0.0873055
7.43336e-18 0.29633 0.70367
2.3271e-17 0.927696 0.0723039
1.44497e-17 0.576033 0.423967
0 0.154659 0.845341
0 0.349991 0.650009
0.189206 0.820588 0.000549489
0 0.142757 0.857243
1.77232e-17 0.706533 0.293467
0 0.0951163 0.904884
1.36899e-17 0.545748 0.454252
6.64905e-18 0.484951 0.515049
9.25489e-18 0.368945 0.631055
1.41973e-17 0.565973 0.434027
3.25611e-18 0.237485 0.762515
1.94086e-17 0.773722 0.226278
0 0.971479 0.0285205
0 0.0712268 0.928773
0 0.178341 0.821659
1.07014e-17 0.42661 0.57339
