0 0.750166 0.249834
0 0.407635 0.592365
0 0.184981 0.815019
1.27139e-17 0.174678 0.825322
0.735012 0.0162719 0.252984
0 0.477856 0.522144
1.2546e-17 0.585461 0.414539
0 0.510305 0.489695
1.07424e-17 0.501298 0.498702
0.255721 0.276516 0.512379
1 2.1616e-13 6.66134e-16
0.582335 6.46521e-17 0.427919
3.40201e-17 0.794021 0.205979
1.18577e-17 0.553342 0.446658
1.81657e-16 0.988304 0.0116963
2.4167e-17 0.564053 0.435947
0 0.617828 0.382172
0 0.13362 0.86638
0 0.683719 0.316281
7.84098e-18 0.365901 0.634099
4.81023e-18 0.22447 0.77553
5.40433e-18 0.252194 0.747806
3.25928e-15 1.6605e-13 1
4.40439e-18 0.102797 0.897203
0 0.953239 0.0467613
3.26113e-17 0.76114 0.23886
0.251978 0.257179 0.519847
0 0.930002 0.0699979
0 0.0206659 0.979334
1.51272e-17 0.705916 0.294084
0 0.123282 0.876718
7.08831e-18 0.90683 0.0931703
6.32595e-18 0.295202 0.704798
0 0.918427 0.0815729
6.90892e-18 0.883881 0.116119
0 0.205212 0.794788
1.20385e-17 0.280975 0.719025
1.09636e-20 0.0103395 0.98966
6.99802e-18 0.895279 0.104721
2.23223e-17 0.520997 0.479003
3.68955e-17 0.861133 0.138867
5.43101e-18 0.694807 0.305193
0.872422 0.139776 0.000270422
0 0.941602 0.058398
0 0.421696 0.578304
5.08582e-18 0.650645 0.349355
4.84245e-18 0.113022 0.886978
0.500947 0.511286 7.82435e-05
3.59288e-17 0.838571 0.161429
0 0.379793 0.620207
3.49684e-17 0.816154 0.183846
6.63036e-18 0.309407 0.690593
1.16274e-17 0.542597 0.457403
0 0.872493 0.127507
0.739422 0.0274033 0.243456
0 0.435578 0.564422
0 0.323586 0.676414
5.20875e-18 0.243068 0.756932
3.36498e-17 0.717038 0.282962
2.31182e-17 0.492622 0.507378
3.64103e-17 0.849808 0.150192
0 0.463424 0.536576
1.84761e-17 0.393704 0.606296
0 0.964922 0.0350777
9.63138e-18 0.44945 0.55055
0.745233 0.00938813 0.263542
0 0.0515457 0.948454
3.52622e-18 0.0823012 0.917699
1.37061e-17 0.639598 0.360402
0 0.7721 0.2279
0 0.154291 0.845709
7.54188e-18 0.351943 0.648057
1.34721e-17 0.62868 0.37132
0 0.143956 0.856044
4.18269e-18 0.195186 0.804814
0 0.739141 0.260859
0.705497 0 0.307704
0 0.06181 0.93819
1.23169e-17 0.57477 0.42523
0 0.531799 0.468201
0 0.661616 0.338384
0 0.606986 0.393014
0 0.164571 0.835429
6.7984e-14 1 0
0 0.976613 0.0233872
0 0.0309653 0.969035
3.44943e-17 0.80509 0.19491
0 0.233684 0.766316
3.96569e-18 0.0925584 0.907442
0 0.0412713 0.958729
0 0.596163 0.403837
3.54487e-17 0.827365 0.172635
0 0.0720598 0.92794
7.23795e-18 0.337761 0.662239
0 0.72809 0.27191
2.88205e-17 0.672665 0.327335
3.35507e-17 0.783066 0.216934
0 0.214948 0.785052
0.87213 0.120757 0.0196033
0 0.266701 0.733299
