5.69988e-19 0.159607 0.840393
2.24347e-18 0.303067 0.696933
3.1013e-17 0.596653 0.403347
4.00785e-18 0.541414 0.458586
2.43965e-18 0.683144 0.316856
2.41626e-17 0.464859 0.535141
1.80341e-19 0.024362 0.975638
4.33547e-18 0.585671 0.414329
5.87266e-14 8.44533e-12 1
6.76494e-18 0.913864 0.086136
5.2978e-18 0.715671 0.284329
2.91218e-18 0.815461 0.184539
4.45652e-18 0.0857382 0.914262
4.73882e-18 0.640159 0.359841
7.25993e-19 0.0980731 0.901927
0.846581 0.147182 0.0164191
1.6239e-18 0.454722 0.545278
2.46899e-17 0.475003 0.524997
2.04568e-17 0.393564 0.606436
4.81849e-18 0.650921 0.349079
1.41324e-18 0.122746 0.877254
1.69893e-17 0.326855 0.673145
4.03088e-18 0.563607 0.436393
2.94514e-18 0.255797 0.744203
6.11884e-18 0.826583 0.173417
4.65919e-18 0.629402 0.370598
6.33872e-19 0.0121949 0.987805
3.89064e-18 0.52558 0.47442
3.1584e-17 0.607638 0.392362
7.02842e-19 0.672355 0.327645
0.720867 0.0520514 0.237391
4.52219e-19 0.0610895 0.938911
2.76455e-18 0.373459 0.626541
0.739584 0 0.26963
0 0.232104 0.767896
3.21674e-18 0.279387 0.720613
1 0 2.06501e-14
9.56413e-18 0.184002 0.815998
2.50938e-18 0.338988 0.661012
1.96923e-17 0.171845 0.828155
1.54088e-18 0.208154 0.791846
4.41159e-17 0.848737 0.151263
2.09852e-17 0.40373 0.59627
7.3224e-18 0.989171 0.0108292
1.5138e-17 0.291237 0.708763
1.62973e-18 0.220157 0.779843
1.99361e-17 0.383546 0.616454
4.63801e-17 0.892298 0.107702
1.63702e-17 0.314944 0.685056
3.43908e-17 0.661638 0.338362
3.81572e-18 0.515459 0.484541
4.25378e-18 0.574636 0.425364
2.2576e-17 0.434335 0.565665
2.51121e-18 0.351123 0.648877
4.8616e-17 0.935314 0.0646857
3.54204e-18 0.495255 0.504745
0.370823 0.000111701 0.640719
0.853799 0.15652 0.00247101
6.68545e-18 0.903126 0.0968741
6.44496e-18 0.870639 0.129361
0 0.978371 0.0216286
0.540081 0.000466173 0.475674
7.16266e-18 0.967591 0.0324088
4.58162e-17 0.881448 0.118552
1.80633e-18 0.244013 0.755987
0 0.196153 0.803847
2.15153e-17 0.413929 0.586071
0 0.618527 0.381473
5.21724e-18 0.704787 0.295213
2.47804e-18 0.693896 0.306104
5.78864e-18 0.781977 0.218023
2.69162e-18 0.363607 0.636393
1.90028e-18 0.0365591 0.963441
0.467426 0.543483 3.57032e-05
2.53787e-18 0.0488255 0.951174
8.45162e-19 0.0734056 0.926594
0.742716 0.0349181 0.233611
1.0909e-18 0.147368 0.852632
5.37852e-18 0.726575 0.273425
7.40257e-18 1 0
1.55499e-18 0.135057 0.864943
3.59114e-18 0.485121 0.514879
4.46866e-17 0.859717 0.140283
3.81545e-18 0.533485 0.466515
5.5414e-18 0.748578 0.251422
0 0.956796 0.0432042
6.20097e-18 0.837678 0.162322
1.27124e-18 0.110412 0.889588
8.87518e-18 0.770845 0.229155
3.61415e-18 0.505338 0.494662
6.84441e-18 0.924599 0.075401
5.87157e-18 0.793179 0.206821
7.00316e-18 0.946045 0.0539554
3.83364e-17 0.737547 0.262453
0 0.267603 0.732397
5.62387e-18 0.759719 0.240281
2.87207e-17 0.552551 0.447449
4.88347e-18 0.424149 0.575851
3.1794e-18 0.444551 0.555449
5.95413e-18 0.804333 0.195667
