0.553689 0.353932 0.107779
9.39914e-18 0.270319 0.729681
0 0.574941 0.425059
7.00455e-18 0.201451 0.798549
0 0.634523 0.365477
1.687e-17 0.485182 0.514818
0 0.964478 0.0355216
0 0.988192 0.0118079
0 0.142475 0.857525
0.552988 0.332467 0.129105
0.841337 0 0.173398
2.16522e-17 0.622717 0.377283
1.89716e-17 0.545622 0.454378
1.21937e-18 0.0350691 0.964931
0 0.587002 0.412998
0 0.118509 0.881491
1 2.00332e-11 0
0 0.682099 0.317901
0 0.0233221 0.976678
3.26986e-17 0.940412 0.0595884
0.612626 0.398193 0
0 0.495318 0.504682
0 0.281893 0.718107
9.00154e-18 0.258884 0.741116
2.79699e-17 0.804414 0.195586
0 0.130485 0.869515
0 0.754944 0.245056
0.372589 0.00749207 0.634106
0.790627 0.180222 0.0429244
3.09961e-17 0.891448 0.108552
0 0.424746 0.575254
0 0.0468576 0.953142
0 0.599019 0.400981
3.05692e-17 0.87917 0.12083
0 0.718296 0.281704
1.40419e-17 0.403846 0.596154
2.33033e-17 0.670203 0.329797
7.40502e-18 0.212968 0.787032
0 0.414179 0.585821
0 0.976336 0.0236644
0 0.742687 0.257313
0 0.475064 0.524936
0.786019 0.16626 0.0556173
0.372718 0 0.641784
0 0.841882 0.158118
2.7105e-17 0.779539 0.220461
0 0.0945166 0.905483
1.32803e-17 0.381942 0.618058
0 0.0706099 0.92939
1.5818e-17 0.454924 0.545076
0 0.50548 0.49452
1.54688e-17 0.444883 0.555117
0 0.903668 0.0963315
8.60404e-18 0.247452 0.752548
0 0.166163 0.833837
6.59583e-18 0.189696 0.810304
0 0.791963 0.208037
0 0.357118 0.642882
0 0.154336 0.845664
0 0.646369 0.353631
6.18669e-18 0.177929 0.822071
0 0.224538 0.775462
1.06473e-17 0.306216 0.693784
0 0.525612 0.474388
0 0.694201 0.305799
3.70374e-18 0.106519 0.893481
0 0.343458 0.656542
0 0.434822 0.565178
0 1 0
0 0.928205 0.0717946
0 0.515561 0.484439
0 0.866801 0.133199
1.96518e-17 0.565186 0.434814
0.946353 0.0518693 0.0120018
0.403931 0.578218 0.02999
0 0.371023 0.628977
0 0.011638 0.988362
0 0.952532 0.0474682
0 0.535616 0.464384
0.406732 0.604579 3.13755e-07
8.20648e-18 0.236018 0.763982
0.549232 0.394729 0.0632035
1.93159e-17 0.555525 0.444475
0 0.706231 0.293769
0 0.81691 0.18309
0 0.0587493 0.941251
2.8704e-18 0.0825526 0.917447
2.12417e-17 0.610912 0.389088
1.16219e-15 2.23936e-13 1
1.15035e-17 0.330841 0.669159
0 0.392976 0.607024
2.53992e-17 0.730481 0.269519
0 0.767207 0.232793
0 0.829392 0.170608
0 0.65823 0.34177
0 0.915977 0.0840229
0 0.318041 0.681959
1.02052e-17 0.293501 0.706499
0 0.46497 0.53503
0 0.854368 0.145632
