0.922885 0.0771146 0
0.296406 0.138105 0.565489
0.28837 0.71163 0
0.17302 0 0.82698
0.412255 0.145435 0.442309
0 1 0
0.329074 0.670926 0
0.20437 0.360237 0.435392
0.0832359 0.206371 0.710393
0.216707 0.0295355 0.753757
0 0.0816918 0.918308
0.253552 0.0850415 0.661407
1.59133e-17 7.42924e-17 1
0.369761 0.630239 0
0.657221 0.0927788 0.25
0.57082 0.42918 0
0.53107 0.46893 0
0.478909 0.246487 0.274604
0.300561 0.278346 0.421093
0.434695 0.315305 0.25
0.247596 0.752404 0
0.327295 0.0625661 0.610138
5.04932e-18 0.298537 0.701463
0.165394 0.557271 0.277335
0.0131643 0.228522 0.758314
0.0988752 0.026978 0.874147
0.124137 0.875863 0
0.489423 0 0.510577
0.0796988 0.384729 0.535572
0.114442 0.436285 0.449272
0.689445 0.310555 0
0.206542 0.793458 0
0.355873 0 0.644127
0.401501 0.281215 0.317284
0.148628 0.498284 0.353088
0.0413997 0.9586 0
0.55938 0.00308494 0.437535
0.26376 0.219538 0.516703
0.152735 0.340976 0.506289
0.767856 0.232144 0
0.304629 0.438672 0.256699
0.234135 0.459365 0.3065
0.0971482 0.145397 0.757455
0.154886 0.198732 0.646381
0.65019 0.34981 0
0.633018 0 0.366982
0.264799 0.378765 0.356436
1 0 0
0.450637 0.0625267 0.486837
0 0.75 0.25
0.54521 0.20479 0.25
0.22462 0.52538 0.25
0.410234 0.589766 0
0.183234 0.42331 0.393456
0.606792 0.0621204 0.331088
0.0255877 0.588941 0.385471
0.884214 0.115786 0
0.0616778 0 0.938322
0.450647 0.549353 0
0.689854 0.0179511 0.292195
0.165503 0.834497 0
0.224185 0.167572 0.608244
0.589384 0.13821 0.272406
0.610565 0.389435 0
0.806717 0.193283 0
0.33202 0.335049 0.332931
0.284648 0 0.715352
0.41717 0.00886173 0.573969
0.366294 0.383706 0.25
0.0849477 0.595399 0.319653
0.0438853 0.109791 0.846323
0.728768 0.271232 0
0.443934 0.191785 0.364281
0.374209 0.0985505 0.52724
0.11694 0.63306 0.25
0.0319175 0.339969 0.628113
0.494773 0.0838785 0.421349
0.0692078 0.265871 0.664922
0 0.456782 0.543218
0.369775 0.235939 0.394286
0.082746 0.917254 0
0.336068 0.186152 0.47778
0.187866 0.253644 0.55849
0.75 0 0.25
0.509445 0.1646 0.325955
0.113666 0.296859 0.589474
0 0.549415 0.450585
0.133162 0.0748839 0.791954
0.0819496 0.520961 0.39709
0.230662 0.296645 0.472693
1.11128e-17 0.657038 0.342962
0.845473 0.154527 0
0.0435261 0.686886 0.269588
0.490925 0.509075 0
0.0396552 0.478851 0.481494
0 0.399662 0.600338
3.01101e-18 0.178024 0.821976
0.17758 0.117839 0.704581
0.961437 0.0385632 0
0.540215 0.0980504 0.361735
