0.484483 0.235849 0.279668
0.368892 0.631108 0
0.0315706 0.560888 0.407541
0.265027 0.344383 0.39059
0.310575 0.265686 0.423738
0.27058 0.213114 0.516306
0.115529 0.173855 0.710616
0.243378 0.0329869 0.723635
0.146506 0.217292 0.636202
0 0.172844 0.827156
0.163585 0.0846202 0.751794
0.490151 0.509849 0
0 0.262909 0.737091
0.486649 0 0.513351
0.107777 0.417572 0.474651
0.351391 0.308583 0.340025
0.0290695 0.0303638 0.940567
0.352177 0.029703 0.61812
0.450452 0.299548 0.25
0.0775984 0.494668 0.427734
0.164516 0.835484 0
0 1 0
0.229838 0.171636 0.598527
0.44982 0.55018 0
0.222421 0.430936 0.346642
1 0 0
0.328382 0.671618 0
0.187489 0.25596 0.556551
0.767321 0.232679 0
0.261306 0.478541 0.260152
0.639025 0.110975 0.25
0.140462 0.0292811 0.830257
0.72838 0.27162 0
0.665905 0 0.334095
0.0892659 0.573753 0.336982
0.144094 0.467857 0.38805
0.567808 0.136752 0.295439
9.77865e-17 1.32358e-17 1
0.148523 0.336663 0.514813
0.649455 0.350545 0
0.512114 0.0420813 0.445805
0.473233 0.183399 0.343368
0.442269 0.0916394 0.466092
0.392451 0.0696342 0.537914
0.100443 0.300101 0.599456
0.20554 0.79446 0
0.431646 0.15455 0.413803
0.609729 0.390271 0
0.0629952 0.0785066 0.858498
0.548289 0.201711 0.25
0.208221 0 0.791779
0.101106 0 0.898894
0.332487 0.417513 0.25
0.169397 0.515445 0.315158
0.360592 0.194581 0.444827
0.0878033 0.123613 0.788584
1.64812e-17 0.413928 0.586072
0.186301 0.382846 0.430853
0.0682168 0.373771 0.558012
0.195308 0.127837 0.676855
0.0421219 0.204072 0.753806
0.399516 0.239433 0.361051
0.312837 0 0.687163
0.75 0 0.25
0 0.52401 0.47599
0.409253 0.590747 0
0.844973 0.155027 0
0.246591 0.753409 0
0.524211 0.10003 0.375759
0.345229 0.150737 0.504034
0.569795 0.430205 0
0.922777 0.0772229 0
0.0200869 0.665942 0.313971
0.309108 0.118177 0.572715
0.287617 0.712383 0
0.298736 0.386029 0.315234
0.689176 0.310824 0
0.0693055 0.680694 0.25
0.806247 0.193753 0
0.199793 0.550207 0.25
0.580578 0 0.419422
0.602645 0.0518001 0.345555
0.127611 0.612651 0.259739
0.884074 0.115926 0
0.0253229 0.457659 0.517018
0 0.102447 0.897553
0.529971 0.470029 0
0.388284 0.344598 0.267118
0.96146 0.0385396 0
0 0.345604 0.654396
2.98624e-17 0.75 0.25
0.684974 0.0459564 0.26907
0.0824829 0.917517 0
0 0.626568 0.373432
0.0412807 0.958719 0
0.0566317 0.268798 0.67457
0.123517 0.876483 0
0.229189 0.297652 0.473159
0.419542 0 0.580458
0.271382 0.0829298 0.645688
