0.542217 0.145547 0.312236
0.251213 0.748787 0
0.0909624 0.43575 0.473288
0.179455 0.390741 0.429804
0 0.322595 0.677405
0.619323 0.380677 0
0.504178 0.229429 0.266393
0.261296 0.347234 0.39147
0.140092 0.353393 0.506515
0.563505 0 0.436495
0.0596191 0.390082 0.550299
0.108788 0.0479323 0.84328
0.732622 0.267378 0
0.0558528 0.283667 0.66048
0 1 0
0 0.0596624 0.940338
0.170186 0 0.829814
0.130538 0.474817 0.394645
0.365012 0 0.634988
0.591802 0.0752637 0.332935
0 0.242081 0.757919
1 0 0
0.544728 0.455272 0
0.490286 0.0142128 0.495501
0.685811 0.027363 0.286826
0 0.749999 0.250001
0.287334 0.712666 0
0.0357322 0.964268 0
0.530596 0.0591051 0.410299
0.470344 0.529656 0
0.180589 0.0492926 0.770119
0.0804906 0.669508 0.250001
0.133033 0.24295 0.624017
0.575564 0.174435 0.250001
0.581972 0.418028 0
0.0276415 0.618553 0.353806
0.808442 0.191558 0
0.254543 0.13076 0.614698
0.749999 0 0.250001
0.107247 0.892753 0
0.323734 0.676266 0
0.360129 0.639871 0
0.178916 0.821084 0
0.657089 0.342911 0
0.846561 0.153439 0
0.121619 0.605434 0.272947
0.63912 0 0.36088
0.487778 0.124763 0.387459
0.28442 0.190642 0.524937
0.269011 0.480988 0.250001
0.88475 0.11525 0
0.770381 0.229619 0
0.0734964 0.123681 0.802823
0.173668 0.511683 0.314649
0.306451 0.249616 0.443933
0.215079 0.784921 0
0.178177 0.277872 0.543951
0.195328 0.55467 0.250001
0.216498 0.211122 0.57238
0.438698 0.102899 0.458403
0.357775 0.153067 0.489158
0.228553 0.299217 0.472231
0.02459 0.0967187 0.878691
0.071489 0.928511 0
0 0.58175 0.41825
0 0.403169 0.596831
0.216146 0.0882494 0.695604
0.507599 0.492401 0
0.0872044 0.322497 0.590299
0.0961441 0.557364 0.346492
0.458654 0.187219 0.354127
0.0810283 0 0.918972
0.694783 0.305217 0
0.326553 0.0957414 0.577706
0.435451 0 0.564549
0.41596 0.258228 0.325812
0.296918 0.0377282 0.665354
0.923089 0.076911 0
0.0421278 0.516325 0.441548
0 0.482867 0.517133
0.127568 0.135332 0.737101
0.0834411 0.206247 0.710312
0.294105 0.402142 0.303754
0.384793 0.205175 0.410032
0.261327 0 0.738673
0 0.687041 0.312959
4.56731e-17 6.53492e-17 1
0.336444 0.30012 0.363435
0.433612 0.566388 0
7.2768e-19 0.171331 0.828669
0.217896 0.435221 0.346883
0.396867 0.603133 0
0.376324 0.336196 0.28748
0.355905 0.394094 0.250001
0.143081 0.856919 0
0.398294 0.0669119 0.534794
0.452413 0.297586 0.250001
0.648565 0.101434 0.250001
0.961464 0.0385358 0
0.172772 0.168872 0.658357
