0.806862 0.193138 0
0.611004 0.388996 0
0 1 0
0.0892174 0.504797 0.405985
0.0425476 0.471248 0.486205
0.207486 0.0720095 0.720505
0.155098 0.350978 0.493924
0.0828081 0.917192 0
0.0807627 0.0684372 0.8508
0 0.609802 0.390198
0.307034 0.281558 0.411408
0.18856 0.27224 0.5392
0.422074 0.271956 0.30597
0.601009 0 0.398991
0.522805 0.227195 0.25
1.02339e-19 5.58425e-17 1
0.206725 0.793275 0
0.845616 0.154384 0
0.17289 0.0127337 0.814376
0.128116 0.0986852 0.773199
0 0.215571 0.784429
0.113391 0 0.886609
0.395782 0.0131564 0.591062
0.108458 0.307305 0.584237
0.571345 0.428655 0
0.303085 0.159214 0.537701
0.266395 0.237093 0.496512
0.345904 0.200974 0.453122
0.491403 0.508597 0
0.200247 0.396348 0.403405
0.349711 0 0.650289
0.469019 0 0.530981
0 0.451706 0.548294
0.345089 0.324317 0.330594
0.427493 0.0614602 0.511047
0.0622088 0.580698 0.357093
0.11057 0.188441 0.700989
0.884383 0.115617 0
0.410791 0.589209 0
0.482976 0.0806371 0.436387
0.225123 0.191086 0.583791
0 0.39406 0.60594
0.299247 0.410813 0.28994
0.922975 0.0770255 0
0.177711 0.464222 0.358067
0.329493 0.670507 0
0.0413798 0.95862 0
0.147896 0.229022 0.623082
0.124207 0.875793 0
0.338465 0.0864672 0.575068
0.24388 0 0.75612
0.0279737 0.335316 0.63671
0.288777 0.711223 0
0.386628 0.127109 0.486263
0.961488 0.0385125 0
0.561475 0.157533 0.280992
0.451136 0.548864 0
0.433404 0.158248 0.408348
0.75 0 0.25
0.448528 0.301472 0.25
0.288436 0.0311016 0.680463
0.07911 0.384781 0.536109
0 0.0988094 0.901191
0.729181 0.270819 0
0.267649 0.366334 0.366016
0.689915 0.310085 0
0.668899 0 0.331101
0.165558 0.834442 0
0.182189 0.146027 0.671784
0.533282 0.00758703 0.459131
0.100353 0.623025 0.276623
0.231009 0.316719 0.452273
0.247782 0.752218 0
0.217306 0.500578 0.282116
0 0.542495 0.457505
0.650624 0.349376 0
0.0672026 0.260214 0.672583
0.683102 0.0528343 0.264064
0.0382376 0.0236525 0.93811
0.768065 0.231935 0
0 0.287551 0.712449
0.0228212 0.144904 0.832275
0.276922 0.473078 0.25
0.370267 0.629733 0
1 0 0
0.531434 0.468566 0
0.0751028 0.167298 0.757599
0.122308 0.429563 0.448129
0.387081 0.236868 0.37605
0 0.75 0.25
0.589585 0.0709584 0.339457
0.521229 0.110495 0.368276
0.173431 0.576568 0.25
0.00372367 0.672459 0.323818
0.135951 0.539649 0.3244
0.630291 0.119709 0.25
0.476447 0.192935 0.330618
0.37429 0.37571 0.25
0.0634096 0.68659 0.25
0.26036 0.110738 0.628902
