0.231371 0.768629 0
0.75 0 0.25
0.221943 0.267373 0.510684
0.0383433 0.961657 0
0.0430365 0.0961606 0.860803
0.467868 0.532132 0
0.0196294 0.687378 0.292993
0.388768 0.611232 0
0.418508 0.061681 0.519811
0.144106 0.255008 0.600886
0.57286 0.17714 0.25
0.662469 0.0875311 0.25
0.451356 0 0.548644
0.0918283 0.658172 0.25
1.50739e-17 0.32289 0.67711
0.428304 0.571696 0
0.217085 0.388507 0.394408
0 0.527441 0.472559
0.284588 0.461839 0.253572
0.126187 0.327082 0.546731
0.751697 0.248303 0
0.0700246 0.596708 0.333267
0.412217 0.337783 0.25
0 0.394662 0.605338
0.0259068 0.560359 0.413734
0.508125 0.491875 0
0.958469 0.041531 0
0.792821 0.207179 0
0.154087 0.845913 0
0.522711 0.135798 0.341491
0 0.75 0.25
0.588675 0.411325 0
1.19081e-17 0.255077 0.744923
0.0685017 0.00142025 0.930078
0.136964 0.549631 0.313405
0.669666 0.330334 0
0.116554 0.135636 0.74781
0.289737 0.17015 0.540113
0.175913 0.0966828 0.727404
0.00301775 0.46312 0.533863
0.340135 0.0874178 0.572447
0.64415 0 0.35585
0.192726 0.807274 0
0.200517 0.0127197 0.786763
0.210067 0.211741 0.578192
0.179783 0.472052 0.348165
0.916907 0.0830931 0
0.548359 0.451641 0
0.376673 0.311001 0.312327
0.169612 0.171091 0.659297
0.270438 0.729562 0
0.140997 0 0.859003
0.600642 0.101028 0.29833
0.369207 0.199307 0.431486
0.476765 0.273235 0.25
0.257777 0.124432 0.617791
0.384392 0.132398 0.483209
0.299791 0.355043 0.345166
0.472552 0.0925929 0.434855
0.0767822 0.923218 0
0.302323 0.225063 0.472614
0.335304 0.274683 0.390013
0.25362 0.429776 0.316603
0.685592 0.0230629 0.291345
0.575836 0 0.424164
9.41014e-17 1 0
0.347718 0.402282 0.25
0.0586718 0.368753 0.572575
0.22513 0.52487 0.25
7.53466e-18 0.161396 0.838604
0.100299 0.503441 0.396259
0.235873 0.0732372 0.690889
1 0 0
0.629147 0.370853 0
0.0694155 0.29055 0.640035
0.446012 0.166433 0.387554
0.0745829 0.435652 0.489765
0.158478 0.591522 0.25
0.0410522 0.181637 0.777311
0.55346 0.0641 0.38244
0.270545 0 0.729455
0.379933 0 0.620067
0.312866 0.0300905 0.657043
0.115361 0.884639 0
0.0899314 0.215772 0.694296
0.16916 0.352545 0.478295
0.710681 0.289319 0
0 0.0739272 0.926073
0.309777 0.690223 0
0 0 1
2.96323e-17 0.634737 0.365263
0.87541 0.12459 0
0.508732 0.0128785 0.47839
0.500317 0.208621 0.291061
0.108246 0.0684636 0.823291
0.83404 0.16596 0
0.256657 0.310995 0.432347
0.348965 0.651035 0
0.14079 0.421773 0.437437
0.418988 0.239461 0.341551
