0.358765 0.391235 0.25
0.135308 0.265387 0.599305
0.256197 0 0.743803
0.34846 0.0619293 0.589611
0.0948283 0.341186 0.563986
0 0.75 0.25
1 0 0
0.120084 0.879916 0
3.72858e-17 1 0
0.273833 0.342813 0.383354
0.637564 0.362436 0
0.329328 0.127311 0.543361
0.603497 0.0442396 0.352263
0.959504 0.0404965 0
0.219263 0.0633086 0.717428
0.067516 0.413287 0.519197
0.0420475 0.315746 0.642207
0.156667 0.0844644 0.758868
0.309844 0.0147686 0.675387
0.184513 0.185354 0.630133
0.168794 0.581206 0.25
1.48817e-17 0.567178 0.432822
0.159518 0.484264 0.356218
0.0370611 0.085817 0.877122
0.438788 0.561212 0
0.185699 0 0.814301
0.0801148 0.919885 0
0.0916631 0.235602 0.672735
0.0596143 0.690386 0.25
0.597626 0.402374 0
0.717577 0.282423 0
0.200002 0.799998 0
0.45586 0 0.54414
0.54686 0.20314 0.25
0.0239805 0.497337 0.478682
0.37018 0.165296 0.464524
0.797951 0.202049 0
0 0 1
0.264692 0.151373 0.583935
0.573916 0.13095 0.295134
0.094793 0.628712 0.276495
0.160069 0.839931 0
0.0400546 0.959945 0
0.322936 0.253993 0.423071
0.684733 0.0437702 0.271497
1.18997e-17 0.453528 0.546472
0.406116 0.325349 0.268535
0.240196 0.509804 0.25
0.677597 0.322403 0
0.919068 0.0809319 0
0.0366908 0.602261 0.361048
0.279711 0.720289 0
0.641234 0.108766 0.25
4.05262e-18 0.154455 0.845545
0.247392 0.102019 0.650589
1.00988e-17 0.38489 0.61511
0.0818158 0 0.918184
0.36306 0.288521 0.348419
0.529791 0.083585 0.386624
0.129592 0.552638 0.31777
0.149362 0.368146 0.482492
0.66337 0 0.33663
0.141762 0.155522 0.702716
0.757682 0.242318 0
0.518154 0.481846 0
0.0617042 0.192002 0.746294
0.478469 0.521531 0
0.111567 0.448394 0.440039
0.359319 0.640681 0
0.239861 0.760139 0
0.319507 0.680493 0
0.119252 0.0332406 0.847507
0.311216 0.368235 0.320549
0.407725 0.203326 0.388949
0.292876 0.439454 0.26767
0.183749 0.294207 0.522043
0.411829 0.0809666 0.507205
0.222481 0.229653 0.547867
0.878645 0.121355 0
0.838296 0.161704 0
0.0789497 0.524654 0.396397
1.75647e-17 0.669437 0.330563
0.290947 0.210668 0.498385
0.557835 0.442165 0
0.476233 0.273767 0.25
5.82848e-18 0.222138 0.777862
0.22534 0.446929 0.327731
0.49823 0.0284368 0.473333
0.452832 0.119167 0.428
0.382082 0 0.617918
0.194905 0.398382 0.406713
0.238453 0.307332 0.454215
0 0.289965 0.710035
1.53432e-18 0.0584768 0.941523
0.493788 0.163799 0.342414
0.75 0 0.25
0.447258 0.238653 0.314089
0.08469 0.119045 0.796265
0.568926 0 0.431074
0.399104 0.600896 0
