0.0934735 0.150911 0.755615
0.497873 0 0.502127
0.360953 0.0213087 0.617739
0.0173776 0.0431683 0.939454
0.195402 0.804598 0
0.923019 0.076981 0
0.502423 0.497577 0
0 0.116096 0.883904
0.692863 0.307137 0
0.0784575 0.921543 0
0.23351 0.249406 0.517085
0.349694 0.650306 0
0.250176 0 0.749824
1 0 0
0.192856 0.0992214 0.707923
0.272663 0.727337 0
0.0764767 0.6713 0.252223
0.281985 0.280909 0.437106
0.387883 0.612117 0
0.0139863 0.172476 0.813537
0.181278 0.545259 0.273463
0.0387655 0.345283 0.615951
0.0903168 0 0.909683
0.331847 0.328746 0.339407
0.0864282 0.590023 0.323549
0.403729 0.158291 0.43798
0.254388 0.495612 0.25
0.117854 0.0905339 0.791612
0.616627 0.383373 0
0.14045 0.60955 0.25
0.117592 0.882408 0
5.522e-17 2.91186e-19 1
0.136747 0.295719 0.567533
0.129131 0.51464 0.356229
0.0345871 0.559976 0.405437
0.39193 0.072978 0.535092
0.010445 0.683967 0.305588
0.447546 0.19883 0.353624
0.0854446 0.480656 0.4339
0.18473 0.03886 0.77641
1.63671e-18 0.243484 0.756516
0.731092 0.268908 0
0.53529 0.0299756 0.434734
0.215552 0.463067 0.321381
0.279324 0.172208 0.548468
0.884556 0.115444 0
0.440353 0.309647 0.25
0.0700802 0.071431 0.858489
2.12447e-18 0.316045 0.683955
0.75 0 0.25
0.311233 0.688767 0
0.490342 0.114539 0.395119
0.669126 0.00570077 0.325173
2.80338e-18 0.417042 0.582958
0.464367 0.535633 0
0.274072 0.0674271 0.658501
0.528675 0.152132 0.319193
0 0.75 0.25
0.566938 0.183062 0.25
0.43039 0 0.56961
0.362835 0.241677 0.395488
0.369046 0.380954 0.25
0.443692 0.0857039 0.470604
0.684762 0.0652379 0.25
0.156956 0 0.843044
0.31652 0 0.68348
0.18638 0.218281 0.595339
0.145957 0.17985 0.674194
0.0881931 0.37237 0.539437
0.578585 0.421415 0
0.961525 0.0384753 0
0.231781 0.141496 0.626723
0.654762 0.345238 0
0.17313 0.433449 0.393422
0.495059 0.239787 0.265155
0.262613 0.381376 0.356011
0.129897 0.403253 0.46685
0.327684 0.192911 0.479406
0.426187 0.573813 0
0.22474 0.354257 0.421003
0.0392289 0.960771 0
0.0332128 0.453398 0.513389
0.321435 0.105065 0.573499
0.302763 0.423087 0.27415
0.618749 0.110145 0.271106
0.540482 0.459518 0
0.0944366 0.263473 0.642091
0.606502 0 0.393498
0.846133 0.153867 0
0.576822 0.0728882 0.35029
0.807736 0.192264 0
0.0629762 0.221928 0.715096
0.769418 0.230582 0
0.405225 0.279509 0.315266
0.234229 0.765771 0
0.182535 0.324874 0.492591
9.65187e-17 1 0
3.52069e-18 0.523753 0.476247
0 0.628381 0.371619
0.156567 0.843433 0
