7.4682e-18 0.75 0.25
0.765518 0.234482 0
0.0805752 0.556149 0.363276
5.31029e-21 1.11017e-16 1
0.199432 0.367431 0.433137
0.226525 0.237069 0.536406
0.320783 0.0806408 0.598577
0.163727 0.274684 0.561589
0.47756 0 0.52244
0.109087 0 0.890913
4.90387e-18 0.492475 0.507525
0.033843 0.0259054 0.940252
0.250469 0.408066 0.341466
0.646841 0.353159 0
0.607162 0.392838 0
0.0363408 0.518152 0.445507
0.0208466 0.152699 0.826454
0.524368 0.0248394 0.450793
0.151816 0.519289 0.328896
0.75 0 0.25
0.527642 0.472358 0
0.227102 0.487433 0.285465
0.269076 0.166283 0.564641
0.883059 0.116941 0
0 0.21373 0.78627
0.179763 0.440987 0.37925
0.342348 0.308812 0.34884
0.326583 0.673417 0
0.686547 0.313453 0
0.0794522 0.350662 0.569886
0.0300024 0.316207 0.653791
0.280112 0.328732 0.391155
5.89721e-18 0.592232 0.407768
0.447678 0.552322 0
0.203823 0.0940756 0.702102
0.286086 0.713914 0
0.437727 0.0763915 0.485881
0.397348 0.158501 0.444151
0.444109 0.196352 0.359539
0.12299 0.87701 0
0.102688 0.413619 0.483693
0.28871 0.0349982 0.676292
0.518087 0.153484 0.328429
0.204611 0.795389 0
0 1 0
0.36146 0 0.63854
0.406109 0.0249512 0.56894
0.726166 0.273834 0
0.311326 0.201445 0.487229
0.667606 0 0.332394
0.0732747 0.676725 0.25
0.692245 0.0554672 0.252288
0.18297 0 0.81703
0.410097 0.266335 0.323568
0.92206 0.0779397 0
0.163872 0.836128 0
1.00715e-18 0.101143 0.898857
0.593446 0 0.406554
0.367138 0.632862 0
0.357473 0.117721 0.524806
0.386137 0.363862 0.25
0.167245 0.186837 0.645918
0.439266 0.300537 0.260196
0.293683 0.456317 0.25
0.151779 0.337544 0.510677
0.0931797 0.111791 0.79503
0.252749 0.28422 0.463031
0.487748 0.512252 0
0.321442 0.386157 0.292401
0.628211 0.0646205 0.307168
0.115011 0.260432 0.624557
0.407561 0.592439 0
0.843963 0.156037 0
0.96103 0.0389702 0
0.614397 0.135603 0.25
3.86109e-18 0.387753 0.612247
0.0731165 0.0686599 0.858224
0.128316 0.603534 0.268151
0.193362 0.556638 0.25
0.804635 0.195365 0
0.550982 0.183913 0.265105
0.073938 0.227464 0.698598
0.0409866 0.959013 0
0.029147 0.432298 0.538555
0.256727 0 0.743273
0.240715 0.129455 0.629829
0.245317 0.754683 0
0.0538134 0.631425 0.314762
0 0.279513 0.720487
0.502653 0.247347 0.25
0.115213 0.470634 0.414153
0.164449 0.061479 0.774072
1 0 0
0.558463 0.0812613 0.360276
0 0.671114 0.328886
0.354076 0.236929 0.408994
0.0819843 0.918016 0
0.118698 0.152962 0.728339
0.567556 0.432444 0
0.479294 0.112175 0.40853
