0.379861 0.370139 0.25
0.513754 0.486246 0
0.0804595 0.91954 0
0.194425 0.530329 0.275247
3.22227e-17 1 0
0.0805622 0.528807 0.390631
0.475154 0.524846 0
0.0249326 0.261368 0.7137
0.071907 0.177867 0.750226
0.302502 0.28695 0.410548
0.181309 0.405134 0.413557
0.36734 0.0855166 0.547144
0.136519 0.0162841 0.847197
0.106062 0.3186 0.575339
0.214627 0.071703 0.71367
0.616831 0.0834558 0.299713
0.0627519 0.392606 0.544642
0.319495 0.680505 0
0.81578 0.18422 0
0.889754 0.110246 0
0.628956 0.371044 0
0.200586 0.799414 0
0.926517 0.0734831 0
0.481372 0.0843223 0.434306
0 0.406813 0.593187
0.463349 0.212785 0.323865
0.778741 0.221259 0
0.542434 0.179758 0.277808
0.852998 0.147002 0
0.180018 0.272385 0.547597
0.400037 0.124712 0.475251
0.0568583 0.0607462 0.882395
0.259667 0.243386 0.496948
0.110603 0.572996 0.3164
0.386179 0.252764 0.361057
0.348621 0.210043 0.441336
0 0.687452 0.312548
0.0717484 0.295361 0.63289
0.594136 0 0.405864
0.251939 0.00773738 0.740324
0.0977276 0.440864 0.461408
0.309725 0.41444 0.275835
0.552197 0.447803 0
0.263649 0.368116 0.368234
0.20956 0.194653 0.595787
0.741596 0.258404 0
0.167163 0.157193 0.675644
0.265058 0.484942 0.25
0.1957 0 0.8043
1.02192e-17 0.333524 0.666476
0.0762234 0 0.923777
0.963292 0.0367084 0
0.240428 0.759572 0
0 0.077848 0.922152
0.339397 0.0406472 0.619956
0.143599 0.114355 0.742046
0.150645 0.599355 0.25
0.160518 0.839482 0
0.666599 0.333401 0
0.032633 0.620675 0.346692
0.427222 0.29981 0.272968
0.358649 0.641351 0
0 0.583382 0.416618
2.29801e-17 0.75 0.25
0.0973769 0.0928395 0.809784
0.120096 0.2275 0.652404
0.75 0 0.25
0.520244 0 0.479756
0.221568 0.322512 0.455919
0.590813 0.409187 0
0.397481 0.602519 0
0.496369 0.253631 0.25
0.342387 0.330377 0.327235
1 0 0
0 0.479975 0.520025
0.432681 0.168408 0.398912
0.450365 0.0325554 0.517079
0.668049 0 0.331951
0.150097 0.48597 0.363933
6.63714e-18 0.216615 0.783385
0.436508 0.563492 0
0.00689913 0.147241 0.84586
0.120598 0.879402 0
0.143896 0.358985 0.497118
0.03184 0.512702 0.455458
0.0402742 0.959726 0
0.226258 0.445593 0.328148
0.313024 0.172254 0.514722
0.28561 0.136576 0.577814
0.413273 0 0.586727
0.688411 0.0615887 0.25
0.315871 0 0.684129
0.279987 0.720013 0
0.0800277 0.669972 0.25
0.517434 0.130849 0.351717
0.600904 0.149096 0.25
0.704225 0.295775 0
0.562673 0.0586203 0.378707
5.56598e-18 1.05456e-16 1
0.254533 0.0989318 0.646535
