0.681637 0.00908455 0.309278
0.320239 0.161707 0.518054
0.260793 0 0.739207
0.457286 0.14727 0.395444
0.317264 0.273464 0.409272
1.81203e-17 0.342663 0.657337
0.806813 0.193187 0
0.513338 0.0701492 0.416513
0.0600641 0.397215 0.542721
3.96606e-17 0.75 0.25
0.367571 0.19433 0.438099
0.12537 0.597852 0.276778
0.418914 0.581086 0
0.228743 0.320398 0.450859
0.444575 0.305425 0.25
6.87798e-17 4.22425e-17 1
0.51779 0.23221 0.25
0.0821216 0.567494 0.350384
0.302531 0.0600995 0.63737
0.127958 0.483346 0.388696
0.359209 0.0868544 0.553937
0.0927723 0.657228 0.25
0.06465 0.291201 0.644149
0.340328 0.321968 0.337704
0.612586 0.387414 0
0.961402 0.0385978 0
1 0 0
0 0.58699 0.41301
0.622333 0 0.377667
0.0415749 0.522318 0.436107
0.414235 0.112983 0.472782
0.151437 0 0.848563
0.142486 0.361976 0.495539
0.0755148 0.924485 0
0.227068 0.0828389 0.690093
0.0804531 3.57284e-17 0.919547
0.192412 0.0293563 0.778232
0.0810082 0.14076 0.778232
0.371315 0.378685 0.25
3.42026e-17 0.646787 0.353213
2.59779e-17 0.491254 0.508746
0.651534 0.348466 0
0.418551 0.22528 0.356169
0.150956 0.11583 0.733214
0.75 0 0.25
0.380494 0.619506 0
0.0908724 0.442865 0.466263
0.609063 0.0829303 0.308007
0.341947 0.658053 0
0.494305 0.189954 0.315742
0.0377527 0.962247 0
0.145821 0.245065 0.609114
0.55107 0 0.44893
0.534895 0.465105 0
0.451363 0 0.548637
0.269011 0.130038 0.600951
0.390311 0.0148541 0.594835
0.573686 0.426314 0
0.198823 0.551177 0.25
0.0959012 0.327875 0.576224
0.0995756 0.209938 0.690486
0.303601 0.696399 0
0.227097 0.772903 0
0.845566 0.154434 0
0.67256 0.0774398 0.25
0.457507 0.542493 0
0.1789 0.40308 0.41802
0.496302 0.503698 0
2.20528e-17 0.417028 0.582972
0.589274 0.160726 0.25
0.0325745 0.0970216 0.870404
0.403971 0.286479 0.30955
0.0272843 0.684987 0.287729
0.11326 0.88674 0
0.220155 0.442039 0.337807
0 0.0626744 0.937326
0.230083 0.204569 0.565348
0.26531 0.73469 0
0.729262 0.270738 0
0.542897 0.110872 0.346232
0.884203 0.115797 0
0 1 0
0.169598 0.515885 0.314518
0.189083 0.810917 0
0.185047 0.164826 0.650127
0.92282 0.07718 0
0.333083 0 0.666917
0.473297 0.0351459 0.491557
0.27014 0.47986 0.25
0.768036 0.231964 0
0.264368 0.361911 0.373721
0.185945 0.283737 0.530318
0.110602 0.0667644 0.822634
1.42611e-17 0.269683 0.730317
0.274694 0.239543 0.485762
0 0.167027 0.832973
0.0325517 0.205322 0.762126
0.690444 0.309556 0
0.30372 0.409477 0.286803
0.151201 0.848799 0
