0.526157 0.112317 0.361526
0.4625 0 0.5375
0.75 0 0.25
0.143995 0.083415 0.77259
0.410593 0.237314 0.352093
0.0805413 0.474696 0.444762
0.58755 0.0986832 0.313767
0.528885 0.471115 0
0.341312 0.658688 0
0.115095 0.309467 0.575438
0.362372 0 0.637628
0.0618107 0.124591 0.813598
0.394296 0.355704 0.25
0.143969 0.239487 0.616544
0.134147 0.514795 0.351059
0.175711 0.166959 0.65733
0.857407 0.142593 0
0.0420456 0.687185 0.27077
0.0846725 0.597417 0.31791
0.280326 0.239689 0.479984
0.345356 0.0923195 0.562324
0.313579 0.163185 0.523236
0.964443 0.0355573 0
0.15177 0.84823 0
0 0.391752 0.608248
0.749127 0.250873 0
0.113799 0.886201 0
0.294098 0.368238 0.337664
0 0.582062 0.417938
0.672618 0.0773822 0.25
0.416694 0.583306 0
0.928802 0.0711978 0
0.228566 0.399257 0.372177
0 0.0840932 0.915907
0.398342 0.0281409 0.573517
0.204073 0.0181754 0.777752
0.676246 0.323754 0
0 0.236742 0.763258
0.379149 0.620851 0
0.405374 0.106724 0.487902
0.29738 0.0439423 0.658678
0.227785 0.772215 0
0 0.75 0.25
0.581569 0 0.418431
0.30367 0.69633 0
0.251694 0.498306 0.25
0.599932 0.150068 0.25
0.178033 0.56099 0.260977
0.712682 0.287318 0
0.364522 0.195051 0.440427
8.23821e-17 1.01932e-16 1
0.0597529 0.285427 0.65482
0.262418 0.124533 0.613049
0.189769 0.810231 0
0.212504 0.469884 0.317612
0 0.509728 0.490272
0.179642 0.353937 0.466421
1 0 0
0.0584476 0.550379 0.391173
0.639841 0.360159 0
0.0814037 0.213042 0.705555
0.0758399 0.92416 0
0.328598 0.277734 0.393668
0.821536 0.178464 0
0.252852 0.318305 0.428842
0.785456 0.214544 0
0.0215219 0.444267 0.534211
0.320111 0.424554 0.255334
0.366392 0.319099 0.314509
0 1 0
0.455859 0.281857 0.262284
0.111123 0.149725 0.739151
0.116875 0.633125 0.25
0.229233 0.201714 0.569052
0.516427 0.0110348 0.472538
0.893124 0.106876 0
0.527088 0.222912 0.25
0.0628158 0 0.937184
0 0.654376 0.345624
0.157381 0.436402 0.406218
0.44354 0.154933 0.401527
0 0.314293 0.685707
0 0.160445 0.839555
0.0894983 0.044983 0.865519
0.566009 0.433991 0
0.0379204 0.96208 0
0.198412 0.278352 0.523236
0.49127 0.188753 0.319976
0.616818 0.0297042 0.353478
0.491624 0.508376 0
0.111882 0.395307 0.492811
0.454246 0.545754 0
0.211777 0.0895052 0.698718
0.484048 0.0761871 0.439765
0.157053 0 0.842947
0.603004 0.396996 0
0.26932 0 0.73068
0.265739 0.734261 0
0.685803 0 0.314197
0.0736555 0.366503 0.559841
