0.917501 0.0824987 0
0.241169 0 0.758831
0.118086 0.881914 0
0.596486 0 0.403514
0.0793772 0.0472341 0.873389
0.334368 0.0434255 0.622206
0.753985 0.246015 0
0.231112 0.518888 0.25
0.476452 0.10132 0.422228
0.196645 0.803355 0
0.0937555 0.357847 0.548397
0.632781 0.367219 0
0.51213 0.48787 0
0 0.0848818 0.915118
0.835416 0.164584 0
0.166932 0.138716 0.694352
0.358752 0.233567 0.407681
0.137455 0.530454 0.332092
0.432771 0.567229 0
0 0.690917 0.309083
0.713414 0.286586 0
0.0393866 0.960613 0
0.142776 0.27443 0.582795
0.0570822 1.96199e-05 0.942898
0.351561 0.374975 0.273464
0.317408 0.184526 0.498066
1 0 0
0.261385 0.263211 0.475404
0.66834 0 0.33166
0.563089 0.064718 0.372193
0.229542 0.22437 0.546088
0.353824 0.646176 0
0.0127423 0.529558 0.457699
0.540982 0.171516 0.287502
0.0975623 0.482173 0.420265
0.404007 0 0.595993
0.958708 0.0412922 0
0.603595 0.146405 0.25
0.52549 0.0160161 0.458494
0.259797 0.406472 0.333731
0.876514 0.123486 0
0.515885 0.234115 0.25
0.421693 0.328307 0.25
0.208382 0.0659379 0.72568
0.285007 0.136782 0.578211
0 0.188339 0.811661
0.433748 0.193198 0.373054
0.435087 0.0658816 0.499031
0 1 0
0.235914 0.764086 0
0.169105 0.0289832 0.801911
0.0635726 0.435716 0.500712
0.592427 0.407573 0
0.393188 0.606812 0
0.141944 0 0.858056
0.458268 0.249912 0.29182
0.0694473 0.260633 0.66992
0.75 0 0.25
0.308909 0 0.691091
0.0895974 0.174576 0.735827
0.0711267 0.560661 0.368212
0.384797 0.285377 0.329826
0.673181 0.326819 0
0.472308 0.527692 0
0.395614 0.148302 0.456083
0.217942 0.357005 0.425053
0.289335 0.295859 0.414806
0.180369 0.313159 0.506471
0.0505921 0.627777 0.321631
0.0352367 0.126391 0.838372
0.0787382 0.921262 0
0.314533 0.685467 0
0.203677 0.178944 0.617379
0.473389 0 0.526611
0 0.601252 0.398748
0.794443 0.205557 0
0.0417853 0.331898 0.626316
0.139342 0.396057 0.464601
0.253339 0.0925752 0.654085
0.155892 0.5927 0.251408
0.310062 0.334987 0.35495
0.30667 0.44333 0.25
0.0172903 0.231352 0.751357
0 0.75 0.25
0 0.472599 0.527401
0.509196 0.140693 0.350111
0.362398 0.0957872 0.541815
9.9766e-17 9.45231e-17 1
0 0.303782 0.696218
0.118288 0.101069 0.780643
0.0838583 0.666142 0.25
0.157376 0.842624 0
0.129149 0.220156 0.650695
0.689493 0.0605069 0.25
0.275175 0.724825 0
0.208892 0.483553 0.307554
0 0.401638 0.598362
0.61752 0.0842951 0.298185
0.17584 0.440549 0.38361
0.552268 0.447732 0
