0.298393 0.423838 0.277769
0.140724 0.494657 0.364618
0.275226 0.149555 0.575219
0.433327 0.566673 0
0.622638 0.377362 0
0.238646 0.24683 0.514524
0.060839 0.147256 0.791905
0.163103 0.284145 0.552752
6.24028e-18 0.185666 0.814334
0.369003 0.207409 0.423588
0.0983732 0.57814 0.323487
0.66068 0.33932 0
0.563418 0.186582 0.25
0.0946176 0.0695694 0.835813
0 0 1
0.0144987 0.24234 0.743161
0.698659 0.301341 0
0.155127 0 0.844873
0.73654 0.26346 0
0.16156 0.156042 0.682398
1.79325e-17 0.430725 0.569275
0.0197502 0.619256 0.360994
0.546739 0.453261 0
0.00805808 0.494363 0.497579
0.395705 0.604295 0
0.523098 0.137832 0.33907
0.925164 0.0748358 0
0.252567 0.379048 0.368386
0.0947372 0.450955 0.454308
0.487905 0.216503 0.295592
0.134719 0.364503 0.500778
0.471069 0.528931 0
0.411178 0.309812 0.27901
0.226395 0 0.773605
0.15509 0.84491 0
0.77443 0.22557 0
0.0737278 0.669424 0.256848
0.348173 0 0.651827
0.238737 0.107594 0.653669
3.82234e-18 0.113725 0.886275
0.0851078 0 0.914892
0.133498 0.102854 0.763647
0.173701 0.411721 0.414578
0.417536 0 0.582464
0.482506 0.0886047 0.42889
0.445916 0.172948 0.381136
0.011862 0.357959 0.630179
0.211341 0.328578 0.460081
0.75 0 0.25
0 1 0
0.390144 0.257519 0.352336
0.365016 0.0899388 0.545045
0.077459 0.922541 0
0.065941 0.529594 0.404465
0.31766 0.0665828 0.615757
0.255079 0.494921 0.25
0.140879 0.609121 0.25
0.0843657 0.322 0.593635
0.508828 0.491172 0
0.586332 0 0.413668
0.850043 0.149957 0
0.448035 0.0386523 0.513312
3.1225e-17 0.75 0.25
1.27225e-17 0.305584 0.694416
1 0 0
0.232844 0.767156 0
0.332671 0.337536 0.329792
0.688544 0.0411684 0.270288
0.0187623 0.047316 0.933922
0.81221 0.18779 0
0.0386877 0.961312 0
0.19397 0.80603 0
0.555536 0.0593563 0.385108
0.215889 0.455794 0.328317
0.0630976 0.40121 0.535692
0.367046 0.382954 0.25
0.111412 0.247315 0.641272
0.268232 0.722372 0.00968904
0.516179 0 0.483821
0.291133 0.668984 0.0412062
0.584676 0.415324 0
0.280471 0.0172428 0.702286
0.198818 0.0673222 0.73386
0 0.684739 0.315261
0.962623 0.0373766 0
0.116249 0.883751 0
0.321629 0.170853 0.507518
0.635847 0.114153 0.25
0.184388 0.540188 0.275425
0.358081 0.641919 0
0.600786 0.0861553 0.313059
0.304236 0.236863 0.458901
0 0.566266 0.433734
0.470407 0.279593 0.25
0.288379 0.303508 0.408113
0.197129 0.200321 0.602549
0.0855707 0.200159 0.714271
0.887631 0.112369 0
0.405766 0.127107 0.467126
0.656533 0 0.343467
