0.255431 0.494569 0.25
0.291921 0.37337 0.334709
0.211067 0 0.788933
0.307975 0.245284 0.446742
0.66854 0.0797811 0.251679
0 0.389705 0.610295
0.261234 0.738766 0
0.316507 0.0649091 0.618584
0.165608 0.38778 0.446613
0.37264 0.62736 0
0.287172 0.148114 0.564714
0.258075 0.216797 0.525128
0.558522 0.441478 0
0.230042 0.461416 0.308542
0.108139 0.615632 0.276229
0.356004 0.097586 0.54641
0.599599 0.150401 0.25
0.02989 0.260757 0.709353
0.278424 0.00974531 0.711831
0.669871 0.330129 0
0.890749 0.109251 0
5.11198e-17 4.39139e-18 1
0.0770375 0.301252 0.62171
0.817464 0.182536 0
0.0697105 0.180772 0.749518
0.432435 0.0494044 0.518161
0.203725 0.180483 0.615792
0.854139 0.145861 0
0.618868 0.028633 0.352499
0.446931 0.553069 0
1 0 0
0.34484 0 0.65516
1.72923e-18 0.0596781 0.940322
0.0374414 0.962559 0
0.743656 0.256344 0
0.298416 0.701584 0
0.528951 0.0694329 0.401616
0.186904 0.813096 0
0.0310665 0.417138 0.551796
0.528906 0.197594 0.2735
0.571728 0.107847 0.320425
0.963624 0.036376 0
0.216187 0.295944 0.487869
0.105548 0.375459 0.518993
0.335531 0.664469 0
3.11954e-18 0.605227 0.394773
0.115975 0.482289 0.401736
0.75 0 0.25
0.780606 0.219394 0
0.409779 0.590221 0
0 1 0
0.595645 0.404355 0
0.575469 0 0.424531
0.203108 0.0740881 0.722804
0.504564 0 0.495436
0.398385 0.19616 0.405455
0.162198 0.0610625 0.776739
0.362984 0.156169 0.480847
0.152423 0.520978 0.326599
0 0.326527 0.673473
0.484131 0.515869 0
7.76037e-18 0.22032 0.77968
0.224128 0.775872 0
0.0802815 0 0.919719
0.149954 0.149461 0.700585
0.481182 0.268818 0.25
0.200788 0.423624 0.375588
0.0664832 0.683517 0.25
0.0445424 0.0792167 0.876241
0.00577646 0.667919 0.326305
0.25578 0.33365 0.41057
0.136217 0.321574 0.542208
0.0731577 0.571702 0.35514
0.115098 0.223963 0.660939
0.0748585 0.925142 0
0.632785 0.367215 0
0.412995 0 0.587005
0.243435 0.103441 0.653124
1.74925e-17 0.75 0.25
0.112261 0.887739 0
0.319542 0.420146 0.260312
0.685863 0 0.314137
0.0262003 0.534743 0.439057
0.706804 0.293196 0
0.450752 0.105391 0.443857
0.169929 0.253121 0.57695
0.487103 0.152385 0.360513
0.521335 0.478665 0
0.347843 0.285026 0.367131
5.34078e-18 0.151627 0.848373
0.439255 0.231919 0.328826
0 0.491505 0.508495
0.0918195 0.107977 0.800204
0.402324 0.30932 0.288355
0.382248 0.367752 0.25
0.14959 0.85041 0
0.927179 0.0728207 0
0.0783272 0.448553 0.47312
0.180278 0.569722 0.25
0.134134 0.0121686 0.853697
