0.167496 0.832504 0
0.75 0 0.25
0.324266 0.361029 0.314705
0.180883 0.282333 0.536783
0.664398 0 0.335602
0.692722 0.0572783 0.25
0.504367 0.210349 0.285283
0.809531 0.190469 0
0.234434 0.507128 0.258439
0.218101 0.228962 0.552937
0.574533 0.425467 0
0.445283 0 0.554717
0 0.593642 0.406358
0.367349 0.382651 0.25
0.77089 0.22911 0
0.374614 0.166055 0.459331
0.373673 0.626327 0
0.962097 0.0379027 0
0.0424227 0.684902 0.272676
0.175174 0.574826 0.25
0.193691 0.37515 0.43116
0.211786 0.12573 0.662484
0.297916 0.452084 0.25
0.495165 0.155682 0.349153
0.123604 0.178322 0.698075
0.0686793 0.109071 0.82225
0.0721582 0.252426 0.675416
0.545928 0.0715995 0.382473
0.886125 0.113875 0
0.0924399 0.149829 0.757731
0.125843 0.874157 0
1 0 0
0 0.481211 0.518789
0.335295 0 0.664705
0.614552 0.385448 0
0.654153 0.345847 0
0.330147 0.246057 0.423796
0.372704 0.282425 0.344871
0.156908 0 0.843092
0.0679245 0.579691 0.352385
0.420239 0.211282 0.368478
0.143731 0.35034 0.50593
0 0.662081 0.337919
0.0349934 0.0797772 0.885229
0.568364 0.181636 0.25
0.332616 0.667384 0
0.414149 0.311832 0.274019
0.241013 0.292701 0.466286
0.135116 0.0605326 0.804352
0.0646823 0.380624 0.554694
0.494757 0.505243 0
0.628638 0.117566 0.253797
0.097619 0.494875 0.407506
0.160684 0.447915 0.391401
0.103319 0.300276 0.596405
0.0839324 0.916068 0
0.594939 0 0.405061
0.252847 0.159453 0.5877
0 0.75 0.25
0.293378 0.203424 0.503198
0.0419926 0.958007 0
0.159461 0.21229 0.628249
0.45225 0.126556 0.421194
0.0133241 0.211947 0.774729
0 0.05558 0.94442
0.262914 0.0333093 0.703777
0 0.155241 0.844759
0.414616 0.585384 0
0.294704 0.0801538 0.625143
0 0.283479 0.716521
0.015428 0.33967 0.644902
0.0842151 0 0.915785
0.488497 0.0554097 0.456094
0.847734 0.152266 0
0.732028 0.267972 0
0.454754 0.545246 0
0.377013 0.029517 0.59347
0.13633 0.548435 0.315235
0 0 1
0.410958 0.082251 0.506791
0.176752 0.0893721 0.733876
0.250287 0.749713 0
0.229634 0 0.770366
0.475767 0.274233 0.25
0.693144 0.306856 0
9.06393e-17 1 0
0.592993 0.0891198 0.317887
0.0237765 0.525192 0.451032
0.283045 0.326574 0.390381
0.10748 0.64252 0.25
0.246565 0.407261 0.346174
0.193903 0.480006 0.326091
0.33468 0.119873 0.545447
0.209016 0.790984 0
0 0.409631 0.590369
0.0883146 0.431423 0.480262
0.520119 0 0.479881
0.924182 0.0758181 0
0.534905 0.465095 0
0.291385 0.708615 0
