0.507397 0.492603 0
0.628568 0.371432 0
0.387924 0.612076 0
0.0695208 0.63074 0.29974
0.203431 0.455703 0.340866
0.363344 0.182328 0.454329
0.535203 0.00399304 0.460804
0.0863399 0.331199 0.582461
0.398334 0.108208 0.493459
0 0.160873 0.839127
0.0342394 0.532765 0.432996
0.284153 0.0572957 0.658551
4.80261e-18 0.338394 0.661606
0.339031 0.0832436 0.577725
0.076526 0.923474 0
0.363288 0.370568 0.266144
0.0841645 0.21797 0.697866
0.348536 0.651464 0
0.0844553 0.450891 0.464654
0.426896 0.211082 0.362022
0.691813 0 0.308187
9.51877e-18 0.670696 0.329304
0.833686 0.166314 0
0.260738 0.234328 0.504935
0.875118 0.124882 0
0.285018 0.279871 0.435111
0.0900017 0.563891 0.346108
0.599238 0 0.400762
0.241359 0.508641 0.25
0.318587 0.330097 0.351315
0.115052 0.884948 0
0.131524 0.366192 0.502284
0.0402368 0.021796 0.937967
0.153575 0.846425 0
0.467426 0.532574 0
0.0382342 0.961766 0
0.231118 0.768882 0
0.507706 0.165871 0.326423
0.0347705 0.186181 0.779049
0.75 0 0.25
0.171889 0.536412 0.291699
0.475126 0 0.524874
0.432659 0.317341 0.25
0.588048 0.411952 0
0.393485 0.285324 0.321191
0.45302 0.138492 0.408488
0.144892 0.605108 0.25
0.168697 0.0151569 0.816146
0.348875 0.2492 0.401926
0.165738 0.41005 0.424212
0.135381 0.245674 0.618945
0.626094 0.0423247 0.331582
0.0559634 0.401182 0.542855
0.19231 0.80769 0
0.133046 0.0905162 0.776438
8.52566e-18 0.600721 0.399279
0 0.495447 0.504553
0.173262 0.283686 0.543052
0.20803 0.0788239 0.713146
0.308119 0 0.691881
0.270248 0.729752 0
0.276226 0.410126 0.313647
0.0579929 0.293461 0.648546
0.251351 0.127542 0.621107
0.792379 0.207621 0
0.550144 0.199856 0.25
0.242023 0.36752 0.390458
0.427626 0.572374 0
0.380265 0 0.619735
0.31123 0.43877 0.25
0.209366 0.322866 0.467769
1 0 0
0.666035 0.0839653 0.25
0.479268 0.248647 0.272085
2.82739e-17 0.75 0.25
3.69537e-18 0.260377 0.739623
0.710161 0.289839 0
3.95291e-17 1 0
0.306397 0.157518 0.536085
0.0743021 0.0743103 0.851388
0.4171 0.0356039 0.547296
0.108948 0.146946 0.744106
0.0584296 0.69157 0.25
0.958251 0.0417493 0
0.546742 0.0889456 0.364312
0 0.41691 0.58309
0.491477 0.0680205 0.440503
0.11313 0 0.88687
0 0.0946904 0.90531
9.73604e-18 4.57751e-17 1
0.216611 0.201884 0.581505
0.669254 0.330746 0
0.751185 0.248815 0
0.595337 0.129281 0.275383
0.124512 0.491557 0.38393
0.547612 0.452388 0
0.235932 0 0.764068
0.916717 0.0832827 0
0.309236 0.690764 0
0.169742 0.16486 0.665398
