0.156703 0.131069 0.712229
0.284831 0.291563 0.423605
0.0303859 0.689024 0.28059
0.75 0 0.25
5.54342e-17 1 0
0.422268 0.577732 0
0.264631 0.129378 0.605991
0 0.307124 0.692876
1.64275e-17 0.499108 0.500892
0.105585 0.644415 0.25
0.174605 0 0.825395
0.767944 0.232056 0
0.0305834 0.0292395 0.940177
0.729439 0.270561 0
0.0653169 0.529978 0.404706
0.121553 0.0904113 0.788036
0.626671 0.0570845 0.316245
0.370425 0.240694 0.388881
0.205035 0.0368317 0.758134
0.516131 0.0645777 0.419291
0.922533 0.0774674 0
0.845179 0.154821 0
0.230882 0.769118 0
0.339869 0.206002 0.454129
0.0285518 0.14295 0.828498
0.269174 0.730826 0
0.312783 0.0342282 0.652989
0.806558 0.193442 0
0.379195 0.133242 0.487563
0.216646 0.221508 0.561846
0.0350403 0.430102 0.534858
0.467088 0.146629 0.386283
0.179748 0.465335 0.354916
0.265029 0.415542 0.319428
0.425725 0.324275 0.25
0.124808 0.37612 0.499072
0.597115 0.152885 0.25
0 0.211033 0.788967
0.17797 0.57203 0.25
0.345751 0.654249 0
0.234033 0.37296 0.393007
0.443952 0.0944056 0.461642
0.460546 0.539454 0
0.415546 0.0388555 0.545598
0.115587 0.884413 0
0.355721 0.382291 0.261989
0.670599 0.0794006 0.25
0.690874 0.309126 0
0 0.395386 0.604614
0.0360022 0.24941 0.714588
2.46853e-17 0.75 0.25
0.0910308 0.347303 0.561667
0 0.571604 0.428396
0.232979 0.0866255 0.680396
0.320402 0.33286 0.346738
0.381971 0 0.618029
0.0504807 0.317316 0.632203
1 0 0
0.609614 0.00128674 0.389099
0.143392 0.272868 0.583739
0.296195 0.453805 0.25
9.99571e-17 6.65764e-17 1
0.652356 0.347644 0
0 0.644113 0.355887
0.1282 0.539632 0.332167
0.223997 0.5042 0.271804
0.497499 0.252501 0.25
0.498816 0.501184 0
0.690133 0 0.309867
0.384039 0.615961 0
0.0787099 0.0637291 0.857561
0.246768 0.256266 0.496966
0.545881 0 0.454119
0.154017 0.845983 0
0.0874035 0.46206 0.450536
0.883808 0.116192 0
0.613927 0.386073 0
0.192453 0.807547 0
0.480511 0 0.519489
0 0.102133 0.897867
0.0779282 0.605108 0.316964
0.575477 0.424523 0
0.110315 0.224023 0.665662
0.398959 0.288615 0.312426
0.526018 0.182801 0.29118
0.537154 0.462846 0
0.196948 0.328823 0.474229
0.297996 0.17209 0.529914
0.554801 0.101642 0.343557
0.276682 0 0.723318
0.0803477 0.171915 0.747737
0.103477 0 0.896523
0.34105 0.0874056 0.571544
0.0385561 0.961444 0
0.961265 0.0387355 0
0.307459 0.692541 0
0.443119 0.213573 0.343309
0.077113 0.922887 0
0.156131 0.42074 0.423129
0.186271 0.17793 0.635799
