0.590736 0.409264 0
0.0737874 0.633472 0.292741
0.543875 0.206125 0.25
0.510196 0.489804 0
0.231901 0.149477 0.618622
0.659014 0 0.340986
0.307459 0.261861 0.43068
0.224003 0.525997 0.25
0.518916 0.135129 0.345955
0.276609 0.454947 0.268444
0.622474 0.127526 0.25
0.115066 0.50973 0.375203
0.876427 0.123573 0
0.272353 0.727647 0
0.272971 0.0664491 0.66058
0.323543 0.0811675 0.59529
0.237254 0.0221663 0.740579
0.550456 0.449544 0
0.309957 0.367334 0.322709
0.631417 0.368583 0
0.185425 0.247591 0.566983
0.220981 0.297601 0.481418
0.0268094 0.358293 0.614898
0.152126 0.0805225 0.767351
0.0312079 0.235418 0.733374
0.147178 0.440092 0.41273
0.71275 0.28725 0
0.586959 0 0.413041
8.74579e-19 0.313334 0.686666
0.347689 0.402311 0.25
0.179845 0.37213 0.448025
0.264924 0.335515 0.399561
1.91495e-17 0.75 0.25
0.233265 0.766735 0
0.15252 0.59748 0.25
0.379006 0.00231831 0.618675
0.475701 0.0964948 0.427804
0.0586429 0.691357 0.25
0.415254 0.185488 0.399258
0.753578 0.246422 0
0.835462 0.164538 0
0.194174 0.805826 0
0.0881685 0.400614 0.511217
0.516545 0.00731531 0.476139
2.35056e-18 0.0570092 0.942991
0.10911 0.169474 0.721415
0.0775046 0.922495 0
0.076318 0.259671 0.664011
0.0821047 0 0.917895
0.0387485 0.961251 0
0.138083 0.332779 0.529138
0.428671 0.0612262 0.510103
0.958808 0.0411916 0
0.104956 0.300262 0.594782
1.10398e-16 6.24391e-19 1
0.596785 0.0889749 0.31424
4.17734e-19 0.149661 0.850339
5.8992e-19 0.211349 0.788651
0.430485 0.569515 0
0.0673116 0.467847 0.464841
0.396843 0.330327 0.27283
0.258367 0.225751 0.515882
0.46521 0.28479 0.25
0.19187 0.114805 0.693326
1.8775e-18 0.672647 0.327353
0.0747702 0.123291 0.801939
0.361223 0.10646 0.532317
0.191148 0 0.808852
0 0.499131 0.500869
0.0387134 0.0824956 0.878791
0.451694 0 0.548306
0.390677 0.609323 0
1.19332e-18 0.427528 0.572472
0.672063 0.327937 0
1.06869e-16 1 0
0.356596 0.284879 0.358526
0.227956 0.413674 0.35837
0.121131 0.0301989 0.84867
0.188813 0.49161 0.319577
0.311545 0.688455 0
0.68608 0.0502029 0.263717
0.917613 0.082387 0
0.75 0 0.25
0.0283646 0.544155 0.427481
0.309105 0 0.690895
0.152075 0.205102 0.642823
0.34262 0.199507 0.457873
0.794515 0.205485 0
0.285678 0.163364 0.550958
0.396596 0.136448 0.466955
1.69522e-18 0.607344 0.392656
0.155239 0.844761 0
0.0925481 0.569982 0.33747
0.498585 0.194069 0.307346
1 0 0
0.554607 0.0602141 0.385179
0.351162 0.648838 0
0.432666 0.237599 0.329735
0.116319 0.883681 0
0.470214 0.529786 0
