0.176648 0.516713 0.30664
0.145931 0.483255 0.370813
0.179366 0.820634 0
0.847534 0.152466 0
0.284944 0.249443 0.465614
0.539296 0.0611635 0.399541
0.388362 0 0.611638
0.155791 0.245388 0.59882
0.576404 0 0.423596
0.387413 0.119212 0.493375
0.108535 0.445993 0.445472
0.502748 0.132033 0.365219
0.595004 0.154996 0.25
0.41764 0.259818 0.322542
0.696243 0.303757 0
1.34441e-17 1 0
7.52795e-18 0.559944 0.440056
0.0748675 0.403192 0.521941
0.501405 0 0.498595
0.200172 0.285899 0.513929
5.9127e-18 0.439799 0.560201
0.240878 0.439566 0.319556
0.022356 0.369659 0.607985
0.200275 0 0.799725
0.347963 0.402037 0.25
0.464623 0.0809795 0.454398
0.36744 0.223999 0.408561
0.0742547 0.284791 0.640954
0.206718 0.543282 0.25
0.465151 0.194252 0.340597
1.02117e-16 2.31444e-19 1
0.546425 0.453575 0
0.072252 0.161175 0.766573
0.0715498 0.92845 0
0.015388 0.682954 0.301658
0.107979 0.207625 0.684396
0.435175 0.564825 0
0.75 0 0.25
0.292307 0.368352 0.33934
0.0249403 0.123566 0.851493
0.349694 0.0807602 0.569546
0.176698 0.0564669 0.766835
0.0357357 0.964264 0
0 0.320781 0.679219
0.809629 0.190371 0
0.361486 0.638514 0
0.472054 0.527946 0
0.158407 0.364397 0.477196
0.522541 0.216697 0.260763
0.331702 0.295966 0.372332
0.134365 0.605828 0.259806
0.668621 0.0813789 0.25
0.509241 0.490759 0
0.583718 0.416282 0
0.113363 0.325852 0.560785
0.574896 0.10905 0.316054
0.107413 0.892587 0
0.771678 0.228322 0
0.198778 0.404229 0.396993
0.0201052 0.489857 0.490038
0.192478 0.165241 0.642282
0.416539 0.159121 0.42434
0.090134 0.57737 0.332496
2.66959e-18 0.19857 0.80143
0.733864 0.266136 0
0.146727 0.127401 0.725871
0.384167 0.336713 0.27912
0.432247 0.0273607 0.540392
0.621105 0.378895 0
0.398258 0.601742 0
0.658613 0.341387 0
0.238049 0.205805 0.556146
0.143277 0.856723 0
0 0.75 0.25
0.276528 0 0.723472
0.961926 0.0380743 0
0.460225 0.289775 0.25
0.279894 0.470106 0.25
0.0661568 0.52918 0.404663
0.885625 0.114375 0
0.0525208 0.0156887 0.93179
0.24571 0.327157 0.427133
0.232076 0.0827758 0.685148
0.687218 0 0.312782
0.923718 0.0762819 0
0.288184 0.711816 0
0 0.631266 0.368734
0.0824356 0.667564 0.25
0.317116 0.0294601 0.653423
0.0998904 0.0772854 0.822824
1 0 0
0.215509 0.784491 0
1.17364e-18 0.0872978 0.912702
0.12413 0 0.87587
0.621738 0.0277551 0.350507
0.324693 0.675307 0
0.274533 0.122111 0.603355
0.251734 0.748266 0
0.316829 0.170066 0.513105
0.0198809 0.250007 0.730112
