0.118932 0.310921 0.570147
0.218521 0.026658 0.754821
0.0377757 0.60043 0.361794
0.299656 0.106461 0.593882
0.681531 0.0164381 0.302031
0.762562 0.237438 0
0.128929 0.549322 0.321749
7.27322e-18 0.75 0.25
0.207484 0.155107 0.637409
0.662256 0.0877437 0.25
0.549609 0.200391 0.25
0.346449 0.258967 0.394583
0.219957 0.512389 0.267654
0.127903 0.134721 0.737376
0.920558 0.0794417 0
0.186496 0.813504 0
0.388916 0.178705 0.432378
0.149021 0.850979 0
0.0372249 0.962775 0
0.300596 0.223306 0.476098
1.74e-17 0.404515 0.595485
0.567014 0.432986 0
0.0778748 0 0.922125
0 0.669028 0.330972
0.186226 0.102721 0.711054
0.384977 0.296902 0.318121
0.517015 0.0608476 0.422137
0.303712 0.344678 0.35161
0.192116 0.338817 0.469067
0.572476 0.0796921 0.347832
0.451544 0.548456 0
0.26573 0.301917 0.432353
0.102004 0.0903818 0.807614
0.163067 0.232343 0.60459
0.22396 0.77604 0
0.0463197 0.181203 0.772478
0.291446 0.458554 0.25
0.346711 0.0169228 0.636366
0.0617762 0.410177 0.528047
0.605969 0.394031 0
0.256442 0.424154 0.319404
0.0436545 0.347467 0.608878
0.261549 0.738451 0
0.0334504 0.0975244 0.869025
0.299208 0.700792 0
0.0735175 0.272458 0.654025
0.213004 0.265542 0.521455
6.9075e-18 0.160586 0.839414
9.70112e-19 1 0
0.41343 0.58657 0
0.881016 0.118984 0
0.960286 0.039714 0
1 0 0
0.528411 0.471589 0
0.117606 0.0253252 0.857069
0.801919 0.198081 0
0.260138 0.0716855 0.668177
0.215791 0.388467 0.395742
0.419915 0.330085 0.25
0.342404 0.145173 0.512423
0.683825 0.316175 0
0 0.567634 0.432366
0.337124 0.662876 0
2.68032e-18 0.062312 0.937688
0.432595 0.217512 0.349894
3.06447e-18 0.316002 0.683998
0.723196 0.276804 0
0.0449445 0.489065 0.46599
0.0945284 0.627644 0.277828
0.167786 0.582214 0.25
0.626796 0 0.373204
0.136177 0.366826 0.496998
0.551767 0 0.448233
0.417001 0 0.582999
0.0873258 0.518773 0.393901
0.182648 0 0.817352
0.474413 0.134503 0.391084
0.29264 0 0.70736
0.254504 0.187398 0.558098
0.059869 0.690131 0.25
0.477963 0.25858 0.263457
0.375192 0.624808 0
2.429e-18 0.250474 0.749526
0.75 0 0.25
0.382685 0.0683008 0.549014
0.489955 0.510045 0
0.478174 0.00912298 0.512703
1.16806e-17 2.99528e-17 1
0.514916 0.166053 0.319031
0.111652 0.888348 0
0 0.478009 0.521991
0.600945 0.125647 0.273408
0.105658 0.204906 0.689436
0.0744334 0.925567 0
0.644785 0.355215 0
0.432027 0.0960819 0.471891
0.841471 0.158529 0
0.3482 0.387465 0.264335
0.174072 0.471226 0.354702
0.123488 0.439943 0.436569
