0.228477 0.771523 0
0.372466 0.335464 0.29207
0.768718 0.231282 0
0.613974 0.386026 0
0.294803 0.455197 0.25
0 0.545726 0.454274
0.234608 0.484414 0.280978
0.369006 0.211183 0.419811
1 0 0
0.845883 0.154117 0
0.197285 0.0653352 0.73738
0.247147 0.343091 0.409762
0.0760525 0.923947 0
0.429713 0 0.570287
0.299353 0.126805 0.573842
0.535836 0.214164 0.25
0.114077 0.885923 0
0.11509 0.105729 0.779181
0.730058 0.269942 0
0.169128 0.387306 0.443566
0 0.75 0.25
0.20156 0.183362 0.615078
0.470052 0.0306873 0.499261
0.0627411 0.512916 0.424343
0.289859 0.255532 0.454608
0.382564 0.0818043 0.535632
0.420477 0.579523 0
0.28367 0.0742534 0.642076
0.0840504 0.301234 0.614716
0.190994 0.559006 0.25
0.657759 0 0.342241
0.360223 0.0239816 0.615795
0.75 0 0.25
0.164973 0.0125522 0.822475
0.0866392 0.573663 0.339698
0 0.216913 0.783087
0.157499 0.525184 0.317317
0.284342 0.385207 0.330451
0.326665 0.299713 0.373622
1.70439e-17 0.283963 0.716037
0.691379 0.308621 0
0.443714 0.170356 0.38593
0.807344 0.192656 0
0.0903096 0.430413 0.479277
0.0519319 0.6822 0.265868
0.266665 0.733335 0
0.132935 0.341712 0.525353
0.5365 0.4635 0
0.305057 0.694943 0
0.0709601 0.19024 0.7388
0.513823 0.0737528 0.412424
0.106825 0 0.893175
0.575221 0.424779 0
0.227287 0.10938 0.663332
0.210322 0.299042 0.490636
0.961512 0.0384881 0
0.637233 0.112767 0.25
0.0380061 0.961994 0
0.0256047 0.150183 0.824212
0.343432 0.656568 0
0.445644 0.304356 0.25
0.403769 0.256973 0.339258
0.00566382 0.474417 0.519919
0.923015 0.0769846 0
0.585401 0.085979 0.32862
0.109133 0.229605 0.661263
0.47489 0.22975 0.29536
0.151667 0.149824 0.698509
0.381942 0.618058 0
0.685119 0.0427981 0.272083
0.206622 0.432519 0.360859
0 0.666381 0.333619
0.422592 0.118261 0.459147
0.459083 0.540917 0
0.352725 0.397275 0.25
8.16069e-17 8.49266e-17 1
0.311813 0 0.688187
0.563119 0.157482 0.2794
0.014132 0.603903 0.381965
0.336237 0.1679 0.495863
0.165541 0.260628 0.573831
0.0615879 0.379986 0.558426
0 0.408226 0.591774
0.595355 0.0152518 0.389393
0.119715 0.630285 0.25
6.00213e-17 1 0
0.652658 0.347342 0
0.0766786 0.0698215 0.8535
0 0.10402 0.89598
0.0117013 0.33587 0.652428
0.0319671 0.0291583 0.938875
0.23786 0 0.76214
0.190362 0.809638 0
0.5397 0 0.4603
0.25136 0.213411 0.535228
0.505785 0.140657 0.353558
0.497795 0.502205 0
0.13115 0.474729 0.394121
0.884473 0.115527 0
0.152207 0.847793 0
