0.85619 0.14381 0
0.032497 0.0915511 0.875952
0.295406 0.412852 0.291742
0.135754 0.37554 0.488706
0.601671 0.398329 0
0 0.165384 0.834616
0.303888 0.696112 0
0.262329 0 0.737671
0.33565 0 0.66435
0 0.75 0.25
0.273814 0.256077 0.470109
0.336277 0.26507 0.398653
0.711535 0.288465 0
0.312103 0.192888 0.495009
0.520417 0.0363217 0.443262
0.346899 0.11725 0.535851
0.259105 0.15709 0.583805
0.152456 0.847544 0
0.21921 0.229755 0.551035
0.964097 0.0359026 0
0.0277712 0.207955 0.764273
0.46903 0.123848 0.407122
0.0762636 0.923736 0
0.302526 0.344978 0.352496
0.236686 0.0569754 0.706339
0 0.389013 0.610987
0.159068 0.0818868 0.759045
0.203708 0.126766 0.669525
0 0.278956 0.721044
0.638208 0.361792 0
0.387184 0.167474 0.445342
0.418569 0.218905 0.362526
0.114473 0.885527 0
0.0869337 0.347015 0.566051
0.0349357 0.424972 0.540093
0.180778 0.302759 0.516463
7.2104e-17 1 0
0.507413 0.242587 0.25
0.080491 0.121775 0.797734
0.136453 0.601713 0.261834
1 0 0
0.0744966 0.675503 0.25
0.0381942 0.961806 0
0.202506 0.547494 0.25
0.627162 0.042341 0.330497
0.453827 0.546173 0
0.190458 0.809542 0
0.48362 0.185249 0.331131
0.0908853 0.557986 0.351128
0.228356 0.771644 0
0.675028 0.324972 0
0.118985 0.163009 0.718005
0.0816842 0.239196 0.67912
0.266261 0.733739 0
0.189279 0 0.810721
0.127006 0.274047 0.598947
0 0.494898 0.505102
0.491081 0.508919 0
0.431995 0.0796923 0.488313
0.365049 0.384951 0.25
0.0829907 0 0.917009
0.59412 0 0.40588
0.557498 0.0799233 0.362579
0.564959 0.435041 0
0.0562971 0.631293 0.31241
0.174381 0.510713 0.314906
0.662432 0.0875675 0.25
0.226183 0.430644 0.343173
0.428662 0 0.571338
0.436262 0.313738 0.25
0.820054 0.179946 0
0.132643 0.479109 0.388249
0.892194 0.107806 0
0.491194 0 0.508806
0.0377293 0.528552 0.433719
0.0310456 0.319759 0.649196
0.291825 0.0827874 0.625388
0.0897018 0.449195 0.461103
0.691527 0 0.308473
0.187985 0.399963 0.412052
0.528067 0.471933 0
0.747744 0.252256 0
0.783961 0.216039 0
0.379074 0.620926 0
9.76498e-17 4.1128e-17 1
0.75 0 0.25
0.416511 0.583489 0
0.547864 0.142929 0.309207
0.237638 0.328229 0.434132
0.370382 0.0412446 0.588373
0.168347 0.19892 0.632733
0.341464 0.658536 0
0.119274 0.0341304 0.846595
0.584922 0.165078 0.25
0.3902 0.293267 0.316534
4.30524e-17 0.597088 0.402912
0.270242 0.479758 0.25
0 0.673552 0.326448
0 0.060208 0.939792
0.928106 0.0718935 0
