0.75 0 0.25
0.350785 0.147123 0.502092
0.065337 0.605137 0.329526
0.732533 0.267467 0
8.67722e-17 1 0
0 0.110405 0.889595
0.264222 0.190078 0.5457
0.2513 0.262367 0.486333
0.519492 0.171161 0.309347
0.622214 0 0.377786
0.92372 0.0762801 0
0.346347 0.653653 0
0 0.573893 0.426107
0.384993 0.615007 0
0.476665 0.273335 0.25
0.191956 0.808044 0
0.0841816 0.281836 0.633983
0.25654 0.462607 0.280852
0.172475 0.495072 0.332454
0.681884 0.0681158 0.25
0.617092 0.382908 0
0.576232 0.0871138 0.336654
0.614794 0.126111 0.259095
0.46241 0.53759 0
0 0.251394 0.748606
1.08406e-17 0.645779 0.354221
0.374523 0.317619 0.307858
0.0306093 0.689138 0.280253
0.215088 0.157219 0.627693
0.10747 0.331722 0.560808
0.00989275 0.315853 0.674254
0.29973 0.306702 0.393568
0.480852 0.140308 0.378839
0.169137 0.115872 0.714991
0.217043 0.532957 0.25
0.170692 0 0.829308
0.269048 0.730952 0
0.0702776 0.070431 0.859291
0.501108 0.498892 0
0.246279 0.0805131 0.673208
0 0.37914 0.62086
0.207086 0.418209 0.374705
0.123269 0.0828514 0.79388
0.437231 0.103438 0.459331
0.0766782 0.923322 0
0.423707 0.576293 0
0.092443 0.534327 0.37323
0.770837 0.229163 0
0.161042 0.372239 0.466719
0.231534 0.341404 0.427062
0.0274475 0.415868 0.556684
0.0603812 0.225402 0.714217
0.115047 0.884953 0
0.0383103 0.96169 0
0 0 1
0.230494 0.769506 0
0.00468515 0.177344 0.817971
0.0914069 0.405776 0.502817
0.376823 0 0.623177
0.389654 0.0708049 0.539541
0.402162 0.347838 0.25
0.0437063 0.500629 0.455665
0.361534 0.26543 0.373036
0.552284 0 0.447716
0.0248397 0.034825 0.940335
0.0848199 0.151694 0.763486
0.400402 0.183461 0.416136
0.327566 0.422434 0.25
0.14666 0.575746 0.277594
0.321929 0.223042 0.455028
3.60046e-17 0.75 0.25
0.847355 0.152645 0
0.694152 0.305848 0
0.439624 0.228061 0.332315
0.30765 0.69235 0
0.187977 0.290678 0.521345
0.666869 0.016963 0.316168
0.27957 0 0.72043
0.104416 0.645584 0.25
0.885554 0.114446 0
0.578451 0.421549 0
0.153449 0.846551 0
8.05565e-18 0.479876 0.520124
0.320032 0.0351508 0.644817
0.210185 0.0296941 0.76012
0.286659 0.37945 0.333892
0.126368 0.454456 0.419176
0.6556 0.3444 0
0.961842 0.0381578 0
0.523455 0.0653132 0.411231
0.16785 0.238841 0.593309
0.133123 0.193828 0.673049
1 0 0
0.440906 0 0.559094
0.100396 0 0.899604
0.301604 0.110864 0.587532
0.550884 0.199116 0.25
0.5398 0.4602 0
0.809088 0.190912 0
0.482038 0.0233169 0.494645
