0.175517 0.244863 0.57962
0.674142 0.325858 0
0.350039 0.283877 0.366083
0 1 0
0.0878992 0.1708 0.7413
0.0829554 0.667045 0.25
0.714794 0.285206 0
3.71106e-17 0.75 0.25
0.498627 0 0.501373
0.346852 0.168176 0.484972
0.0748017 0.564433 0.360765
0.298023 0.00782839 0.694149
0.918369 0.0816313 0
0.428934 0.00892352 0.562143
0.531981 0.180554 0.287465
0.194644 0.805356 0
0.176011 0.490137 0.333852
1 0 0
0.0932219 0.280326 0.626452
0.340461 0.409539 0.25
0.0162124 0.206719 0.777069
0.472276 0.0610969 0.466627
0.959137 0.0408631 0
8.78887e-18 0.5412 0.4588
0.180329 0.362771 0.4569
0.75 0 0.25
0.387814 0.0907706 0.521415
0.212237 0.170604 0.61716
0.569838 0 0.430162
1.09743e-16 1.27961e-18 1
0.0998054 0.507232 0.392963
0.633743 0.366257 0
0.0387996 0.9612 0
0.139032 0.439065 0.421903
0.0463947 0.476724 0.476881
0.155555 0.844445 0
0.219537 0.407669 0.372794
0.0634072 0.357729 0.578864
0.43235 0.56765 0
0.593276 0.406724 0
0.0620802 0 0.93792
0.121733 0.594043 0.284225
0.184546 0.565454 0.25
0.298261 0.134305 0.567434
0.552874 0.447126 0
0.132908 0.0838717 0.783221
0.306279 0.245453 0.448268
0.796115 0.203885 0
0.0355142 0.634906 0.32958
0.120236 0.212735 0.667029
0.669277 0 0.330723
0.484829 0.157672 0.357498
1.12963e-17 0.695604 0.304396
0.598726 0.0396627 0.361612
0.206399 0.0602098 0.733391
0.312924 0.687076 0
0 0.269299 0.730701
4.43119e-18 0.0798251 0.920175
0.352433 0.647567 0
0.392378 0.607622 0
0.594966 0.155034 0.25
0.242896 0.507104 0.25
0.235403 0 0.764597
0.273365 0.726635 0
0.433173 0.130487 0.436341
0.23376 0.76624 0
0.512638 0.487362 0
8.41126e-18 0.151524 0.848476
6.17738e-18 0.38039 0.61961
0.221531 0.284084 0.494386
2.98075e-17 0.602406 0.397594
0.259977 0.208266 0.531757
7.32564e-18 0.451097 0.548903
0.393003 0.205361 0.401636
0.367879 0 0.632121
0.440563 0.236563 0.322874
0.300635 0.36537 0.333995
0.877606 0.122394 0
0.335278 0.0629767 0.601745
0.16394 0 0.83606
0.527499 0.0889215 0.38358
0.755463 0.244537 0
0.836857 0.163143 0
0.267089 0.444088 0.288823
0.0935651 0.0346968 0.871738
0.26302 0.324709 0.412272
0.688077 0.0619226 0.25
0.25482 0.0918985 0.653282
0.433893 0.316107 0.25
0.472355 0.527645 0
0.499223 0.250777 0.25
0.094405 0.401954 0.503641
0.376479 0.333288 0.290233
0.0618368 0.114373 0.823791
0.0219428 0.309113 0.668944
0.0777138 0.922286 0
0.140085 0.320996 0.538919
0.116629 0.883371 0
0.617018 0.0921837 0.290798
0.168544 0.134071 0.697385
