2.42396e-17 1 0
0.633655 0.366345 0
7.08149e-18 0.170092 0.829908
0.958283 0.0417169 0
0.0833244 0.250861 0.665814
0.246238 0.169591 0.584171
0.131751 0.410049 0.458199
1.00384e-17 0.414133 0.585867
0.621645 0.0263508 0.352004
0.266053 0.733947 0
0.112053 0.571612 0.316336
0.0813044 0.668696 0.25
0.031634 0.623164 0.345202
0.0681421 0.539958 0.3919
0.434995 0.315005 0.25
0.442669 0 0.557331
0.319137 0.111705 0.569159
0.0710816 0.928918 0
0.0461416 0.0182748 0.935584
1.3321e-17 0.31996 0.68004
0.0354664 0.964534 0
0.712623 0.287377 0
0.75 0 0.25
0.208881 0.252682 0.538438
0.15702 0.486432 0.356548
0.34444 0.149139 0.506421
0.6709 0.0773461 0.251754
0.125977 0.291657 0.582366
0.534167 0.215833 0.25
0.142557 0.857443 0
0.253091 0.61641 0.135952
0.555981 0.444019 0
0.400095 0.0679143 0.53199
0.537193 0.0739433 0.388863
0.0431359 0.200873 0.755991
0.462939 0.251593 0.285468
0.41816 0.218821 0.36302
0.369759 0.0185407 0.6117
0.329992 0.262359 0.407649
0.573052 0 0.426948
0.17138 0.81085 0.0186993
0.375448 0.374552 0.25
0.407056 0.592944 0
0.314309 0.400516 0.285176
0.284927 0.348763 0.366311
0.500593 0.013702 0.485705
0.518456 0.481544 0
0 0 1
0.0492595 0.0935244 0.857216
0.0419324 0.33988 0.618188
0.153073 0.596927 0.25
1.09422e-17 0.262823 0.737177
0.465673 0.131176 0.403151
0.202279 0.52658 0.271141
0.686307 0 0.313693
0.833894 0.166106 0
2.14033e-17 0.51409 0.48591
0.320854 0 0.679146
0.17004 0.333372 0.496588
0.273197 0.476803 0.25
0.792841 0.207159 0
0.0955336 0.471842 0.432624
3.43624e-18 0.0825357 0.917464
0.251272 0.0293742 0.719354
0.110429 0 0.889571
0.106724 0.893276 0
1.66878e-17 0.688453 0.311547
0.289057 0.220569 0.490374
0.235124 0.436687 0.328188
0.0876296 0.371765 0.540606
0.366949 0.303006 0.330045
8.35715e-18 0.75 0.25
0.0374791 0.447786 0.514735
0.207494 0.123702 0.668804
0.481195 0.518805 0
0.438181 0.0962644 0.465554
0.0906779 0.123597 0.785725
0.247986 0.301932 0.450082
0.50289 0.166286 0.330824
0.282763 0.0782942 0.638943
0.874895 0.125105 0
0.672707 0.327293 0
2.43023e-17 0.583722 0.416278
0.379519 0.182742 0.437739
0.57813 0.109067 0.312803
0.170286 0.0833282 0.746386
0.125446 0.16814 0.706413
0.204495 0.387873 0.407632
0.166359 0.209243 0.624398
0.752665 0.247335 0
0.594596 0.405404 0
0.312899 0.687101 0
0.138957 0.0360324 0.825011
0.359104 0.640896 0
1 0 0
0.211434 0 0.788566
0.603544 0.146456 0.25
0.444296 0.555704 0
0.199822 0.750258 0.0542113
0.916604 0.0833965 0
