0.119483 0.880517 0
0.0666226 0.478486 0.454891
0.277453 0.20791 0.514637
0.888334 0.111666 0
2.1848e-17 0.393578 0.606422
0.213186 0 0.786814
0.145218 0.223024 0.631758
0.399477 0.0911028 0.509421
0 0.684112 0.315888
0.371871 0.275837 0.352292
0.232174 0.173851 0.593974
1.06486e-17 0.191828 0.808172
0.10465 0.575165 0.320185
0.506746 0 0.493254
0.618401 0.131599 0.25
0.345912 0.0592076 0.594881
0.238853 0.282376 0.478771
0.174013 0.546125 0.279863
0.510058 0.489942 0
0.158989 0.841011 0
0.136002 0.128526 0.735472
0.136176 0 0.863824
0.549687 0.0295958 0.420717
0.468519 0.0771215 0.454359
0.17204 0.0568324 0.771128
0.277366 0.722634 0
0.0358398 0.322558 0.641602
0.280091 0.439516 0.280392
0.54847 0.164883 0.286647
0.962775 0.0372245 0
0.283205 0.31757 0.399226
0.417456 0.177066 0.405478
0.229674 0.0715353 0.698791
0.471436 0.528564 0
0 0.123923 0.876077
0.444733 0.266881 0.288386
0.62482 0.37518 0
0.586761 0.413239 0
0.290217 0 0.709783
0.925549 0.0744511 0
3.20763e-17 0.577834 0.422166
0.137219 0.612781 0.25
0.238709 0.39758 0.363711
0.851032 0.148968 0
0.14973 0.439786 0.410484
0.328314 0.238035 0.433651
0.437791 0.00662592 0.555583
0.314499 0.13228 0.553221
0.178534 0.15222 0.669246
0.0362905 0.22343 0.740279
0.462992 0.200682 0.336327
0.0399247 0.960075 0
0.186543 0.251728 0.561728
0.068091 0.155203 0.776706
0.238133 0.761867 0
0.516021 0.233979 0.25
0.0195546 0.0632692 0.917176
0.738359 0.261641 0
0.813519 0.186481 0
0.700643 0.299357 0
0.432842 0.567158 0
0.662674 0.337326 0
0.776025 0.223975 0
0.349369 0.400631 0.25
0.153924 0.318047 0.52803
0.0254165 0.43567 0.538914
0.198589 0.801411 0
0.367855 0 0.632145
0.0906241 0.524353 0.385023
0.669515 0.0121689 0.318316
0.11025 0.39839 0.49136
0.75 0 0.25
0.0721819 0.670405 0.257414
0.190953 0.475032 0.334015
0.0796537 0.920346 0
0 0 1
0 0.75 0.25
0.39425 0.60575 0
1 0 0
0 0.291618 0.708382
0.083046 0.344634 0.57232
0.0296072 0.6167 0.353693
0.273636 0.0916962 0.634668
0.355333 0.644667 0
0.316398 0.683602 0
0.324746 0.355 0.320254
0.365644 0.159099 0.475257
0.417584 0.332416 0.25
0.548552 0.451448 0
0.617155 0 0.382845
0.585874 0.080918 0.333208
0.504509 0.120149 0.375343
0.0895696 0.0799968 0.830434
3.98986e-17 1 0
0.0845901 0.249201 0.666209
0.242644 0.507356 0.25
0.0680365 0 0.931963
2.8128e-17 0.506709 0.493291
0.195312 0.359973 0.444715
0.683295 0.0650642 0.251641
