0.697552 0.302448 0
0.384904 0.336569 0.278527
0.243513 0.253475 0.503011
0.245953 0.37577 0.378277
0.0644855 0.685515 0.25
0.274161 0.725839 0
0.196815 0.208053 0.595132
0.524115 0.0908517 0.385033
0.468212 0.531788 0
0.33092 0.220932 0.448148
0.202652 0.456732 0.340617
0.32687 0.329748 0.343382
0.288947 0.293362 0.417691
1.64354e-20 0.351575 0.648425
0.25326 0.49674 0.25
0.0813796 0.450941 0.46768
0.573955 0 0.426045
0.23514 0.76486 0
0.506699 0.234755 0.258547
0.156882 0.843118 0
0.11768 0.88232 0
0.467871 0.201957 0.330172
0.421059 0.070373 0.508568
0.150586 0.0273053 0.822109
0.20663 0.330956 0.462414
0.73552 0.26448 0
0.00528678 0.669922 0.324791
0.0148159 0.166422 0.818762
0.670458 0 0.329542
0.180516 0.569484 0.25
0.583108 0.416892 0
1.98549e-20 0.424722 0.575278
0.811433 0.188567 0
0.179771 0.0844467 0.735782
0.924698 0.0753023 0
0.429569 0.570431 0
0.128705 0.364688 0.506607
4.2698e-17 1 0
5.39924e-17 1.51871e-18 1
0.218374 0 0.781626
0.471156 0 0.528844
1 0 0
0 0.75 0.25
0.149093 0.16509 0.685817
0.0809162 0.320794 0.59829
0.887 0.113 0
0.449873 0.300127 0.25
0.621546 0.378454 0
0.659656 0.340344 0
2.84076e-20 0.607677 0.392323
0.340526 0.105276 0.554197
0.105132 0 0.894868
0.108279 0.620348 0.271372
0.348796 0.401204 0.25
0.406017 0 0.593983
0.0722988 0.200029 0.727672
0.545383 0.137868 0.31675
2.12596e-17 0.497907 0.502093
0.545018 0.454982 0
0.196006 0.803994 0
0.312627 0 0.687373
0.384038 0.259888 0.356075
0.0392272 0.960773 0
0.849271 0.150729 0
0.0281054 0.538104 0.433791
0.113384 0.244516 0.6421
0.163616 0.412871 0.423513
0.75 0 0.25
0.343055 0.0321905 0.624754
0.114628 0.494927 0.390446
5.2597e-18 0.108812 0.891188
0.352032 0.647968 0
0.15436 0.531695 0.313945
0.602206 0.0424583 0.355336
0.283898 0.42326 0.292842
0.224569 0.130131 0.645301
0.252258 0.0419569 0.705786
0.689336 0.0606643 0.25
0.962334 0.0376656 0
0.370438 0.148958 0.480605
0.0259301 0.283877 0.690193
0.0569411 0.397365 0.545694
0.626636 0.0989667 0.274397
0.578263 0.171737 0.25
0.162053 0.286028 0.551919
0.390808 0.609192 0
0.418266 0.181728 0.400006
0.0705367 0.0778517 0.851612
1.14647e-17 0.237181 0.762819
0.504897 0.0318878 0.463216
0.0291249 0.0327915 0.938084
0.0784566 0.921543 0
0.773583 0.226417 0
0.313081 0.686919 0
0.278915 0.181005 0.54008
0.103846 0.120907 0.775247
0.0727731 0.578225 0.349002
0.506555 0.493445 0
0.457487 0.114423 0.42809
0.291825 0.0947992 0.613375
