0.742191 0.257809 0
0.0855747 0.191358 0.723067
0.81604 0.18396 0
0.852936 0.147064 0
0.963286 0.0367135 0
0.260978 0.313606 0.425416
0.215196 0.290456 0.494348
0.0654513 0.684547 0.250001
0.0578305 0.503016 0.439153
0.41056 0.162524 0.426915
0.705176 0.294824 0
0.127394 0.464989 0.407617
0.280241 0.390056 0.329703
0.33321 0.66679 0
0.132188 0.104446 0.763366
0.209848 0.0702857 0.719866
0.317732 0.032444 0.649824
0.668078 0.331922 0
0.124203 0.22859 0.647207
0.513941 0 0.486059
0.169093 0.261771 0.569136
0.407694 0.592306 0
0.926559 0.0734406 0
0.444994 0.555006 0
0.225243 0.467665 0.307092
0.593863 0.406137 0
0 0.669955 0.330045
0.102977 0.615918 0.281105
0.260525 0.107878 0.631597
0.0384318 0.0237655 0.937803
0.38213 0.11872 0.49915
0.20363 0.415487 0.380883
0.0798577 0.0711007 0.849042
0.590511 0 0.409489
0.500798 0.235778 0.263423
0.174945 0.575053 0.250001
0.889742 0.110258 0
0.667113 0 0.332887
0.323961 0.426038 0.250001
0.359522 0.247085 0.393393
0.519554 0.480446 0
0.25889 0.74111 0
0.124381 0.342747 0.532872
0.259188 0.214238 0.526574
0.110763 0.889237 0
1.14048e-17 0.532268 0.467732
0.317232 0.220872 0.461895
0.184768 0.815232 0
0.162929 0.0221384 0.814933
0.0322452 0.277902 0.689853
0.0826124 0.307593 0.609795
9.83399e-18 0.458957 0.541043
0.393126 0 0.606874
0.0749396 0.565823 0.359237
0.249464 0.500535 0.250001
0.151481 0.51839 0.330128
0.779162 0.220838 0
1.21237e-17 0.242772 0.757228
0.00195127 0.603608 0.394441
0.453091 0.19582 0.351089
0.147768 0.852232 0
0.619498 0.100788 0.279713
0.031926 0.389842 0.578232
0.482274 0.517726 0
0.296003 0.703997 0
0.221846 0.778154 0
5.27941e-17 7.3407e-17 1
0.438056 0.0225197 0.539424
0.084714 0.422668 0.492619
0.370417 0.629583 0
4.56458e-17 1 0
0.443548 0.30645 0.250001
0.171044 0.147682 0.681274
7.50314e-18 0.350175 0.649825
0.0738544 0.926146 0
0 0.749999 0.250001
0.0369437 0.963056 0
0.112227 0 0.887773
0.556743 0.443257 0
0.533579 0.145978 0.320443
0.499283 0.104555 0.396162
0.213751 0.183566 0.602683
0.319569 0.324925 0.355506
0.574118 0.175881 0.250001
0.749999 0 0.250001
0.170278 0.374979 0.454743
0.227461 0 0.772539
0.573204 0.0631524 0.363644
2.08969e-18 0.0975265 0.902474
0.466084 0.0732403 0.460676
0.406362 0.274335 0.319303
0.631035 0.368965 0
0.293081 0 0.706919
0.371524 0.358905 0.269571
0 0.170167 0.829833
0.0573248 0.144154 0.798521
1 0 0
0.348946 0.0766456 0.574408
0.686131 0.0638675 0.250001
0.307034 0.150376 0.54259
