0.920348 0.0796524 0
0.562598 0.187402 0.25
0.47611 0.52389 0
0.598259 0.401741 0
0.335369 0.357263 0.307368
0.0868854 0.0783195 0.834795
0 0.420006 0.579994
0.576299 0.0504956 0.373205
0.0671883 0.0115137 0.921298
0.487033 0.227188 0.285779
2.19669e-17 0.67006 0.32994
0.0956519 0.240057 0.664291
0.126208 0.535012 0.33878
0.345529 0 0.654471
1.84198e-18 0.0663643 0.933636
0.760231 0.239769 0
0.0426399 0.95736 0
0.116579 0.409952 0.473469
0.313785 0.686215 0
0.403416 0.341815 0.254769
0.124096 0.116922 0.758983
0.338651 0.245555 0.415794
0.0314116 0.456308 0.512281
0.482342 0.0193891 0.498269
0.206947 0.250023 0.54303
0.3794 0.0397106 0.58089
0.159834 0.447752 0.392414
0.96017 0.03983 0
0.168948 0.0275144 0.803537
0.461231 0.288769 0.25
0.271391 0.448386 0.280222
0.506604 0.071765 0.421631
0.136802 0.168312 0.694886
0.196141 0.0792801 0.724578
0.380461 0.168965 0.450574
0.644444 0 0.355556
4.90212e-19 0.75 0.25
0.435447 0.564553 0
0.243867 0.40276 0.353373
0.0618033 0.688197 0.25
0.719771 0.280229 0
0.216058 0.756793 0.0281745
0.599078 0.109834 0.291088
0.228226 0.521774 0.25
0.0626328 0.169121 0.768246
0.55756 0.44244 0
0.222898 0.123714 0.653388
0.113527 0.29433 0.592142
0 0.354127 0.645873
0 0.525803 0.474197
0 0.59792 0.40208
0.800475 0.199525 0
0.130158 0 0.869842
0.52083 0.146875 0.332295
0.0809975 0.491991 0.427012
0.295441 0.20735 0.497209
0.160401 0.328883 0.510716
0.420121 0.0920936 0.487786
0.235249 0.71175 0.0545745
0.679367 0.320633 0
0.0313289 0.289554 0.679117
0.840504 0.159496 0
0.554989 0 0.445011
0.516894 0.483106 0
0.173854 0.207961 0.618185
0.194961 0.489316 0.315723
1 0 0
0.0144332 0.118059 0.867507
0.057438 0.571565 0.370997
0.465245 0.132159 0.402595
0.23793 0 0.76207
0.257251 0.167187 0.575561
0.659802 0.0901976 0.25
0.0887563 0.621796 0.289448
0.340442 0.125132 0.534426
0.301513 0.0839096 0.614578
0.386208 0.278618 0.335173
0.428739 0.204693 0.366569
0.249518 0.286772 0.46371
0.144165 0.822734 0.0360138
0.684711 0.024992 0.290297
0.354327 0.645673 0
0.197826 0.802174 0
1.00553e-16 6.59805e-17 1
0.1592 0.5908 0.25
0.292714 0.322838 0.384448
0.63886 0.36114 0
0.75 0 0.25
0.0853079 0.914692 0
0.442522 0 0.557478
0 1 0
0 0.18679 0.81321
0.880493 0.119507 0
0.124301 0.863448 0.0125765
0.276223 0.0299996 0.693777
0.0737754 0.371019 0.555206
0.394911 0.605089 0
0.328023 0.421977 0.25
0 0.256366 0.743634
0.203136 0.365976 0.430888
