0.0976917 0.604443 0.297865
3.26192e-17 1 0
0.284603 0.414104 0.301293
1.99765e-17 0.639761 0.360239
0.926387 0.0736126 0
0.0196588 0.68503 0.295311
0.487893 0.120379 0.391728
0.280903 0 0.719097
0.0663539 0.32159 0.612056
0.234224 0.376709 0.389068
0.588707 0.411293 0
0.668846 0.00937935 0.321774
0.247608 0.245765 0.506627
0.0398794 0.960121 0
0.359156 0.248379 0.392465
0.255433 0.0774885 0.667078
0.17489 0.57511 0.25
0.366911 0.108805 0.524284
0.191204 0.340715 0.468081
1 0 0
0.0204431 0.28653 0.693026
0.740236 0.259764 0
0.473069 0.526931 0
0.537814 0.0386421 0.423544
0.777678 0.222322 0
0.172286 0 0.827714
0.550337 0.449663 0
0.0609197 0 0.93908
0.438471 0.0921712 0.469357
0.444432 0.205944 0.349625
0.397059 0.288046 0.314895
0.889295 0.110705 0
0.434278 0.565722 0
0.17477 0.289322 0.535908
0.272355 0.477645 0.25
7.51796e-18 0.240767 0.759233
0.489675 0.246871 0.263454
0.212557 0.50046 0.286983
0.0828879 0.399777 0.517335
1.12287e-17 0.359604 0.640396
0.683704 0.0662958 0.25
0.198839 0.801161 0
0.221986 0.1426 0.635414
0.702691 0.297309 0
0.238508 0.761492 0
0.525855 0.156847 0.317299
0.36161 0.38839 0.25
0.356428 0.643572 0
0.317198 0.682802 0
0.109081 0.215961 0.674957
2.34188e-17 0.75 0.25
0.172063 0.118662 0.709275
0.319942 0.335668 0.34439
0.611974 0 0.388026
5.62033e-18 0.172301 0.827699
0.0446161 0.105351 0.850033
0.132118 0.53127 0.336612
0.0992047 0.0246412 0.876154
0.21379 0.0307626 0.755448
0.119424 0.880576 0
0.0956046 0.141021 0.763375
0.433074 0.316926 0.25
0.203877 0.206659 0.589463
0.34785 0.000578512 0.651571
0.514242 0 0.485758
1.3512e-17 0.43273 0.56727
0.326751 0.0681589 0.60509
0.578169 0.0771523 0.344678
0.0847231 0.665277 0.25
0.137839 0.420427 0.441733
2.59146e-18 0.0794457 0.920554
0 0 1
0.415445 0 0.584555
1.76647e-17 0.541543 0.458457
0.626722 0.373278 0
0.079701 0.920299 0
0.132364 0.0728062 0.79483
0.511704 0.488296 0
0.278638 0.292535 0.428827
0.0406598 0.573736 0.385604
0.18554 0.452751 0.361709
0.561515 0.188485 0.25
0.159232 0.840768 0
0.324858 0.200714 0.474428
0.617605 0.115745 0.26665
0.75 0 0.25
0.66462 0.33538 0
0.0652428 0.198999 0.735758
0.0325892 0.473614 0.493797
0.401974 0.166091 0.431935
0.395509 0.604491 0
0.963293 0.036707 0
0.286261 0.157715 0.556024
0.0907682 0.495709 0.413522
0.132639 0.250386 0.616975
0.852154 0.147846 0
0.81497 0.18503 0
0.112524 0.337502 0.549974
0.277961 0.722039 0
0.450654 0.028541 0.520805
