0.123703 0.552852 0.323445
0 0.292559 0.707441
0.311475 0.368151 0.320375
0.249391 0.0806707 0.669939
0.449818 0.550182 0
0.0366755 0.232675 0.73065
0.335401 0.664599 0
0.0365268 0.0284085 0.935065
0.801927 0.198073 0
1.40236e-17 0.447894 0.552106
0.248456 0.203749 0.547794
0.377739 0.0797504 0.542511
0.116573 0.444366 0.439061
0.147674 0.852326 0
0.723019 0.276981 0
0.25678 0.326257 0.416963
0.260011 0.739989 0
1.4306e-17 0.668732 0.331268
0.122213 0.323353 0.554435
0.485667 0 0.514333
0.199493 0.396549 0.403959
0.0809699 0.405972 0.513058
0.426311 0.130518 0.44317
0.527349 0.472651 0
0.300418 0 0.699582
0.392935 0.341829 0.265236
0.34318 0.293932 0.362887
0.35183 0.177024 0.471146
0.289669 0.114148 0.596184
0.762371 0.237629 0
0.920802 0.0791984 0
0.0368761 0.963124 0
0.456991 0.0580454 0.484964
0.248829 0.409742 0.341429
0.0736433 0.926357 0
0.165379 0.243339 0.591282
0.510151 0.084442 0.405407
0.605153 0.394847 0
0.340287 0.028908 0.630805
0.546767 0.125503 0.32773
0.295422 0.251651 0.452927
4.12624e-18 0.192881 0.807119
1 0 0
0.488567 0.511433 0
0.297714 0.702286 0
0.463217 0.286783 0.25
0.411022 0 0.588978
0.0334058 0.60175 0.364844
0.227561 0 0.772439
0.467946 0.171705 0.360348
0.881188 0.118812 0
0.0251388 0.491333 0.483528
0.566126 0.433874 0
0.252694 0.497306 0.25
0.373311 0.626689 0
0.158174 0.48403 0.357796
0.11061 0.88939 0
0.644326 0.355674 0
1.60445e-17 0.75 0.25
0.560303 0 0.439697
0.222176 0.47238 0.305444
0.960415 0.0395852 0
0.160478 0.127347 0.712175
0.42417 0.253416 0.322414
0.3841 0.215656 0.400243
0.32265 0.152155 0.525195
0 0 1
0.115774 0.0809364 0.80329
0.333074 0.416926 0.25
7.49028e-18 0.350133 0.649867
0.210716 0.28339 0.505894
0.841573 0.158427 0
0.0812659 0.157765 0.760969
0.75 0 0.25
0.11971 0.204531 0.675759
0.2225 0.7775 0
0.582696 0.167304 0.25
0.101651 0 0.898349
0.0605017 0.689498 0.25
0.512374 0.215441 0.272185
0.196858 0.0580931 0.745049
0.625377 0.0929723 0.28165
0.0381465 0.372988 0.588866
0.689466 0.0605343 0.25
9.81152e-17 1 0
0.164249 0.36012 0.475631
0.683541 0.316459 0
0.596275 0.0353646 0.36836
2.92845e-18 0.0935308 0.906469
0.155372 0.00861261 0.836015
0.184971 0.815029 0
0.172509 0.577491 0.25
0.0773412 0.521449 0.40121
0.0818955 0.282266 0.635838
0.0380813 0.117079 0.84484
0.0954919 0.627592 0.276916
0.66668 0 0.33332
1.20304e-17 0.562361 0.437639
0.205778 0.16307 0.631151
0.41151 0.58849 0
