0.162976 0.179916 0.657107
0.0393086 0.199905 0.760786
0.40376 0.264361 0.331879
0.068025 0.071042 0.860933
0.284379 0.412744 0.302877
2.84867e-17 0.687833 0.312167
0.320126 0 0.679874
0.515411 0.234589 0.25
1.17094e-17 1 0
0.11878 0.88122 0
0.881675 0.118325 0
0.444694 0.174719 0.380587
0.286575 0.162099 0.551326
0.520731 0.479269 0
0.245437 0.13167 0.622894
0.278216 0.721784 0
0.590328 0.0778574 0.331815
0.548387 0.0292585 0.422355
0.439652 0.560348 0
0.802201 0.197799 0
0.35876 0.64124 0
0.07925 0.92075 0
0.237101 0.243094 0.519805
0.176792 0.0489373 0.77427
4.33569e-18 0.104688 0.895312
0.1652 0.520107 0.314694
0.671326 0.0647128 0.263961
5.56845e-18 0.475554 0.524446
0.115986 0.486427 0.397587
7.78112e-17 6.09666e-17 1
0.465311 0.0768189 0.45787
0.0900903 0.563144 0.346765
0.189441 0.560559 0.25
0.75 0 0.25
0.209338 0.448756 0.341906
0.0952743 0 0.904726
0.261028 0.488972 0.25
0.0937995 0.107824 0.798376
0.615513 0 0.384487
0.0128422 0.403679 0.583479
4.04182e-18 0.345177 0.654823
0.555718 0.16439 0.279892
0.504534 0 0.495466
0.27813 0.280761 0.441109
0.431461 0.0263652 0.542173
0.116597 0.609574 0.273829
0.171954 0.412858 0.415189
1 0 0
0.0884991 0.234426 0.677075
0.369921 0.344025 0.286054
1.12847e-17 0.272476 0.727524
0.479376 0.207856 0.312767
0.92102 0.0789801 0
0.682764 0 0.317236
0.376142 0.111659 0.512199
0.0709624 0.437732 0.491306
0.159922 0 0.840078
0.238207 0.761793 0
0.285519 0.058221 0.65626
0.158506 0.841494 0
0.193194 0.317979 0.488827
3.10614e-17 0.75 0.25
0.480178 0.519822 0
0.125949 0.144692 0.729359
0.249034 0 0.750966
0.321433 0.318785 0.359781
0.44359 0.30641 0.25
0.198325 0.801675 0
0.722307 0.277693 0
0.361338 0.233749 0.404913
0.195437 0.211574 0.592989
0.409878 0.148925 0.441197
0.516018 0.116952 0.367031
0.245633 0.362051 0.392316
0.0781829 0.671817 0.25
0.960593 0.0394074 0
0.399203 0.600797 0
0.0235237 0.621226 0.35525
0.391134 0 0.608866
6.80357e-18 0.581036 0.418964
0.641909 0.358091 0
0.207611 0.0920714 0.700318
0.842158 0.157842 0
0.142237 0.387547 0.470215
0.336924 0.0797853 0.583291
0.318452 0.681548 0
0.0395736 0.960426 0
7.12958e-18 0.172149 0.827851
0.324257 0.196929 0.478814
0.601538 0.398462 0
0.144254 0.280749 0.574997
0.762408 0.237592 0
0.68206 0.31794 0
0.0987025 0.35625 0.545048
0.0645166 0.309833 0.62565
0.0242949 0.0337194 0.941986
0.561197 0.438803 0
0.0331886 0.517905 0.448906
0.34736 0.40264 0.25
0.622407 0.127593 0.25
