0.0229066 0.561197 0.415896
3.83916e-18 0.0925228 0.907477
0.235151 0.764849 0
0.505866 0.0868785 0.407255
0.59181 0.15819 0.25
0.0414224 0.26154 0.697038
0.715554 0.284446 0
0.75 0 0.25
0.51387 0.48613 0
0.433081 0.184792 0.382126
0.0657846 0.363148 0.571067
0.177527 0.418013 0.40446
0.120266 0 0.879734
0 0.525998 0.474002
3.97694e-17 6.18204e-17 1
0.0213163 0.687099 0.291585
0.353167 0.230061 0.416772
0.959307 0.0406932 0
0.27472 0.72528 0
1 0 0
0.17511 0.140687 0.684203
0.314443 0.685557 0
0.274403 0.421258 0.304339
0.675109 0.324891 0
0.0859998 0.0663216 0.847679
0.532408 0.140446 0.327146
0.00225527 0.460809 0.536936
0.46243 0 0.53757
0.156476 0.843524 0
0.796643 0.203357 0
0.837236 0.162764 0
0.205258 0.512237 0.282505
0.324703 0 0.675297
0.222048 0.0728627 0.705089
0.0453293 0.0176 0.937071
0.297848 0.0611687 0.640984
0.393788 0.606212 0
0.479244 0.212791 0.307966
0.067235 0.59534 0.337425
0.195819 0.804181 0
0.284887 0.285382 0.429731
0.0689334 0.434706 0.49636
0.244168 0.259779 0.496053
0.131971 0.217933 0.650096
0.918617 0.0813833 0
0.526034 0.00908643 0.46488
0.0901182 0.181149 0.728732
9.24953e-17 1 0
0.0950595 0.290367 0.614574
0.370359 0.346541 0.2831
0.250485 0 0.749515
0.451097 0.11181 0.437093
0.5943 0.4057 0
0.877927 0.122073 0
0.163425 0.586575 0.25
0.13981 0.0957069 0.764484
0.473793 0.526207 0
0.16664 0.476468 0.356892
0.11728 0.88272 0
0.424114 0.0656195 0.510266
0.152122 0.315311 0.532567
0.636307 0.0574823 0.306211
0.378185 0.151275 0.47054
0.323321 0.321322 0.355357
0.398657 0.266603 0.33474
0.672987 0 0.327013
0.0599759 0.136966 0.803059
9.69251e-18 0.233587 0.766413
0.0780826 0.921917 0
0.275331 0.133672 0.590997
0.349029 0.0963754 0.554596
0.433689 0.566311 0
0.553981 0.446019 0
0.390177 0.0072694 0.602553
0.343763 0.406237 0.25
0.0942943 0.655706 0.25
0.130367 0.395021 0.474612
0.0390201 0.96098 0
0.0973657 0.495033 0.407601
0.442675 0.307324 0.25
0.634739 0.365261 0
0.297591 0.187572 0.514837
0.670886 0.0791144 0.25
0.204668 0.339737 0.455596
0.18065 0.0130455 0.806305
0.517256 0.232744 0.25
0.756024 0.243976 0
0.215996 0.169749 0.614254
0.247601 0.375328 0.377071
0.262396 0.487604 0.25
0.572507 0.0708862 0.356606
0.12858 0.553656 0.317764
0.353925 0.646075 0
1.36718e-17 0.329487 0.670513
1.64412e-17 0.396229 0.603771
0.595916 0 0.404084
6.7653e-18 0.163042 0.836958
2.63746e-17 0.635621 0.364379
0.190122 0.239765 0.570113
0 0.75 0.25
