0.101464 0.648536 0.25
0.305647 0.169111 0.525243
0.509001 0.0128286 0.47817
0.244586 0.135042 0.620372
0.238458 0.445752 0.31579
0.101705 0 0.898295
0.280932 0.0636705 0.655397
0.162047 0.427925 0.410028
0.396939 0.259881 0.343181
0.229747 0.203225 0.567028
0.151313 0.363088 0.485598
0.33535 0.0927163 0.571934
0.572736 0.177264 0.25
5.62859e-18 0.649543 0.350457
0.416879 0.0649661 0.518155
0.452312 0.547688 0
0.375615 0.624385 0
0.242111 0.00662529 0.751264
3.58562e-18 0.413782 0.586218
0.37769 0.00826164 0.614048
0.167891 0.582109 0.25
0.299662 0.700338 0
0.449813 0 0.550187
0.384152 0.137174 0.478674
0.546292 0.0703343 0.383374
0.567605 0.432395 0
0.165076 0.224949 0.609976
0.723373 0.276627 0
0.684352 0.315648 0
0.352092 0.214467 0.433441
0.26816 0.48184 0.25
0.0371288 0.962871 0
0.186574 0.813426 0
0.0623744 0.544286 0.393339
0.75 0 0.25
0.579315 0 0.420685
0.0335262 0.345965 0.620508
0.960342 0.0396579 0
4.80583e-18 0.238398 0.761602
1.51192e-17 0.75 0.25
1.03478e-17 0.513313 0.486687
0.238947 0.325553 0.4355
0.689444 0 0.310556
0.0717685 0.0819098 0.846322
0.274262 0.247803 0.477935
0.801995 0.198005 0
0.528997 0.471003 0
0.104203 0.134432 0.761365
0.149156 0.850844 0
1.17207e-17 0.581414 0.418586
0.291062 0.36814 0.340798
0.319744 0.293065 0.387191
0.920684 0.0793161 0
8.66547e-18 1 0
0.0744317 0.925568 0
0.338404 0.411596 0.25
1 0 0
0.111704 0.888296 0
0.0351814 0.448995 0.515824
0.194007 0.524052 0.281941
0.337577 0.662423 0
0.195364 0.282532 0.522105
0.490526 0.509474 0
0.504284 0.245716 0.25
0.6452 0.3548 0
0.19674 0.0929331 0.710327
0.762543 0.237457 0
0.119131 0.308949 0.57192
0.413868 0.586132 0
0.0908073 0.464846 0.444347
9.71261e-19 0.112084 0.887916
0.599122 0.108307 0.292571
0.21652 0.397808 0.385672
0.43564 0.31436 0.25
0.0842162 0.595659 0.320125
0.880963 0.119037 0
0.148361 0.171775 0.679864
0.0871182 0.261361 0.651521
0.0160206 0.168769 0.81521
0.0825498 0.384316 0.533135
0.515215 0.143372 0.341413
0.606343 0.393657 0
0.431065 0.176275 0.39266
0.314131 0 0.685869
6.24805e-18 0.30994 0.69006
0.471621 0.216347 0.312032
0.0653642 0.210991 0.723645
0.224048 0.775952 0
0.0317356 0.687651 0.280614
0.626557 0.0261134 0.347329
0.0264398 0.0368275 0.936733
0.841513 0.158487 0
0.140343 0.503545 0.356112
0.261784 0.738216 0
0.368068 0.340743 0.291189
0.147487 0.0603441 0.792169
1.08004e-16 3.01803e-18 1
0.669343 0.0806565 0.25
0.175855 0 0.824145
0.468479 0.0978059 0.433715
