0.588545 0.0734791 0.337976
0.7317 0.2683 0
0.576722 0.423278 0
0.239509 0.235175 0.525316
0.75 0 0.25
0.885624 0.114376 0
0.335238 0 0.664762
0.558626 0.0262595 0.415114
0.22942 0.52058 0.25
0.201703 0.199596 0.598701
0.479895 0.0826344 0.43747
0 0.650064 0.349936
0.171395 0.439445 0.38916
0.072016 0.335659 0.592325
0.0784704 0.219638 0.701892
0.41826 0.24002 0.341719
0.494164 0.211406 0.29443
0.190102 0.809898 0
0.305084 0.694916 0
0.273815 0.142756 0.583429
0.96189 0.0381097 0
0.61559 0.38441 0
0.298739 0.451261 0.25
0.223063 0.0977595 0.679177
0.128491 0.515756 0.355754
0.113769 0.886231 0
0.368047 0.381953 0.25
0.382377 0.617623 0
0.444426 0.0332149 0.522359
0.124565 0.142365 0.73307
0 0.379456 0.620544
0.498867 0.501133 0
0.847191 0.152809 0
2.86605e-18 0.0574667 0.942533
0.13773 0.403697 0.458573
0.560148 0.189852 0.25
0.0399246 0.0802384 0.879837
0.600307 0.125815 0.273878
0.358395 0.089553 0.552052
0.445504 0.164766 0.389729
0.393425 0.315364 0.291211
0.45993 0.54007 0
0.22835 0.77165 0
0.0811467 0.473299 0.445554
0 0 1
0.171584 0.068338 0.760078
0 0.574731 0.425269
0.0830243 3.68702e-17 0.916976
0.0872664 0.105062 0.807672
0.0555948 0.547664 0.396741
0.343732 0.656268 0
0.0202725 0.306503 0.673224
0.407817 0 0.592183
0.273876 0.412683 0.313442
0.204968 0.471203 0.323829
0.40081 0.123586 0.475604
0.204325 0 0.795675
0.311711 0.340888 0.347401
0.19196 0.323519 0.484521
0.316163 0.179944 0.503893
0.421044 0.578956 0
0.151883 0.848117 0
0.0378788 0.962121 0
0.537841 0.462159 0
0.0317139 0.188073 0.780213
0.693153 0.306847 0
7.6049e-18 0.152484 0.847516
0.075832 0.924168 0
0.628957 0 0.371043
0 0.258819 0.741181
0.808847 0.191153 0
0.132242 0.019538 0.84822
0.167258 0.171371 0.661371
0.923776 0.0762236 0
0.163304 0.565555 0.271141
0.230311 0.365488 0.404201
0.342438 0.268989 0.388573
0.305636 0.0647029 0.629661
0.0218461 0.430361 0.547793
0.264101 0.0120255 0.723873
0 0.499413 0.500587
0.113304 0.255223 0.631473
0.111649 0.638351 0.25
0.362542 0.204145 0.433314
3.91437e-17 0.75 0.25
0.0370734 0.687681 0.275246
0.266752 0.733248 0
0.273269 0.282052 0.444678
0.521815 0.126572 0.351614
1 0 0
0.465438 0.284562 0.25
0.684918 0.0147847 0.300298
4.98733e-17 1 0
0.770319 0.229681 0
0.102804 0.375019 0.522176
0.664395 0.085605 0.25
0.654444 0.345556 0
0.0792693 0.599171 0.32156
0.155471 0.286812 0.557717
0.515316 0 0.484684
