0.927101 0.0728989 0
0.219911 0.780089 0
0 0.47871 0.52129
0.194875 0.435371 0.369754
0.475076 0.238334 0.286591
0.109417 0.890583 0
0.0671711 0.446092 0.486737
0.600751 0.142918 0.25633
0.33441 0.0329705 0.63262
0.583219 0.0951389 0.321642
0.167568 0.0928773 0.739555
0.66943 0.33057 0
0.150513 0.401801 0.447686
0.173012 0.506942 0.320047
0 0.163851 0.836149
0.285746 0.126745 0.58751
0.184672 0.202431 0.612897
0.481516 0.518484 0
1 0 0
0.080427 0.625016 0.294557
0.253717 0.0734928 0.67279
0.103265 0.239206 0.657529
0.685312 0.0192163 0.295471
0.639821 0 0.360179
0.235423 0.351907 0.41267
0.293948 0.706052 0
0.0582064 0.691793 0.250001
1.79882e-17 0.0607457 0.939254
0.146025 0.853975 0
0.326446 0.423554 0.250001
0.356535 0.22302 0.420446
0.594523 0.405477 0
0.471471 0.0950528 0.433476
0.216896 0.533103 0.250001
0.0745287 0.320704 0.604768
0.256725 0.743275 0
0.297008 0 0.702992
0.213598 0.139468 0.646935
0.406305 0.593695 0
0.361852 0.0884936 0.549655
0.963577 0.0364227 0
0.151258 0.278414 0.570328
0.108782 0.363617 0.5276
0.44391 0.55609 0
0.319045 0.308652 0.372303
0.405366 0 0.594634
0.092116 0.491122 0.416762
0.118487 0.0391327 0.84238
0.396681 0.268617 0.334702
0.0342695 0.091812 0.873918
0.18315 0 0.81685
0.706716 0.293284 0
0.0874661 0.120071 0.792463
0.149514 0.600486 0.250001
0 0.257257 0.742743
0.0832909 0 0.916709
0.0295209 0.286238 0.684241
0.743726 0.256274 0
0.109374 0.544919 0.345707
4.16333e-17 0.749999 0.250001
0.438966 0.0405982 0.520436
0.666036 0.083963 0.250001
0.276598 0.26678 0.456622
0.505186 0 0.494814
0.780426 0.219574 0
0.437749 0.312251 0.250001
5.76525e-17 1 0
0.129807 0.166592 0.703602
0.542036 0.0640472 0.393916
0.366426 0.353265 0.280309
0.254768 0.466352 0.27888
0.0206488 0.408173 0.571178
0.556959 0.443041 0
0.508669 0.150693 0.340638
0.519275 0.480725 0
0.632014 0.367986 0
0.396939 0.135295 0.467766
0.224258 0.0201081 0.755634
0 0.664307 0.335693
0.280523 0.3877 0.331777
0 0.549918 0.450082
0.0363945 0.963606 0
0 0 1
0 0.360001 0.639999
0.182912 0.817088 0
0.237662 0.224713 0.537626
0.541759 0.20824 0.250001
0.0448302 0.196185 0.758985
0.317521 0.178136 0.504343
0.817092 0.182908 0
0.749999 0 0.250001
0.193634 0.314081 0.492285
0.0267161 0.590284 0.383
0.434954 0.184774 0.380272
0.572545 0 0.427455
0.890466 0.109534 0
0.0728966 0.927103 0
0.331395 0.668605 0
0.368871 0.631129 0
0.853854 0.146146 0
