0.75 0 0.25
0.546733 0.0788627 0.374404
0.301857 0.0519566 0.646186
0.0304034 0.688989 0.280607
1 0 0
7.78897e-18 0.2823 0.7177
0.0251857 0.573754 0.401061
0.585725 0.414275 0
0.0659921 0.135592 0.798416
0.130096 0.29254 0.577364
0.59674 0.118707 0.284553
0.24763 0.408042 0.344328
0.62357 0.37643 0
0.239392 0.185902 0.574706
0.0796309 0.920369 0
0.145944 0.0963944 0.757662
0.237623 0.762377 0
0.0398466 0.960153 0
0.214027 0.357014 0.428959
0.479882 0.225541 0.294576
0.298735 0.451265 0.25
0.198337 0.801663 0
0.3263 0 0.6737
0.160473 0.573705 0.265822
0.321664 0.250951 0.427385
0.222275 0.0705342 0.70719
0.200966 0.48425 0.314784
0.285765 0.323593 0.390641
0.0428575 0.0208372 0.936305
0.272339 0.114976 0.612686
0.315977 0.684023 0
0.11933 0.88067 0
0.123578 0.410563 0.465859
0.0882578 0.0666227 0.845119
0.322202 0.373588 0.304209
0.0573857 0.32624 0.616375
0.421345 0.201561 0.377093
0.667016 0.0829842 0.25
0.547572 0.452428 0
0.165191 0.44376 0.391049
0.559955 0.190045 0.25
0.774429 0.225571 0
2.57099e-17 0.530386 0.469614
1.75359e-17 1 0
0.510243 0.0309817 0.458775
0.0802804 0.251314 0.668406
0.699182 0.300818 0
0.393709 0.606291 0
0.10516 0.64484 0.25
0.812021 0.187979 0
0.0241309 0.216391 0.759478
0.419954 0.0872301 0.492816
0.887168 0.112832 0
0.211418 0.263075 0.525507
1.77898e-17 0.644764 0.355236
0.924798 0.0752015 0
2.66133e-18 0.0964559 0.903544
0.172782 0.330312 0.496906
0 0.168415 0.831585
0.432441 0.567559 0
0.28207 0.22507 0.492859
0.190655 0.14418 0.665165
0.736857 0.263143 0
0.661449 0.338551 0
0.24982 0 0.75018
0.160572 0.219034 0.620394
0.625416 0.0315264 0.343058
0.180318 0.0122192 0.807463
0.366102 0.0676808 0.566217
0.404175 0.303902 0.291923
0.325869 0.143434 0.530697
0.11918 0.528725 0.352094
0.582597 0 0.417403
0.470988 0.529012 0
3.71063e-17 1.84049e-17 1
0.46737 0.28263 0.25
0.374322 0.170585 0.455092
0.276811 0.723189 0
0.509448 0.490552 0
0.46375 0.119633 0.416618
0.110465 0.176537 0.712998
0.849592 0.150408 0
0.0753411 0.603855 0.320804
0.354845 0.645155 0
0.228817 0.521183 0.25
0.689266 0 0.310734
0.118464 0 0.881536
0.0808604 0.490528 0.428611
0.08498 0.374793 0.540227
0 0.353539 0.646461
7.4509e-18 0.424895 0.575105
0.0324747 0.459379 0.508146
0 0.75 0.25
0.472763 0 0.527237
0.382875 0.367125 0.25
0.158896 0.841104 0
0.402711 0 0.597289
0.962432 0.0375683 0
0.51069 0.153829 0.335481
0.367917 0.276946 0.355137
