0.342749 0.407251 0.25
0.473801 0.526199 0
0.175164 0.570247 0.254589
0.075593 0.16915 0.755257
0.589258 0.410742 0
0.512281 0.487719 0
2.68302e-17 0.476409 0.523591
0.0802187 0.919781 0
0.456065 0.293935 0.25
0.344594 0.291207 0.364198
0.0867987 0.353524 0.559677
0.778039 0.221961 0
0.138213 0.0743958 0.787391
0.387671 0.212318 0.40001
0.208364 0.0993864 0.69225
0.554843 0.154726 0.29043
0.815105 0.184895 0
0.309101 0 0.690899
0.434965 0.565035 0
0.258053 0.207792 0.534155
0.169831 0.311554 0.518615
1.36857e-17 0.547506 0.452494
0.683927 0.058954 0.257119
0 0.345158 0.654842
0.550902 0.449098 0
0.104228 0.0243724 0.8714
0.612929 0 0.387071
0.0636645 0.303984 0.632351
0 0.75 0.25
0.396111 0.603889 0
0.75 0 0.25
0.0637679 0.106519 0.829713
0.547272 0.0218802 0.430847
0.0803751 0.607237 0.312388
0.463457 0.063927 0.472616
1 0 0
0.852335 0.147665 0
0.588527 0.0748319 0.336641
0.357057 0.642943 0
0.0653198 0.453559 0.481121
0.926388 0.0736117 0
0.0954817 0.499283 0.405235
0.345372 0.167484 0.487144
0.278722 0.721278 0
0.23728 0.156612 0.606108
0.510619 0.10434 0.385041
0.386828 0.337556 0.275615
0.240682 0.509318 0.25
0.0401208 0.959879 0
0.427713 0.253947 0.31834
0.14507 0.263848 0.591082
0.889361 0.110639 0
0.963199 0.036801 0
0.00270792 0.0761606 0.921131
0.277563 0.0719482 0.650489
0.145421 0.137317 0.717262
0.236428 0.0152428 0.748329
0.12018 0.87982 0
0.306897 0.245709 0.447394
0.270513 0.442043 0.287445
0.525854 0.224146 0.25
0.00921938 0.406102 0.584679
0.0941311 0.226812 0.679057
1.62381e-17 0.649617 0.350383
0.199714 0.800286 0
5.63176e-17 1 0
0.627268 0.372732 0
0.239332 0.760668 0
0.151764 0.419073 0.429163
0.7407 0.2593 0
0.702652 0.297348 0
0.229092 0.2825 0.488408
0.303031 0.365026 0.331943
0.160004 0.839996 0
0.223219 0.394022 0.382759
0.427328 0.137693 0.434979
0.389213 0.0845 0.526287
0.0360242 0.578307 0.385669
0.173862 0.19213 0.634008
0 0.273872 0.726128
0.107165 0.642835 0.25
0.358016 0.0254582 0.616526
0 0.145156 0.854844
0.625047 0.124953 0.25
0.122607 0.383809 0.493584
0.179411 0 0.820589
0.186816 0.468661 0.344523
0.135765 0.537075 0.327161
0.313587 0.117188 0.569226
0.425301 0 0.574699
0.670507 0.00641267 0.32308
0.0640852 0 0.935915
0.255617 0.326942 0.417441
0.0333264 0.690024 0.276649
0.473461 0.18101 0.345529
0.497546 0 0.502454
0.318147 0.681853 0
0.00602021 0.20864 0.785339
8.74881e-17 7.90454e-17 1
0.665313 0.334687 0
