0.371607 0.111758 0.516636
0.692234 0 0.307766
0.486012 0.115418 0.39857
0.149361 0.600639 0.25
0.156102 0.843898 0
0.0266355 0.12929 0.844075
0.0991855 0.0900717 0.810743
0 0.309707 0.690293
0.0973242 0.448103 0.454573
0 0.552542 0.447458
0.247153 0.464873 0.287974
0.221215 0.33655 0.442234
0.55231 0.44769 0
0.291337 0.157911 0.550753
0.518894 0.166114 0.314992
0.630238 0.0382041 0.331558
0 0.66586 0.33414
0.288597 0.279539 0.431864
0.352786 0.647214 0
0.313283 0.686717 0
0.234553 0.765447 0
0.415013 0.0219515 0.563035
0.056223 0 0.943777
0.451811 0.198827 0.349362
0.177628 0.288737 0.533635
0.330226 0.195961 0.473813
0.369131 0.2342 0.396669
0.147022 0.370993 0.481986
0 0.4407 0.5593
0.254167 0 0.745833
0.432229 0.567771 0
0.528571 0.0269911 0.444437
0.75 0 0.25
0.330715 0.0756121 0.593673
0.0792383 0.627636 0.293126
0.673495 0.326505 0
0.545647 0.204353 0.25
0.317853 0.432147 0.25
0.0389318 0.961068 0
0.0237374 0.490625 0.485638
0.217404 0.532596 0.25
0.138294 0.242536 0.61917
0.355584 0.340083 0.304333
0.116935 0.883065 0
0.48456 0 0.51544
0.0798684 0.0386118 0.88152
0 0.192477 0.807523
0.197378 0.420179 0.382443
0.214031 0.201336 0.584634
0 1 0
0.315043 0.314066 0.370891
1 0 0
0.150512 0 0.849488
0.392442 0.607558 0
0.0113649 0.369465 0.61917
0.253366 0.115864 0.63077
0.877332 0.122668 0
0.0914519 0.199719 0.708829
0.47214 0.52786 0
0.512116 0.487884 0
0.633062 0.366938 0
0.0678681 0.402135 0.529997
0.0183906 0.236683 0.744927
0.211952 0.0807853 0.707263
0.754725 0.245275 0
0.182697 0.0337753 0.783527
0.273999 0.726001 0
0.296944 0.0259571 0.677099
0.918241 0.0817592 0
0.127082 0.12675 0.746168
0.79551 0.20449 0
0.447193 0.0751412 0.477666
0.470739 0.279261 0.25
0 0.75 0.25
0.836404 0.163596 0
0.592529 0.407471 0
0.0779335 0.922066 0
0.959123 0.040877 0
0.668014 0.081986 0.25
0.394279 0.355721 0.25
0.601067 0.130112 0.26882
0.412378 0.266662 0.32096
0.272637 0.386585 0.340778
0.195246 0.804754 0
0.0658225 0.279709 0.654468
0.558725 0.0837667 0.357508
0.367263 0 0.632737
0.40934 0.156045 0.434614
4.82055e-17 9.05723e-17 1
0.0995303 0.32689 0.573579
0.595586 0 0.404414
0.714039 0.285961 0
0.0576202 0.69238 0.25
0.172935 0.506718 0.320347
0.172442 0.161791 0.665767
0 0.0834794 0.916521
0.0235536 0.592913 0.383533
0.09644 0.554201 0.349359
0.251399 0.24351 0.505092
0.123494 0.480247 0.396259
