0 0.623181 0.376819
0.279616 0.409799 0.310585
0.137018 0.154936 0.708046
3.07438e-17 0.75 0.25
0.168992 0.269424 0.561584
0.0368969 0.963103 0
0.534032 0.146842 0.319126
0.293327 0.706673 0
0 0.0752593 0.924741
0.672866 0 0.327134
0.567796 0.182204 0.25
0.209742 0.312791 0.477467
0.606959 0.00199244 0.391049
0.402066 0.597934 0
0.846813 0.153187 0
0.39116 0.24349 0.36535
0.161716 0 0.838284
0.220508 0.779492 0
0.0741178 0.591648 0.334234
0.547751 0.452249 0
0.695941 0.304059 0
0 0.560452 0.439548
0.438241 0.561759 0
0.349565 0.327709 0.322726
0.295616 0.14964 0.554744
0.321839 0.0762201 0.601941
0.685527 0.0644729 0.25
0.474483 0.525517 0
0.233893 0.516107 0.25
0.421569 0.150438 0.427994
0.492172 0.239176 0.268652
0.770975 0.229025 0
0.458017 0 0.541983
0.460039 0.196014 0.343947
0.365836 0.634164 0
0.196985 0.467078 0.335937
0.0656114 0.684389 0.25
0.314158 0.291719 0.394123
0.75 0 0.25
0.240575 0.110842 0.648582
0.50144 0.0997323 0.398828
0.399729 0.0328939 0.567377
0.584535 0.415465 0
0.808778 0.191222 0
0.0865597 0.421024 0.492416
0.0627334 0.1873 0.749967
0.284709 0.266292 0.448999
0 0.150548 0.849452
0.329595 0.670405 0
0.34119 0.192369 0.466441
0.148993 0.0623009 0.788706
0.578195 0.067791 0.354014
0.0775084 0.312803 0.609689
0.0616935 0.0578309 0.880476
0.658786 0.341214 0
0.175518 0.387899 0.436584
0.37927 0.37073 0.25
0.147409 0.852591 0
0.511073 0.488927 0
0.256983 0.743017 0
1 0 0
0.250721 0.227359 0.521919
0.620607 0.10654 0.272853
1.44433e-17 0.352346 0.647654
0.923376 0.0766242 0
0.467762 0.056457 0.475781
1.89612e-17 0.462562 0.537438
0.0808192 0 0.919181
0.885091 0.114909 0
0.239882 0 0.760118
0.543034 0 0.456966
0.153281 0.209431 0.637288
0.161425 0.550504 0.288071
0.378741 0.109657 0.511602
0.284366 0.0249157 0.690718
0.0738138 0.926186 0
3.47516e-17 7.62707e-17 1
0.733323 0.266677 0
0.0899109 0.241817 0.668272
9.15009e-18 0.223218 0.776782
0 1 0
0.621709 0.378291 0
0.355778 0 0.644222
0.192843 0.0831068 0.72405
0.0414967 0.495189 0.463315
0.137882 0.451598 0.41052
0.0850387 0.107798 0.807163
0.100406 0.522483 0.377111
0.961668 0.0383318 0
0.0110725 0.283695 0.705233
0.110733 0.889267 0
0.12443 0.348262 0.527308
0.131252 0.618748 0.25
0.0138847 0.671588 0.314527
0.306544 0.443456 0.25
0.446622 0.303378 0.25
0.249735 0.368831 0.381434
0.0302932 0.393498 0.576209
0.216614 0.18111 0.602276
0.183982 0.816018 0
