0.16987 0.323881 0.50625
0.563996 0.181469 0.254535
0.269823 0 0.730177
0.153819 0.12471 0.72147
0.419994 0.193284 0.386722
0.0184042 0.354495 0.627101
0.497129 0.252871 0.25
0.374736 0.0383482 0.586915
0.0651568 0.274167 0.660676
0.0884763 0.485941 0.425582
0.0385341 0.561784 0.399682
0.224274 0.484112 0.291614
0.354527 0.645473 0
0.674655 0.325345 0
0.199121 0.550879 0.25
0.186108 0.172786 0.641106
8.99696e-18 0.422205 0.577795
0.0784966 0.921503 0
0.379959 0.274397 0.345644
0.136916 0.521246 0.341837
2.13095e-17 1 0
0.0325723 0.459981 0.507447
6.16441e-19 1.10406e-16 1
4.85239e-18 0.227711 0.772289
0.755509 0.244491 0
0.0889974 0.591372 0.319631
0.75 0 0.25
0.513899 0.486101 0
0.58421 0.0329665 0.382824
0.163286 0 0.836714
0.473973 0.526027 0
0.356022 0 0.643978
1.69797e-18 0.0796817 0.920318
0.0392224 0.960778 0
0.226617 0.0881321 0.685251
0.0915012 0.0330247 0.875474
0.634381 0.365619 0
0.202614 0.0308141 0.766572
0.594218 0.405782 0
1 0 0
0 0.528904 0.471096
0.330995 0.111852 0.557153
0.46541 0.220118 0.314472
0.104213 0.208208 0.687579
0.37073 0.158549 0.470721
0.394138 0.605862 0
0.258982 0.140807 0.600211
0.110293 0.310398 0.579309
0.117757 0.882243 0
0.636699 0.113301 0.25
0.367798 0.382202 0.25
0.149514 0.247591 0.602895
0.551515 0 0.448485
0.125254 0.0805911 0.794155
0.510374 0.0849213 0.404704
0.314881 0.685119 0
0.0732634 0.672139 0.254597
0 0.75 0.25
0.448265 0 0.551735
0.715185 0.284815 0
0.296145 0.453855 0.25
0.211863 0.362826 0.425311
0.235762 0.764238 0
0.251715 0.277656 0.470629
0.15699 0.84301 0
0.426167 0.312146 0.261687
0.174869 0.444349 0.380782
0.135904 0.614096 0.25
0.654382 0 0.345618
0.275352 0.724648 0
0.601473 0.0855892 0.312938
0.334784 0.236971 0.428245
0.256061 0.403429 0.340511
0.522628 0.139579 0.337793
0.959037 0.0409628 0
6.40488e-18 0.300565 0.699435
0.448493 0.122723 0.428783
0.0789691 0.380494 0.540537
0.0735594 0.171822 0.754618
0.553882 0.446118 0
0.409005 0.0812066 0.509788
0.00853616 0.685344 0.30612
0.0605643 0 0.939436
0.0561792 0.11556 0.82826
0.433987 0.566013 0
0.218818 0.22845 0.552732
0.293106 0.317459 0.389435
0.688561 0.0395109 0.271928
0.196387 0.803613 0
0.877348 0.122652 0
0.332567 0.354393 0.31304
0.918118 0.0818816 0
0 0.629296 0.370704
0.293735 0.19344 0.512825
0.485469 0.0311329 0.483398
3.2752e-18 0.153697 0.846303
0.795988 0.204012 0
0.836658 0.163342 0
0.126949 0.408607 0.464445
0.296589 0.0509449 0.652466
