0.188608 0.011144 0.800248
0.346357 0.403643 0.25
0.0727267 0.23436 0.692913
0.15298 0.192491 0.654528
0.194962 0.35409 0.450948
0.25208 0 0.74792
0.0180293 0.321772 0.660198
0.452864 0.199264 0.347871
1.54169e-17 4.00942e-17 1
0.0126176 0.684192 0.30319
0.279105 0.309124 0.411771
0.241953 0.758047 0
0.241386 0.508614 0.25
0.563069 0.436931 0
6.43126e-19 0.627797 0.372203
0.311473 0.123613 0.564914
9.42331e-18 0.269115 0.730885
0.197106 0.105657 0.697237
0.478552 0.271448 0.25
0.235021 0.273907 0.491072
0.309435 0.00578126 0.684784
0.110012 0.396687 0.493302
0.350459 0.0581575 0.591383
0.190709 0.235972 0.573319
0.633751 0 0.366249
0.0724839 0.355216 0.572301
0.140789 0.609211 0.25
1.57147e-19 0.153401 0.846599
0.444105 0.00705197 0.548843
0.545131 0.140277 0.314591
0.595829 0.0701633 0.334008
0.686691 0.0215959 0.291713
4.02147e-19 0.392562 0.607438
0.136283 0 0.863717
0.412468 0.337532 0.25
0.0822152 0.107417 0.810367
0.682827 0.317173 0
2.05121e-17 1 0
0.0451424 0.0758816 0.878976
0.505041 0.109461 0.385498
0.114628 0.515781 0.36959
0.512708 0 0.487292
0.841678 0.158322 0
0.603044 0.396956 0
0.0732739 0.0011751 0.925551
0.231279 0.155713 0.613007
0.28 0.437346 0.282654
0.271034 0.0767934 0.652173
0.470945 0.0719835 0.457072
0.282198 0.717802 0
0.523074 0.476926 0
0.111544 0.155289 0.733167
0.107518 0.276961 0.615521
0.198114 0.470443 0.331443
0.0208863 0.442086 0.537028
0.75 0 0.25
7.68314e-19 0.75 0.25
0.155832 0.0745933 0.769575
0.320385 0.226746 0.452868
0.239385 0.391668 0.368947
0.152533 0.31532 0.532147
0.318874 0.348801 0.332325
0.024934 0.558588 0.416478
0.0242589 0.197498 0.778243
0.0766984 0.593029 0.330272
6.32982e-20 0.0617894 0.938211
0.402745 0.597255 0
0.802035 0.197965 0
0.201683 0.798317 0
0.36122 0.15181 0.48697
0.363879 0.254809 0.381312
5.25092e-19 0.512575 0.487425
0.121066 0.878934 0
0.0815294 0.668471 0.25
0.643022 0.356978 0
0.27317 0.196523 0.530306
0.415089 0.165743 0.419168
1 0 0
0.322397 0.677603 0
0.401714 0.0875314 0.510755
0.653781 0.0962189 0.25
0.881343 0.118657 0
0.561013 0.0203109 0.418676
0.161409 0.838591 0
0.0403521 0.959648 0
0.0752283 0.474719 0.450053
0.0807032 0.919297 0
0.167409 0.547357 0.285234
0.362576 0.637424 0
0.920928 0.0790718 0
0.510169 0.215436 0.274396
0.583624 0.166376 0.25
0.155799 0.433325 0.410875
0.960493 0.0395072 0
0.39457 0.292845 0.312585
0.483033 0.516967 0
0.76238 0.23762 0
0.442891 0.557109 0
0.722634 0.277366 0
0.380607 0 0.619393
