0.00855947 0.502614 0.488827
0.213189 0.283529 0.503282
0.959976 0.0400244 0
0 0.368516 0.631484
0.119855 0.28734 0.592805
0.396916 0.603084 0
0.0394713 0.960529 0
0 1 0
2.14814e-17 0.442257 0.557743
0.237666 0.762334 0
0.142049 0.336168 0.521783
0.340287 0.387758 0.271955
0.452521 0.0172215 0.530257
0.118442 0.881558 0
0.290201 0.235269 0.47453
0.571427 0.178573 0.25
0.919969 0.0800312 0
0.0337548 0.227788 0.738458
0.317017 0.682983 0
0.449857 0.268107 0.282037
0.293975 0.456025 0.25
0.36623 0.0711994 0.562571
0.0528816 0.333885 0.613234
0.0856273 0.438613 0.47576
0.257094 0.414846 0.32806
0.32994 0.0191798 0.650881
0.0653381 0.0535837 0.881078
0.543511 0.0899546 0.366535
0.63837 0.36163 0
3.59167e-18 0.0739449 0.926055
0.399549 0 0.600451
0.625273 0.0353575 0.339369
0.189813 0.436964 0.373223
0.839763 0.160237 0
0.225015 0.495391 0.279594
0.208274 0.15296 0.638766
0.185052 0.564948 0.25
0.368943 0.305626 0.325431
0.0205906 0.127461 0.851948
0.493887 0.064477 0.441636
0.372765 0.186616 0.440619
9.11435e-17 1.98788e-17 1
1 0 0
0.081653 0.151839 0.766508
0.197818 0.802182 0
0.511955 0.238045 0.25
0.144761 0.520999 0.33424
0.128755 0.187748 0.683497
0.0371656 0.687496 0.275339
0.16616 0.108193 0.725647
0.520981 0 0.479019
0.678794 0.321206 0
0.414385 0.223963 0.361652
0.413301 0.102656 0.484043
0.43694 0.56306 0
0.166448 0.384326 0.449226
0.289102 0.107873 0.603025
0.254389 0.192082 0.553529
0.0789625 0.921037 0
0.477033 0.522967 0
0.356841 0.643159 0
0.0689911 0.388626 0.542383
0.591158 0 0.408842
0.242951 0.327542 0.429507
0.183047 0.234031 0.582922
0.331068 0.150202 0.51873
0.454864 0.141361 0.403775
0.278118 0 0.721882
0.719104 0.280896 0
0.086701 0.599195 0.314104
0.0837335 0.256108 0.660159
0.498567 0.172666 0.328767
0.288379 0.350661 0.360961
0.517323 0.482677 0
0.0796289 9.72464e-17 0.920371
0.328614 0.270054 0.401332
0.409309 0.340691 0.25
0.59799 0.40201 0
0.879954 0.120046 0
9.34747e-18 0.192445 0.807555
0.0620963 0.550203 0.387701
0.159379 0 0.840621
0 0.75 0.25
0.116868 0.0777229 0.805409
0.207115 0.0218073 0.771078
0.108557 0.478684 0.412759
0.557684 0.442316 0
0.799524 0.200476 0
0.690289 0 0.309711
0.594239 0.116722 0.289039
0.111437 0.638563 0.25
0.277415 0.722585 0
2.79762e-17 0.575971 0.424029
3.15869e-17 0.650307 0.349693
0.158064 0.841936 0
0.759348 0.240652 0
0.668246 0.0817543 0.25
0.24408 0.0729294 0.682991
0.75 0 0.25
0 0.294777 0.705223
