0.237903 0.315535 0.446561
0.353868 0.192233 0.453899
0.0724192 0.322643 0.604937
0.0899591 0.580635 0.329406
0.16908 0.0648363 0.766084
0.0180209 0.485271 0.496708
0.154579 0.358732 0.486688
0.570758 0.028625 0.400616
0.29996 0.70004 0
0.158316 0.237402 0.604282
0.412509 0.587491 0
0.04863 0.0886313 0.862739
0.855135 0.144865 0
0.104235 0.221216 0.674549
0.225465 0.449674 0.32486
0 0.624391 0.375609
2.23009e-17 3.32102e-17 1
0.448092 0.275281 0.276626
0.308092 0.441908 0.25
0.927672 0.0723282 0
0.387291 0 0.612709
0.224844 0.775156 0
0.190386 0.403533 0.406082
0.891447 0.108553 0
0.066585 0.526825 0.40659
0.285811 0.222137 0.492052
0.277613 0.110499 0.611888
0.253357 0.18345 0.563193
0 0.554058 0.445942
0 0.431133 0.568867
0.963858 0.0361421 0
0.0681375 0.399268 0.532595
0.33753 0.66247 0
0.0374133 0.962587 0
0.112324 0.887676 0
0.323635 0 0.676365
0 0.0742132 0.925787
0.360875 0.308957 0.330168
0.375065 0.624935 0
0.436131 0.152046 0.411823
0.688105 0.0331738 0.278721
0.519561 0.230439 0.25
0.274414 0.360617 0.364969
0.417193 0.0466922 0.536115
0.745605 0.254395 0
0.449962 0.550038 0
0.405264 0.344736 0.25
1 0 0
0.0669573 0 0.933043
0.524293 0.475707 0
0.206537 0.269334 0.524128
0.818745 0.181255 0
0.0689252 0.681075 0.25
0.635412 0.364588 0
0.176492 0.540584 0.282924
0.242969 0.507031 0.25
0.477115 0.0760916 0.446793
0.149852 0.850148 0
0.64098 0.10902 0.25
0.0189901 0.667032 0.313978
0.708945 0.291055 0
0.139189 0.141074 0.719738
0.376518 0.123075 0.500407
0.0501808 0.185585 0.764234
0 0.358902 0.641098
0.259311 0.00904755 0.731642
0.341671 0.0790864 0.579242
0.48123 0.191048 0.327722
0.137857 0.612143 0.25
0 0.252659 0.747341
0.672223 0.327777 0
0.120517 0.013496 0.865987
0.194091 0 0.805909
0.193175 0.163667 0.643158
0.601403 0.0765158 0.322081
0.474345 0 0.525655
0.0748726 0.925127 0
0.327916 0.384445 0.28764
0.317303 0.274035 0.408662
0.0289821 0.283622 0.687396
0 0.75 0.25
0.782185 0.217815 0
0.400685 0.232044 0.367271
0.228342 0.083386 0.688273
0.536597 0 0.463403
0.105741 0.444077 0.450182
0.144585 0.49036 0.365055
0.598466 0.401534 0
0.187347 0.812653 0
0.487196 0.512804 0
0 1 0
0.0966185 0.103945 0.799436
0 0.162993 0.837007
0.561295 0.438705 0
0.130461 0.305598 0.563941
0.523006 0.113204 0.36379
0.645414 0 0.354586
0.262401 0.737599 0
0.568602 0.160347 0.271051
0.75 0 0.25
