0.237707 0.159557 0.602736
0.0607774 0 0.939223
0.455023 0.0787393 0.466237
0.130238 0.0704605 0.799301
0.257717 0.258335 0.483948
0.377773 0.372227 0.250001
0.0995696 0.454221 0.44621
0.141641 0.371494 0.486865
0.747598 0.252402 0
0.50278 0.49722 0
0.584031 0.415969 0
0.70605 0.29395 0
3.13033e-18 0.150376 0.849624
0.222393 0.336194 0.441412
0.332026 0.204727 0.463246
0.140966 0.609033 0.250001
0 0.437777 0.562223
0.543271 0.456729 0
0 0.749999 0.250001
0.0997946 0.579078 0.321128
0.691067 0 0.308933
0.0126871 0.496085 0.491228
0.104017 0.178799 0.717184
0.152069 0.847931 0
0.413989 0.158955 0.427056
0.345028 0.654972 0
0.381625 0 0.618375
0.443366 0.301454 0.25518
0.749999 0 0.250001
0.957754 0.0422456 0
0.672485 0.0775142 0.250001
0.624507 0.375493 0
0.293287 0.171013 0.535701
0.0965212 0.0266748 0.876804
0.365005 0.236486 0.398508
0.0196742 0.36549 0.614835
0.0700336 0.268452 0.661514
0.46294 0.53706 0
0.151195 0.104295 0.74451
0.113902 0.886098 0
0.22567 0.0609691 0.713361
0.665304 0.334696 0
0.342668 0.0749184 0.582413
0.375689 0.117702 0.506609
0.144268 0.49692 0.358813
8.32667e-17 1 0
0.602719 0 0.397281
0.267246 0.732754 0
0.0678503 0.53172 0.40043
0.831217 0.168783 0
0.203305 0.231729 0.564967
0.631397 0.0477294 0.320873
0.509004 0.240995 0.250001
0.565142 0.0890543 0.345804
0 0.567889 0.432111
0.228862 0.771138 0
0.188369 0.139452 0.672179
0.190475 0.809525 0
0.403832 0.270429 0.325738
0 0.685108 0.314892
0.49548 0 0.50452
0.306066 0.693934 0
0 0.318981 0.681019
0.101354 0.318566 0.58008
0.174215 0.296539 0.529246
0.384053 0.615947 0
0.186735 0.540762 0.272503
0.0653246 0.112298 0.822378
0.172101 0 0.827899
0.037872 0.962128 0
0.221404 0.455936 0.32266
0.180744 0.415481 0.403776
0.247473 0 0.752527
0.145987 0.219959 0.634054
1 0 0
0 0.252323 0.747677
0.0685391 0.403811 0.52765
0.493921 0.120809 0.38527
0.873312 0.126688 0
0.30455 0.304031 0.39142
0.604892 0.145107 0.250001
0.42559 0.0256174 0.548793
0.274191 0.0934995 0.63231
0.256521 0.493479 0.25
0.455941 0.199727 0.344332
0.536366 0.171073 0.29256
0.313589 0.00837193 0.678039
0.423402 0.576598 0
3.06736e-18 1.08104e-17 1
0.535815 0.0313778 0.432808
0 0.0801995 0.9198
0.789195 0.210805 0
0.0209703 0.619992 0.359037
0.307881 0.424335 0.267784
0.264151 0.380385 0.355464
0.345312 0.339579 0.315109
0.0306244 0.193088 0.776287
0.075923 0.924077 0
0.0738492 0.670207 0.255944
0.915618 0.0843824 0
