0.0390087 0.960991 0
0.52604 0 0.47396
0.272907 0.727093 0
0.0624798 0.155029 0.782491
0.090272 0.075987 0.833741
2.33353e-17 1 0
0.266596 0.204121 0.529283
0.375225 0 0.624775
0.924042 0.0759585 0
0.00830637 0.251041 0.740653
0.0841833 0.450971 0.464846
5.82651e-18 0.642046 0.357954
0.189907 0.345739 0.464354
0.116288 0.376747 0.506965
3.32448e-19 0.18944 0.81056
0.104502 0.326008 0.56949
0.427852 0.572148 0
0.810238 0.189762 0
0.144016 0 0.855984
0.543201 0.456799 0
0.350564 0.649436 0
0.214118 0.0763848 0.709498
0.160651 0.421623 0.417726
0.0352418 0.5637 0.401059
0.613432 0.11984 0.266728
0.287485 0.420474 0.292041
0.619836 0.380164 0
0.0780483 0.921952 0
1.26437e-17 0.541826 0.458174
0.42226 0.251023 0.326717
0.0778409 0.59549 0.326669
0.311088 0.245878 0.443034
0.667167 0.0160619 0.316771
0.156086 0.843914 0
0.658076 0.341924 0
0.682061 0.0679387 0.25
0.243592 0.381377 0.375031
0.88607 0.11393 0
0.462858 0.287142 0.25
0.138181 0.251568 0.610251
2.92825e-17 0.75 0.25
0.179605 0.570394 0.25
0.622187 0 0.377813
0.75 0 0.25
0.171836 0.163222 0.664942
0.466427 0.533573 0
1 0 0
0.962017 0.0379835 0
0.696147 0.303853 0
0.0655805 0.283496 0.650923
0.343663 0.17191 0.484427
0.0943591 0.204195 0.701446
0.0143264 0.0518108 0.933863
0.104409 0.645591 0.25
0.301626 0.018189 0.680185
0.375381 0.093728 0.530891
0.552359 0.0422673 0.405374
0.254704 0.495296 0.25
0.153025 0.539363 0.307613
0.137033 0.115129 0.747839
0.504842 0.495158 0
0.416797 0.145349 0.437854
0.389434 0.33575 0.274816
0.290262 0.141204 0.568534
0.386478 0.21881 0.394713
0.480162 0.095002 0.424836
0.734241 0.265759 0
0.0299581 0.686619 0.283423
0.505435 0.211802 0.282763
0.581536 0.418464 0
7.56632e-18 0.324244 0.675756
0.117076 0.882924 0
2.07134e-19 0.118032 0.881968
0.234057 0.765943 0
0.195076 0.804924 0
0.574905 0.0898903 0.335204
0.0805921 0.000764087 0.918644
0.439596 0.0599931 0.50041
8.85769e-17 1.29044e-17 1
0.389235 0.610765 0
0.179536 0.0297449 0.790719
0.565671 0.184329 0.25
0.772296 0.227704 0
0.215923 0.278102 0.505975
0.335091 0.0654571 0.599452
0.332791 0.318961 0.348248
0.848155 0.151845 0
0.202591 0.462046 0.335363
0.113535 0.504029 0.382436
1.00858e-17 0.432211 0.567789
0.45051 0 0.54949
0.31182 0.68818 0
0.0294658 0.370006 0.600528
0.250491 0.11217 0.637339
0.274393 0.306732 0.418875
0.352783 0.397217 0.25
0.486935 0.155112 0.357954
0.200665 0.215115 0.58422
0.0196366 0.477186 0.503177
0.251491 0 0.748509
