0.27681 0.14326 0.57993
0.151987 0.140118 0.707895
0.134867 0.527559 0.337574
0.37012 0.62988 0
0.0932983 0.490797 0.415904
1.04555e-17 0.283162 0.716838
2.71161e-18 0.0734374 0.926563
0.517448 0.482552 0
0.521552 0.139768 0.33868
0.49041 0 0.50959
0.0668538 0.44238 0.490766
0.488811 0.218608 0.292581
0.409923 0.318954 0.271124
0.145685 0.403949 0.450366
0.440023 0.182386 0.37759
0.111486 0.888514 0
0.00123074 0.210601 0.788169
0.14898 0.00447854 0.846541
0.75 0 0.25
0.0348314 0.688291 0.276877
0.569144 0 0.430856
0.330441 0.35275 0.316808
0.181961 0.453075 0.364965
0.0737189 0.173509 0.752772
0.0371816 0.962818 0
0.0806868 0.602511 0.316802
0.33333 0.66667 0
0.148605 0.851395 0
0.108116 0.357982 0.533901
0.236782 0.513218 0.25
0.0770924 0 0.922908
0.172446 0.56468 0.262874
1.99773e-17 0.541039 0.458961
0.34903 0 0.65097
0.88808 0.11192 0
0.665053 0.334947 0
0.0617826 0.0609653 0.877252
0.0555214 0.253442 0.691036
0.468626 0.281374 0.25
0.277602 0.0129427 0.709455
0 0.75 0.25
0.35685 0.39315 0.25
0.591191 0.408809 0
0.687186 0.0359681 0.276846
0.813508 0.186492 0
0.406911 0.593089 0
0.850831 0.149169 0
0.599174 0.0860321 0.314794
0.776319 0.223681 0
1 0 0
0.31572 0.183629 0.500651
0.739203 0.260797 0
0.0774895 0.309815 0.612696
0.222754 0.777246 0
0.122183 0.219114 0.658703
0.702062 0.297938 0
0.480542 0.519458 0
0.284722 0.449052 0.266226
0.0743681 0.925632 0
0.482773 0.0948637 0.422364
0.253786 0.407972 0.338243
0.188263 0.315311 0.496425
0.235506 0.0981225 0.666371
0.233372 0.227126 0.539501
0.362957 0.0975423 0.539501
0.259685 0.740315 0
0.268729 0.270116 0.461155
0.154632 0.268495 0.576873
1.31418e-17 0.355914 0.644086
0.223224 0.36041 0.416366
0.302682 0.31176 0.385558
0.647855 0 0.352145
0 0.470256 0.529744
3.69241e-17 1 0
0.219971 0 0.780029
0.35243 0.226057 0.421513
5.42946e-18 0.147044 0.852956
0.444295 0.06427 0.491435
0 0 1
0.0347142 0.573537 0.391749
0.29653 0.70347 0
0.564721 0.185279 0.25
0.10192 0.0971721 0.800908
0.962665 0.0373346 0
0.63892 0.11108 0.25
0.554316 0.445684 0
0 0.647111 0.352889
0.398263 0.14405 0.457686
0.0236845 0.400092 0.576223
0.443705 0.556295 0
0.414021 0.00627694 0.579702
0.11086 0.63914 0.25
0.185706 0.814294 0
0.628048 0.371952 0
0.5515 0.0579503 0.39055
0.183893 0.0657801 0.750327
0.390916 0.26365 0.345434
0.925366 0.0746343 0
0.316749 0.0660809 0.61717
0.197585 0.180955 0.62146
