0.319608 0.328521 0.351871
0.49988 0.25012 0.25
6.96127e-18 0.246214 0.753786
1.38778e-17 1 0
0.0765988 0.342083 0.581318
0.450891 0.20865 0.34046
0.428789 0.321211 0.25
0 0.0557065 0.944293
0.401404 0.284024 0.314572
0 0.576707 0.423293
0.212802 0.0710809 0.716117
0.346457 0.653543 0
0.491284 0.0241864 0.484529
0.42281 0.57719 0
0.234915 0.373813 0.391271
0.196429 0 0.803571
0.492744 0.124024 0.383232
0.450535 0 0.549465
0.0773247 0.922675 0
0.575369 0.424631 0
0.113262 0.636738 0.25
0.922228 0.0777716 0
0.0577997 0.544872 0.397328
0.498998 0.501002 0
0.167671 0.564721 0.267608
2.45627e-17 3.09484e-17 1
0.75 0 0.25
0.0926302 0.0936954 0.813674
0.269832 0.730168 0
4.18152e-18 0.147897 0.852103
0.630469 0.0803542 0.289177
0.30862 0.44138 0.25
0 0.75 0.25
0.0391995 0.174901 0.7859
0.598397 0.151603 0.25
0 0.650464 0.349536
0.239565 0.246564 0.513871
0.594142 0.0257718 0.380086
0.157798 0.293658 0.548544
0.0873206 0.201804 0.710875
0.131458 0.510759 0.357783
0.455006 0.0892648 0.455729
0.350983 0.0979176 0.5511
0.559461 0.0981366 0.342403
0.384629 0.615371 0
0.118037 0.382771 0.499191
0.278731 0.288828 0.432441
0.0831072 0 0.916893
0.200443 0.204961 0.594595
0.88345 0.11655 0
0.460909 0.539091 0
0.0352726 0.431278 0.533449
5.56194e-18 0.40078 0.59922
0.237708 0.512292 0.25
0.266733 0 0.733267
0.358693 0.372612 0.268696
4.68101e-18 0.337302 0.662698
0.390601 0.0231931 0.586206
0.0841015 0.466757 0.449141
0.135304 0.11523 0.749467
0.231474 0.768526 0
0.361775 0.246613 0.391612
0.537134 0.462866 0
0.242138 0.112948 0.644914
0.132645 0.0220789 0.845276
0.197046 0.334478 0.468476
0.338961 0 0.661039
0.530267 0.17994 0.289793
0.377824 0.127866 0.494309
0.308141 0.0665872 0.625272
0.320935 0.205083 0.473983
0.0384792 0.686847 0.274674
0.162022 0.425822 0.412156
0.154387 0.845613 0
0.165135 0.162138 0.672728
0.205815 0.476147 0.318038
0.11582 0.88418 0
0.652011 0.347989 0
1 0 0
0.556329 0 0.443671
0.844673 0.155327 0
0.043317 0.279191 0.677492
0.308165 0.691835 0
0.119705 0.251273 0.629022
0.192919 0.807081 0
0.693076 0.0569242 0.25
0.961112 0.0388878 0
0.0401116 0.077365 0.882523
0.408816 0.170875 0.42031
0.728847 0.271153 0
0.0387176 0.961282 0
0.61359 0.38641 0
0.690324 0.309676 0
0.666499 0 0.333501
0.767427 0.232573 0
0.27836 0.158761 0.562879
0.267114 0.407755 0.325131
0.0814715 0.596522 0.322007
1.42174e-17 0.502858 0.497142
0.806019 0.193981 0
