0.180862 0.403408 0.41573
0.749999 0 0.250001
0.68256 0.0493753 0.268065
0 0.647108 0.352892
0.173814 0 0.826186
0.0379893 0.689737 0.272274
0.432157 0.567843 0
0.359746 0.640254 0
0.235836 0.438428 0.325736
0.419797 0.107667 0.472536
0.46935 0.53065 0
0.73499 0.26501 0
0.506537 0.493463 0
0.0310222 0.968978 0
0.1451 0.760152 0.0981983
0.811358 0.188642 0
0.289369 0 0.710631
2.1749e-17 0.569884 0.430116
0.106403 0.553419 0.340178
0.0324091 0.247299 0.720292
0.090307 0.448033 0.46166
0.530984 0.153819 0.315196
0.633197 0.116802 0.25
0.658204 0.341796 0
0.282426 0.467574 0.25
0.143741 0.475935 0.380324
0.180131 0.515018 0.304851
0 0.492643 0.507357
0.664536 0 0.335464
0 0.385229 0.614771
0.335068 0.0241743 0.640757
0.405829 0 0.594171
0.403913 0.285911 0.310176
0 0.316765 0.683235
0 0 1
0.202431 0.159553 0.638016
0.0858496 0.280131 0.63402
0.168902 0.115391 0.715707
0.395946 0.604054 0
0.332315 0.334891 0.332794
0.286517 0.113837 0.599646
0.849244 0.150756 0
0.324306 0.15472 0.520974
0.187543 0.812457 0
0.924955 0.0750445 0
0.887231 0.112769 0
0.218934 0.0235561 0.75751
0.120319 0.200219 0.679462
0.619788 0.380212 0
0 0.75 0.25
0.222389 0.325445 0.452166
0.363705 0.187531 0.448763
0.562153 0.187847 0.250001
0.180416 0.289936 0.529648
0.238413 0.200143 0.561445
0.492295 0.250129 0.257576
0.367382 0.0771597 0.555458
0.254036 0.745964 0
0.0590889 0.109246 0.831665
8.32667e-17 1 0
0.323818 0.676182 0
0.305655 0.281402 0.412943
0.118706 0.631293 0.250001
0.448968 0.0323423 0.51869
0.38123 0.235834 0.382935
0.581955 0.418045 0
0.288587 0.711413 0
0.098685 0.0341509 0.867164
0.0713879 0.610657 0.317955
0 0.210183 0.789817
0.0601834 0.525747 0.414069
0.349672 0.395662 0.254665
1 0 0
0.129945 0.370797 0.499258
0.544152 0.455848 0
0.424824 0.325176 0.25
0.20081 0.54919 0.25
0.264665 0.368262 0.367072
0.0330119 0.423405 0.543583
0.476029 0.127555 0.396416
0.0752127 0.346005 0.578783
0.0837217 0.161135 0.755143
0.577899 0.0777607 0.34434
0.696571 0.303429 0
0.773006 0.226994 0
0.134697 0.0770072 0.788295
0.598888 0 0.401112
0.00199009 0.0645856 0.933424
0.113206 0.831664 0.0574838
0.248205 0.0763328 0.675463
0.272368 0.240434 0.487198
0.525548 0.0482069 0.426246
0.0745683 0 0.925432
0.0835913 0.894073 0.0230525
0.962413 0.0375866 0
0.155955 0.244728 0.599317
0 0.137158 0.862842
0.508529 0 0.491471
0.0620652 0.937935 0
0.451496 0.202209 0.346294
