0.239157 0.760843 0
0.0951867 0 0.904813
0.227083 0.103559 0.669359
0.510563 0.169967 0.31947
0.0837785 0.544492 0.371729
0.140017 0.367599 0.492383
3.7145e-17 0.689392 0.310608
0.600057 0.0188235 0.381119
0.464492 5.1569e-17 0.535508
0.0384068 0.32933 0.632264
0.311021 0.385261 0.303718
2.10038e-17 0.389819 0.610181
0.262624 0.147352 0.590024
0.0500691 0.40238 0.547551
0.0218647 0.155654 0.822481
0.52072 0.47928 0
0.399855 0.600145 0
0.159185 0.840815 0
0.215766 0.221061 0.563173
0.184056 0.0731964 0.742748
0.88113 0.11887 0
0.306171 0.443829 0.25
0.676139 7.50665e-17 0.323861
1.21198e-17 0.224937 0.775063
0.389621 0.360379 0.25
0.641616 0.358384 0
1.58891e-17 0.294894 0.705106
0.0912454 0.248009 0.660745
0.345353 0.310766 0.34388
0.111036 0.307117 0.581846
0.24538 0.451651 0.302969
0.359616 0.640384 0
0.0397463 0.960254 0
0.17985 0.286729 0.533421
0.16359 0.58641 0.25
0.0336963 0.515209 0.451095
0.162503 0 0.837497
0.257942 0.356153 0.385905
0.801678 0.198322 0
0.96041 0.0395897 0
0.20112 0.423248 0.375632
5.57222e-18 0.58403 0.41597
0.368766 0.229508 0.401726
0.218365 0.00870299 0.772932
0.282889 0 0.717111
0.419473 0.26806 0.312467
1 0 0
0.75 0 0.25
0.920821 0.0791786 0
0.027952 0.625776 0.346272
0.535043 0.214957 0.25
0.167015 0.506918 0.326067
0.141618 0.154429 0.703953
0.0234152 0.0369532 0.939632
0.502627 0.0374574 0.459916
0.561068 0.438932 0
0.30146 0.276135 0.422405
0.199199 0.800801 0
0.480417 0.519583 0
0.392796 0.154636 0.452568
0.597853 0.144814 0.257334
0.548625 0.0950468 0.356328
0.440133 0.559867 0
0.262163 0.251257 0.48658
0.68171 0.31829 0
0.761798 0.238202 0
0.721824 0.278176 0
0.128988 0.462459 0.408552
0.30603 0.0685801 0.62539
0.0666612 0.195462 0.737876
0.841408 0.158592 0
0.119311 0.880689 0
0.471978 0.118819 0.409203
0.170852 0.196875 0.632273
0.348564 0.107536 0.5439
0.426029 0.0776496 0.496322
0.108297 0.106483 0.785221
0.562645 0 0.437355
0.225684 0.524316 0.25
0.627899 0.0638042 0.308297
0.311366 0.184214 0.50442
0.319497 0.680503 0
0.105031 0.597631 0.297338
4.04106e-17 0.75 0.25
0.601342 0.398658 0
0.394416 0.0236697 0.581914
0.462342 0.287658 0.25
0.443824 0.198336 0.35784
0.279291 0.720709 0
0.0781344 0.671866 0.25
0.079486 0.920514 0
0 0.479272 0.520728
1.35034e-17 1 0
2.53015e-17 2.4541e-18 1
0.673161 0.0768394 0.25
0.350682 0 0.649318
1.03732e-18 0.108722 0.891278
0.214985 0.331173 0.453841
0.090417 0.436616 0.472967
0.0747672 0.0687814 0.856451
