0.692735 0.0572649 0.25
1 0 0
0.882527 0.117473 0
0.176049 0.185871 0.638081
0.136469 0.53512 0.328412
0.400894 0.322512 0.276594
0.0178849 0.136087 0.846028
0.167474 0.582526 0.25
1.91175e-17 0.595702 0.404298
0.0118675 0.392228 0.595905
0.374984 0 0.625016
0.200565 0.799435 0
0.109943 0 0.890057
0.472816 0.277184 0.25
0.59126 0.15874 0.25
0.76404 0.23596 0
0.75 0 0.25
0.0107823 0.524552 0.464666
0 0.75 0.25
0.264719 0.423199 0.312082
0.0704315 0.168332 0.761237
1.28737e-17 0.463823 0.536177
2.98039e-18 0.092869 0.907131
0.0399718 0.960028 0
0.843079 0.156921 0
0.390047 0.0843694 0.525583
0.120116 0.879884 0
0.291284 0.458716 0.25
0.093824 0.481989 0.424187
0.0947073 0.620619 0.284673
0.0892125 0.0857059 0.825082
0.281413 0.718587 0
0.0137279 0.262517 0.723755
0.139181 0.377842 0.482977
0.233948 0.167142 0.59891
0.960907 0.0390925 0
0.240916 0.759084 0
0.51429 0.0767399 0.40897
0.256011 0.0942067 0.649782
0.524293 0.475707 0
0.374592 0.212454 0.412954
0.186514 0.465642 0.347843
0.604667 0.395333 0
4.43343e-18 0.207403 0.792597
0.0966823 0.223545 0.679773
0.552961 0 0.447039
4.56005e-20 1.09242e-16 1
0.160313 0.839687 0
0.143234 0.145654 0.711112
0.479943 0.0305143 0.489542
0.0982469 0.343756 0.557997
0.362199 0.387801 0.25
0.184657 0.283237 0.532106
0 1 0
0.684658 0.315342 0
0.080073 0.919927 0
0.599644 0.0254104 0.374946
0.0662136 0.428628 0.505159
0.293195 0.268207 0.438598
0.0416079 0.024547 0.933845
0.30495 0.135403 0.559647
0.803702 0.196298 0
0.444673 0.173563 0.381764
0.497662 0.151748 0.35059
0.315604 0.349212 0.335184
0.0639033 0.568023 0.368073
0.36241 0.63759 0
0.166095 0.0854608 0.748444
0.345623 0.286421 0.367956
0.221864 0.513179 0.264957
0.306168 0 0.693832
0.644695 0.355305 0
0 0.668153 0.331847
0.237218 0.0426432 0.720139
0.0667681 0.299959 0.633273
0.921647 0.0783533 0
0.632126 0.0845371 0.283337
0.427748 0.245841 0.32641
0 0.333528 0.666472
0.444017 0 0.555983
0.667425 0 0.332575
0.321906 0.678094 0
0.562359 0.111637 0.326004
0.259111 0.225133 0.515755
0.564534 0.435466 0
0.522072 0.207364 0.270564
0.242149 0.37016 0.387691
0.216594 0.323033 0.460373
0.443475 0.556525 0
0.402981 0.597019 0
0.165243 0.422056 0.412701
0.724405 0.275595 0
0.145651 0.258891 0.595458
0.338157 0.0610921 0.600751
0.152203 0.0282968 0.8195
0.483909 0.516091 0
0.426297 0.119961 0.453742
0.214353 0 0.785647
0.340958 0.174083 0.484959
0.0628243 0.687176 0.25
