0.541594 0.17844 0.279966
0.429841 0.570159 0
0.273182 0 0.726818
0.0780205 0.414077 0.507902
0.159698 0.590302 0.25
0.165545 0.374368 0.460087
0.734954 0.265046 0
0.396819 0 0.603181
0.0689297 0.134976 0.796094
0.270703 0.295151 0.434147
0.0395796 0.96042 0
0 0.559794 0.440206
0.144392 0.0881854 0.767422
0.126183 0.448012 0.425805
0.628718 0 0.371282
0.545027 0.454973 0
0.0165728 0.384177 0.59925
0.0565252 0.207599 0.735876
0.196948 0.311165 0.491887
0.209196 0.0429794 0.747824
0.886651 0.113349 0
0.313621 0.686379 0
0.962228 0.0377719 0
0.583078 0.416922 0
7.31961e-18 0.170231 0.829769
0.0351341 0.0271524 0.937714
0.0311055 0.491958 0.476936
0.0667739 0.302771 0.630456
0.109175 0.343526 0.547299
0.343539 0.197701 0.45876
0 0.75 0.25
1.06605e-17 0.247929 0.752071
0.288684 0.211752 0.499564
0.157802 0.842198 0
0 0.100103 0.899897
0 1 0
0.303732 0.342129 0.354139
0.391408 0.608592 0
0.506689 0.493311 0
0.332178 0.00572216 0.6621
0.75 0 0.25
0.108025 0 0.891975
0.621069 0.378931 0
0 0 1
0 0.676562 0.323438
0.235884 0.764116 0
0.428024 0.321976 0.25
0.230077 0.519923 0.25
0.468312 0.531688 0
0.176665 0.479407 0.343928
0.498894 0.135724 0.365382
0.147044 0.269707 0.583249
0.501197 0.248803 0.25
0.65905 0.34095 0
0.295705 0.0702875 0.634008
0.133449 0.156716 0.709835
0.45274 0.213765 0.333495
0.611193 0.138807 0.25
0.49199 0 0.50801
0.125448 0.554604 0.319949
0.359297 0.25461 0.386093
0.0834637 0.521825 0.394711
0.0791086 0.920891 0
0.321999 0.428001 0.25
0.118594 0.881406 0
0.397278 0.288497 0.314225
0.196753 0.803247 0
0.0959162 0.236157 0.667926
0.66797 0.0204064 0.311624
0.0798415 0.670158 0.25
0.848735 0.151265 0
0.086742 0.0639766 0.849281
0.772909 0.227091 0
1 0 0
0.274759 0.725241 0
0.418171 0.168832 0.412997
0.373829 0.128979 0.497192
0.924453 0.0755471 0
0.180794 0.1907 0.628506
0.221268 0.394067 0.384665
0.352616 0.368784 0.2786
0.352547 0.647453 0
0.456757 0.0879475 0.455295
0.257827 0.44311 0.299063
1.40065e-17 0.325747 0.674253
0.180132 0 0.819868
0.696991 0.303009 0
0.810843 0.189157 0
0.259697 0.154696 0.585607
0.422276 0.0413868 0.536337
0.680592 0.0694082 0.25
2.50872e-17 0.45193 0.54807
0.337309 0.0987321 0.563959
0.583316 0.0890319 0.327652
0.221256 0.1053 0.673444
0.222097 0.237494 0.540409
0.0664283 0.630417 0.303155
0.0227475 0.602889 0.374364
0.560348 0 0.439652
0.532505 0.0608198 0.406675
