0.117547 0.101936 0.780517
9.49354e-18 0.40204 0.59796
0.0399593 0.960041 0
0.636497 0.363503 0
0.0753554 0.606052 0.318592
0.502028 0 0.497972
0.61211 0 0.38789
0.75 0 0.25
0.797261 0.202739 0
0.207325 0.297947 0.494728
0.257184 0.492816 0.25
0.436257 0.152133 0.41161
0.546997 0.0276191 0.425384
0.35813 0.64187 0
0.0340473 0.0266918 0.939261
0.182464 0.567536 0.25
0.516796 0.483204 0
0 0.330968 0.669032
0.239191 0.760809 0
0.0739032 0.180447 0.74565
0.374309 0 0.625691
0.477003 0.522997 0
0.246559 0.333319 0.420122
0.0214714 0.262262 0.716267
0.344466 0.065421 0.590113
0.159666 0.840334 0
0.596561 0.403439 0
0.13602 0.273101 0.590879
0.361635 0.322564 0.315801
0.120263 0.368315 0.511422
0.206245 0.417057 0.376699
0 0.101442 0.898558
0.286435 0.37379 0.339775
0.40452 0.240738 0.354742
0.432562 0.014478 0.55296
0.0684271 0.478137 0.453436
0.0323861 0.689319 0.278295
0.67647 0.32353 0
0.119815 0.880185 0
0.959324 0.0406762 0
0.0799289 0.920071 0
0.0110788 0.573842 0.415079
0.366752 0.201093 0.432156
0.0943905 0.538075 0.367534
0.199539 0.0686174 0.731844
0.0771185 0.0685504 0.854331
0.301617 0.00840138 0.689982
0.671141 0.00459454 0.324264
0.514608 0.112618 0.372775
0.278839 0.721161 0
0.0839534 0.347113 0.568933
0.478111 0.194139 0.32775
1 0 0
0.397735 0.602265 0
0.166855 0.0129505 0.820194
0.0301943 0.438015 0.531791
0.224969 0.185984 0.589047
0.318496 0.681504 0
5.08658e-18 0.215411 0.784589
9.3675e-17 9.71316e-23 1
0.108712 0 0.891288
0.756795 0.243205 0
0.164609 0.384141 0.45125
0.061772 0.301096 0.637132
0.683773 0.0579065 0.25832
0.437334 0.562666 0
0.133011 0.455105 0.411884
0.397957 0.352043 0.25
0.558236 0.16083 0.280934
0.111799 0.223427 0.664774
0.918684 0.0813163 0
0.209083 0.130678 0.660239
0.235726 0.457232 0.307042
0.556597 0.443403 0
0.590002 0.0760285 0.333969
0.389303 0.101458 0.509239
0.024291 0.147541 0.828168
0.83764 0.16236 0
0.281959 0.244876 0.473166
0.322917 0.28493 0.392154
0.329254 0.174911 0.495834
0.297244 0.143491 0.559265
1.20938e-17 0.512158 0.487842
0.199468 0.800532 0
0.44876 0.282076 0.269165
0.878175 0.121825 0
0.716479 0.283521 0
1.52263e-17 0.644817 0.355183
0.109169 0.640831 0.25
0.327484 0.418965 0.25355
0.149264 0.150673 0.700062
0.162327 0.508991 0.328681
9.41636e-17 1 0
1.77101e-17 0.75 0.25
0.625921 0.124079 0.25
0.192873 0.250454 0.556673
0.238452 0 0.761548
0.271591 0.089939 0.63847
0.46601 0.073949 0.460041
0.517895 0.232105 0.25
