0.396972 0.0643946 0.538633
0.317538 0.322689 0.359773
0.702164 0.297836 0
0.533788 0.0575996 0.408613
0.777601 0.222399 0
0.154744 0.206815 0.638441
0.511497 0.488503 0
0.0728522 0.184352 0.742796
0.105239 0.361113 0.533648
0.8521 0.1479 0
0.198872 0.801128 0
0.568324 0 0.431676
0.238571 0.761429 0
0.0571881 0.692812 0.25
0.0324263 0.411407 0.556167
0.261946 0.080632 0.657422
0.0795335 0.920467 0
0.20677 0.244268 0.548963
0.75 0 0.25
0.570154 0.179846 0.25
0.232557 0.362974 0.404469
0.664457 0.335543 0
0.106941 0 0.893059
0.642925 0 0.357075
0.20011 0.446386 0.353504
0.889145 0.110855 0
0.49422 0.00157768 0.504203
0.40463 0.170185 0.425184
0.151658 0.598342 0.25
0.53604 0.153539 0.310421
0.203841 0.0628445 0.733315
0.0763605 0.0708781 0.852761
0.169198 0.135784 0.695018
0.317065 0.432935 0.25
8.006e-18 0.290095 0.709905
0.497064 0.244208 0.258728
1.3363e-17 0.484204 0.515796
1 0 0
0.306794 0 0.693206
0.313939 0.106098 0.579962
0.311994 0.218899 0.469106
0.128378 0.285268 0.586355
0.119305 0.880695 0
0.685571 0.0313709 0.283058
0.644398 0.105602 0.25
0.0826622 0.629455 0.287883
0.365087 0.364144 0.270769
0 0 1
0.401221 0.280587 0.318192
0.0397364 0.960264 0
0.395407 0.604593 0
2.88308e-18 0.104468 0.895532
0.159146 0.840854 0
0.3599 0.139316 0.500784
0.814953 0.185047 0
0.0646331 0.518621 0.416746
0.234256 0 0.765744
1.84211e-17 0.667484 0.332516
0.277986 0.722014 0
0.449198 0.0880633 0.462739
0 1 0
0.184122 0.321115 0.494763
0.0319243 0.029454 0.938622
0.118798 0.103907 0.777295
6.10918e-18 0.221364 0.778636
0.96305 0.03695 0
0.117973 0.553644 0.328383
0.0235404 0.15175 0.824709
0.588624 0.411376 0
0.358144 0.247283 0.394573
0.213244 0.536756 0.25
0.926117 0.073883 0
0.0454109 0.319771 0.634818
0.136004 0.482428 0.381568
1.53612e-17 0.556609 0.443391
0.278394 0.397184 0.324422
0.156467 0.400847 0.442686
0.434086 0.565914 0
0.550014 0.449986 0
0.740008 0.259992 0
0.163621 0.0147867 0.821592
0.0832317 0.442524 0.474244
0.243155 0.477649 0.279196
0.0874093 0.23828 0.674311
0.0286337 0.598246 0.37312
0.449718 0.206013 0.344269
0.626713 0.373287 0
2.08167e-17 0.75 0.25
0.230458 0.158882 0.610661
1.05826e-17 0.383458 0.616542
0.277151 0.1886 0.534249
0.59097 0.078117 0.330913
0.490758 0.12724 0.382002
0.423878 0 0.576122
0.47283 0.52717 0
0.356432 0.643568 0
0.317161 0.682839 0
0.264621 0.288436 0.446943
0.353007 0.0219937 0.624999
0.435755 0.314245 0.25
