0.661663 0.338337 0
0.684143 0 0.315857
0.435309 0.157615 0.407076
0.326471 0.0201406 0.653389
0.133442 0.536177 0.330381
0.437168 0.517517 0.0468065
0.240371 0.0659343 0.693695
0 0.172358 0.827642
0.810791 0.189209 0
1.02856e-17 0.370579 0.629421
0.045993 0.0191009 0.934906
0.522466 0.477534 0
0.119057 0.630943 0.25
0.432529 0.293137 0.274334
0.273226 0.235626 0.491148
0.417378 0.573359 0.00972868
0.382746 0.617254 0
0.75 0 0.25
0.50279 0.24721 0.25
0.848224 0.151776 0
0.0887986 0.132725 0.778477
0.305449 0.694551 0
0.317521 0.154025 0.528455
0.625005 0.374995 0
0.671783 0.0702622 0.257955
0.310738 0.279386 0.409876
0.0476183 0.68782 0.264562
5.38001e-18 0.244044 0.755956
0.400143 0.11215 0.487707
0 0.663766 0.336234
0.102389 0.320724 0.576887
0.113799 0.886201 0
0.261238 0.36179 0.376972
0.229254 0.316224 0.454522
0.345321 0.325545 0.329134
0.961987 0.038013 0
0.548139 0.174734 0.277128
0.355499 0.197245 0.447256
0.0231361 0.537386 0.439478
0.189845 0.810155 0
2.33898e-18 0.0842706 0.915729
0.0790998 0.270005 0.650895
0.189421 0.275892 0.534687
0.281093 0.106706 0.612201
0.358245 0.0743636 0.567391
7.34604e-18 0.75 0.25
0.469488 0.202712 0.327801
1 0 0
0.192636 0.398972 0.408392
0.468017 0.421576 0.115505
0.616305 0.0213898 0.362305
0.507531 0 0.492469
0.111176 0 0.888824
0.167201 0.0929473 0.739852
0.0758881 0.924112 0
0.588722 0.411278 0
0.0080854 0.306869 0.685045
0.177244 0.465202 0.357554
0.614617 0.135383 0.25
0.392336 0.244121 0.363543
0.237027 0.191221 0.571752
0.00561228 0.429894 0.564494
0.0804782 0.601071 0.318451
0.266839 0.733161 0
0.202059 0.145392 0.652549
4.00071e-17 1 0
0.135946 0.0428053 0.821248
0.77341 0.22659 0
0.698812 0.301188 0
0.108513 0.440542 0.450945
1.32873e-17 0.602727 0.397273
0.885912 0.114088 0
0.279266 0.408887 0.311848
0.585262 0.0890424 0.325696
0.307855 0.442145 0.25
0.0378051 0.962195 0
0.20722 0 0.79278
0.27766 0 0.72234
1.0915e-17 0.495118 0.504882
0.156485 0.231152 0.612363
0.151749 0.848251 0
0.189049 0.560951 0.25
0.481522 0.0727348 0.445743
0.384572 0.365428 0.25
0.736073 0.263927 0
0.0710466 0.398847 0.530107
0.516629 0.114315 0.369055
0.22827 0.77173 0
0 0 1
0.233103 0.49384 0.273057
0.396157 0 0.603843
0.923974 0.0760262 0
0.0890284 0.508471 0.402501
0.440831 0.0261121 0.533057
0.128376 0.178711 0.692913
0.0588489 0.211068 0.730083
0.149739 0.357882 0.492379
0.0494751 0.0965701 0.853955
0.573433 0 0.426567
0.344104 0.655896 0
