7.71984e-18 0.58716 0.41284
0.0652258 0.0911218 0.843652
0.1533 0.8467 0
0.304901 0.695099 0
0.387698 0.179877 0.432425
0.0930797 0.151346 0.755575
0.532848 0.148313 0.318838
0.26724 0.73276 0
0.427694 0.0880148 0.484291
0.355078 0.135779 0.509143
0.454982 0.545018 0
0.137689 0.201969 0.660342
0.380224 0.619776 0
0.172575 0.133018 0.694406
0.122347 0.598535 0.279118
0.190449 0.457837 0.351714
0.313646 0.436352 0.250002
0.500951 0.235543 0.263506
0.342598 0.657402 0
0.748739 0.251261 0
0.602806 0.397194 0
0.19134 0.80866 0
0 0.261088 0.738912
6.15063e-17 1.05027e-16 1
0.129928 0.32221 0.547862
0.6683 0.00428685 0.327413
0.0598272 0.48407 0.456103
0.964308 0.0356918 0
0.0910013 0 0.908999
0.453996 0.0138152 0.532188
0.604426 0 0.395574
0.0869189 0.403583 0.509498
0.820853 0.179147 0
0.382446 0.367552 0.250002
0.219432 0.274957 0.505611
6.48618e-18 0.335045 0.664955
0.33125 0.277469 0.391281
0.0766589 0.923341 0
0.0836131 0.540819 0.375568
5.78901e-18 0.440303 0.559697
0.159365 0 0.840635
0.195836 0.554162 0.250002
0.784832 0.215168 0
0.229314 0.770686 0
0.269755 0.186388 0.543857
0.401839 0 0.598161
0.573506 0.176492 0.250002
0.330877 0.0941993 0.574924
0.335621 0 0.664379
0.362127 0.324782 0.313091
0.154904 0.519539 0.325558
0.290816 0.374679 0.334505
0.528255 0 0.471745
0.227844 0 0.772156
0.676106 0.323894 0
1.33344e-17 0.688789 0.311211
0.566055 0.433945 0
0.00759318 0.18842 0.803987
0.529218 0.470782 0
0.492227 0.507773 0
1.45193e-17 0.749998 0.250002
0.173384 0.359379 0.467237
0.133361 0.441904 0.424735
0 0.513824 0.486176
0.417615 0.582385 0
0.0368242 0.622973 0.340203
0.0366018 0.369503 0.593895
0.639575 0.360425 0
0.0621452 0.232743 0.705112
0.265499 0.0265395 0.707961
0 1 0
0.230145 0.153391 0.616463
0.403739 0.24199 0.35427
0.219601 0.395368 0.385031
0.892812 0.107188 0
0.620237 0.103976 0.275786
0.507402 0.0585055 0.434093
0.570965 0.0732348 0.3558
0.0162547 0.0477081 0.936037
0.30456 0.227815 0.467625
0.685882 0.0641165 0.250002
0.257711 0.317217 0.425072
0.179271 0.237804 0.582926
0.246742 0.480729 0.272529
0.928618 0.0713823 0
0.0889501 0.285251 0.625799
1 0 0
0.132881 0.0635159 0.803603
0.749998 0 0.250002
0.461709 0.202235 0.336056
0.856872 0.143128 0
0.115003 0.884997 0
0.192732 0.0764142 0.730854
0.0383686 0.961631 0
0.473227 0.128171 0.398602
0.451427 0.298571 0.250002
0.284529 0.074871 0.6406
0.0828668 0.667131 0.250002
0 0.12247 0.87753
0.712553 0.287447 0
