0.462186 0.0143061 0.523508
0.206727 0.412712 0.380561
0.814588 0.185412 0
0.13831 0.0732503 0.78844
0.851869 0.148131 0
0.397851 0.602149 0
0.173339 0.342739 0.483921
0.512655 0.487345 0
0.739895 0.260105 0
0.0892816 0.155891 0.754827
0.550815 0.449185 0
0.925986 0.0740139 0
0.330169 0.137369 0.532462
0.39899 0.316584 0.284426
0.218662 0.524645 0.256693
0.290526 0.459474 0.25
0.158114 0.841886 0
0.0890678 0.38366 0.527272
0.702416 0.297584 0
0.063981 0.457725 0.478294
0.260231 0.429096 0.310673
0.21358 0.263585 0.522834
0.263609 0.0427978 0.693593
0.510057 0.181738 0.308204
0.392009 0.201967 0.406024
0.0460003 0.616974 0.337026
0.0962536 0.514669 0.389078
0.173921 0.485266 0.340813
0.688939 0.0430004 0.26806
0.419457 0.0977193 0.482824
0.215321 0.137776 0.646903
0.432593 0.234736 0.33267
9.23562e-17 5.33605e-17 1
0.171418 0 0.828582
0.346311 0.274668 0.379021
1.53623e-17 0.688067 0.311933
0.43611 0.56389 0
0.664768 0.335232 0
0.497761 0.0708227 0.431416
0.0850922 0.26852 0.646388
0.129192 0.187733 0.683075
0 0.597866 0.402134
0.371286 0.0630191 0.565695
0.18052 0.0989143 0.720566
0.126905 0.305841 0.567254
0.963034 0.0369663 0
0.58311 0.0182742 0.398616
9.34506e-18 0.418558 0.581442
0.265646 0.296678 0.437676
0.0189869 0.0447068 0.936306
0.0962775 0.0457917 0.857931
0.0233171 0.539109 0.437574
0.23417 0.361268 0.404562
0.653968 0 0.346032
0.257651 0.706337 0.0383042
0.474445 0.525555 0
1.09294e-17 0.489519 0.510481
0.334942 0 0.665058
0.588858 0.411142 0
0.0349091 0.350239 0.614851
0.531845 0 0.468155
0 0.75 0.25
0.626879 0.373121 0
0.233315 0.755246 0.0118412
0.122324 0.565391 0.312285
0.171222 0.223925 0.604853
0.118527 0.881473 0
5.46276e-17 1 0
0.75 0 0.25
0.0419431 0.130547 0.82751
0.359784 0.640216 0
0.606983 0.0771299 0.315887
0.321727 0.678273 0
1 0 0
0.406499 0 0.593501
0.0335416 0.240175 0.726283
2.42116e-18 0.108442 0.891558
0.464743 0.14719 0.388067
0.363594 0.386406 0.25
0.367386 0.171777 0.460837
0.777311 0.222689 0
0.888992 0.111008 0
0.252987 0.180191 0.566822
0.0827106 3.67309e-17 0.917289
0.237977 0 0.762023
0.543293 0.109538 0.347169
0.295601 0.222802 0.481597
0.153913 0.596087 0.25
0.628939 0.121061 0.25
0.0814245 0.668575 0.25
0.550094 0.199906 0.25
0.29434 0.0914033 0.614256
6.97539e-18 0.312423 0.687577
0.0789492 0.921051 0
0.471283 0.278717 0.25
0.313531 0.348183 0.338287
0.197793 0.802207 0
0.0394106 0.960589 0
0.135797 0.429123 0.43508
0 0.204851 0.795149
