0.340081 0.339107 0.320813
0.255463 0.494537 0.25
0.319199 0.680801 0
0.880929 0.119071 0
0.0199265 0.0644356 0.915638
0.0767021 0.670144 0.253154
0.0397327 0.960267 0
0.392278 0.121766 0.485957
0.166144 0.244975 0.588881
0.503441 0.138734 0.357825
0.176357 0.0579113 0.765732
0.24043 0.204216 0.555354
0.185435 0.535943 0.278622
0.393216 0 0.606784
0 0.506103 0.493897
0.920645 0.0793554 0
0.311164 0.293596 0.395241
0.543526 0.185016 0.271458
0.494539 0.255461 0.25
0.125464 0.20017 0.674366
0.107033 0.404312 0.488655
0.235179 0.0802147 0.684606
0 0 1
0.501552 0 0.498448
1 0 0
0.75 0 0.25
0.145045 0.604955 0.25
0.439841 0.560159 0
0.0914766 0.0836983 0.824825
0 0.75 0.25
0.761474 0.238526 0
0.671725 0.0734702 0.254805
0.352824 0.208414 0.438763
0 0.577101 0.422899
0.841203 0.158797 0
6.72044e-18 0.263029 0.736971
0.623534 0.020853 0.355613
0.103293 0.575722 0.320985
0.30287 0.425897 0.271233
0.058089 0.23308 0.708831
0.434628 0.0308968 0.534475
0.427022 0.170367 0.402612
0.322019 0.0272837 0.650697
0.0666027 0.359165 0.574233
0.199092 0.800908 0
0.238955 0.761045 0
0.138434 0.327905 0.533661
0.641132 0.358868 0
0.480104 0.519896 0
0.0639258 0.537634 0.398441
0.573205 0 0.426795
0.205159 0 0.794841
1.00643e-17 0.393902 0.606098
0.600919 0.399081 0
0.27748 0.248851 0.473669
0.07164 0.156827 0.771533
0.801362 0.198638 0
0.960331 0.0396693 0
0.582241 0.0978527 0.319906
0.259109 0.383976 0.356914
0.119309 0.880691 0
0.387595 0.256796 0.355609
0.0794817 0.920518 0
0.0908729 0.283289 0.625838
0.215386 0.452699 0.331914
0.200511 0.160805 0.638684
0.460928 0.21715 0.321922
0.681357 0.318643 0
0.537673 0.0625445 0.399783
0.148787 0.125462 0.725751
3.18994e-18 0.12485 0.87515
0.399617 0.600383 0
0.131398 0.00556682 0.863035
0.520411 0.479589 0
0.37331 0.37669 0.25
0.159156 0.840844 0
0.359399 0.640601 0
0.084143 0.467696 0.448161
0.23873 0.337867 0.423403
0.354619 0.0793832 0.565998
0.279775 0 0.720225
0.560668 0.439332 0
4.88378e-18 0.191144 0.808856
0.205153 0.292788 0.50206
0.0233209 0.440732 0.535947
0.425531 0.306118 0.268351
0 1 0
0 0.687451 0.312549
0.0250591 0.622871 0.35207
0.00855165 0.324688 0.666761
0.068875 0 0.931125
0.721419 0.278581 0
0.176499 0.390791 0.43271
0.610209 0.139791 0.25
0.315796 0.163489 0.520716
0.279095 0.720905 0
0.687122 0 0.312878
0.143721 0.487795 0.368484
0.465882 0.0865927 0.447526
0.278713 0.11732 0.603967
