0.337304 0.121906 0.540791
0.118838 0.881162 0
0.0860989 0.225737 0.688165
0.197536 0.802464 0
0.100093 0.40699 0.492918
0.200835 0 0.799165
0.576877 0.173123 0.25
0.0792297 0.92077 0
0.547225 0.452775 0
0.31509 0.68491 0
0.096062 0.0930389 0.810899
5.4038e-18 0.164228 0.835772
0.0579151 0.301248 0.640837
0.126414 0.0186277 0.854958
0.376889 0.214973 0.408138
0.372202 0.0547976 0.573001
2.99827e-18 0.259544 0.740456
0.925243 0.074757 0
0.455549 0.178646 0.365806
0.184942 0.367903 0.447154
0.394673 0.147606 0.457721
0.508989 0.491011 0
0.96264 0.0373599 0
0.585782 0.414218 0
0.476062 0 0.523938
1 0 0
0.620587 0.0993959 0.280017
0.0806064 0.669394 0.25
0.0460348 0.620967 0.332998
0.669127 0 0.330873
0.505265 0.222402 0.272333
0.153237 0.596763 0.25
0.354119 0.645881 0
0.128753 0.269152 0.602095
5.87885e-18 4.96323e-17 1
0 0.546584 0.453416
0.0848078 0.531244 0.383948
0.123205 0.567826 0.308968
0.431704 0.568296 0
0.212055 0.106091 0.681854
0.311977 0.242817 0.445206
0.236871 0.763129 0
0.527105 0.0186337 0.454261
0.251023 0.152796 0.596181
0.344435 0.295606 0.359959
0.812903 0.187097 0
0.301754 0.373168 0.325078
0.276084 0.723916 0
0.75 0 0.25
0.158307 0.841693 0
0.533445 0.139843 0.326712
0.126878 0.146509 0.726613
0.3931 0.6069 0
0.176311 0.491014 0.332675
0.337769 0.412231 0.25
0.597589 0 0.402411
0.486465 0.100993 0.412542
0.170053 0.0683476 0.761599
0.039608 0.960392 0
0.686612 0.0633879 0.25
0.0426875 0.186878 0.770435
0.0768232 0.359293 0.563883
0.737426 0.262574 0
0.699684 0.300316 0
0.234841 0.280955 0.484204
0.00572131 0.397115 0.597164
0.470398 0.529602 0
0.775217 0.224783 0
0.155881 0.319637 0.524482
0.572305 0.0656445 0.36205
1.14307e-17 0.460971 0.539029
1.98262e-17 0.602542 0.397458
0.887902 0.112098 0
1.15521e-17 1 0
0.661885 0.338115 0
0.623857 0.376143 0
0.0283609 0.100931 0.870709
0.206709 0.233053 0.560238
0.291553 0.0758599 0.632587
0.457781 0.292219 0.25
0.387688 0.34177 0.270542
2.02776e-18 0.061626 0.938374
0.265575 0.328763 0.405662
0 0.75 0.25
0.0808856 0 0.919114
0.0504553 0.483638 0.465907
0.22177 0.412728 0.365503
0.850436 0.149564 0
0.324528 0 0.675472
0.225727 0.524273 0.25
0.432721 0.0741822 0.493097
0 0.331488 0.668512
0.13595 0.450425 0.413625
0.290713 0.19475 0.514537
0.420205 0.255235 0.32456
0 0.690093 0.309907
0.255992 0.0181628 0.725845
0.265977 0.456528 0.277494
0.168776 0.187804 0.64342
0.400287 0 0.599713
