0.202187 0.36874 0.429073
0.378455 0.29785 0.323695
0.0669394 0.285037 0.648024
0.833378 0.166622 0
0.412736 0.33492 0.252343
0.413603 0.586397 0
0.13954 0.0156489 0.844811
0.916818 0.0831824 0
0.610174 0.0439689 0.345857
0 0.655833 0.344167
0.203646 0.265742 0.530612
0.113213 0.636787 0.25
7.65989e-17 1 0
0.130369 0.521442 0.348189
0.503253 0.154357 0.34239
0.243809 0.394193 0.361998
0.49744 0.50256 0
0.0815361 0.481581 0.436883
0.288643 0.711357 0
0.160371 0.442887 0.396742
0.572182 0.108306 0.319512
0.0725205 0.166104 0.761376
0 0.0987014 0.901299
0.681796 0.063141 0.255063
0.371976 0.628024 0
0.156325 0.234929 0.608746
0.393883 0 0.606117
0.172182 0.56585 0.261968
0.108534 0.412807 0.478659
1 0 0
0.589708 0 0.410292
0.14983 0.128439 0.721731
7.57173e-17 3.5305e-17 1
0.525142 0.00230381 0.472554
0.74962 0.25038 0
0.0300501 0.127424 0.842525
0.61651 0.13349 0.25
0.325414 0.0250407 0.649545
0.210929 0 0.789071
0.958426 0.0415742 0
0.253267 0.30054 0.446193
0.374161 0.174311 0.451528
0 0.321929 0.678071
0.10386 0.0870761 0.809064
0.197051 0.157694 0.645255
0.581312 0.418688 0
0.333836 0.26041 0.405753
0.368613 0.0661083 0.565278
0.244508 0.187939 0.567552
0.0577524 0.556603 0.385645
0.0180917 0.25149 0.730418
0.484165 0.265835 0.25
0.539356 0.460644 0
0.0818877 0.918112 0
0.204573 0.475557 0.31987
0.158634 0.338166 0.5032
0.285257 0.10833 0.606413
0.0685282 0.377797 0.553675
0.455494 0.544506 0
0.330329 0.669671 0
0 0.392507 0.607493
0.108033 0.206857 0.68511
0.238391 0.0794634 0.682146
0.0825637 0.60194 0.315497
0.285621 0.435497 0.278882
0.420624 0.0896352 0.489741
0.247148 0.752852 0
0.123003 0.876997 0
0 0.75 0.25
0.283077 0 0.716923
0 0.201167 0.798833
0.242244 0.507756 0.25
0.0942098 0 0.90579
0.413546 0.210097 0.376357
0.665441 0.334559 0
0.18455 0.0588103 0.756639
0.459632 0.131707 0.408661
0.309515 0.345644 0.344841
0.791685 0.208315 0
0.039962 0.688918 0.27112
0.875094 0.124906 0
0.505112 0.0668887 0.427999
0.463027 0 0.536973
0.674764 0 0.325236
0.454859 0.236231 0.30891
0.290006 0.222163 0.487831
0.349699 0.400301 0.25
0.164301 0.835699 0
0 0.584305 0.415695
0.205691 0.794309 0
0.109097 0.310724 0.580179
0.75 0 0.25
0.0298877 0.0343874 0.935725
0.707629 0.292371 0
0 0.46235 0.53765
0.0107529 0.513449 0.475798
0.330405 0.14216 0.527435
0.546265 0.195778 0.257957
0.623411 0.376589 0
0.0410517 0.958948 0
