0.0978891 0.283291 0.61882
0.685155 0.314845 0
0.148004 0.31687 0.535125
0.405333 0.594667 0
0.0763353 0.591797 0.331867
0.106856 0.396051 0.497093
0.275027 0.313505 0.411468
0.284317 0.715683 0
0.425566 0.219905 0.354529
9.25465e-18 0.233432 0.766568
0.72464 0.27536 0
0.605874 0.394126 0
0.614611 0 0.385389
0.447871 0.134432 0.417696
0.233749 0.164092 0.602159
0.193464 0.125067 0.681469
0.369863 0.167627 0.46251
0.486268 0.0440413 0.46969
0.144319 0.206725 0.648956
0.0406862 0.959314 0
0.156767 0.0876369 0.755596
0.0598933 0.684974 0.255133
0.109348 0.061708 0.828944
0.960838 0.0391617 0
0.64552 0.35448 0
0.764132 0.235868 0
0.068945 0.138921 0.792134
2.92739e-17 1 0
0.445575 0.554425 0
0.243786 0.756214 0
0.0473695 0.255195 0.697436
0.00768322 0.672225 0.320091
0.457726 0 0.542274
0.407436 0.0875621 0.505002
0.152075 0.434168 0.413756
0.921646 0.0783535 0
0.162629 0.837371 0
0.492017 0.181894 0.326089
0.15919 0.557206 0.283604
0 0.325496 0.674504
0.525965 0.474035 0
0.565869 0.434131 0
0.144897 0 0.855103
0.35941 0.265588 0.375002
0.31395 0 0.68605
0.233095 0.277436 0.489469
0.843022 0.156978 0
0.299403 0.450597 0.25
0 0.394122 0.605878
0.468652 0.281348 0.25
0 0.75 0.25
1 0 0
0.485798 0.514202 0
0.533251 0.216749 0.25
0.212889 0 0.787111
0.278022 0.0845673 0.637411
0.320188 0.13022 0.549593
0.75 0 0.25
0.552536 0 0.447464
5.33238e-17 8.54541e-17 1
0.269808 0.423281 0.306911
0.35705 0.0585874 0.584362
0.189755 0.354792 0.455453
0.324766 0.675234 0
0.523029 0.0942804 0.38269
0.320193 0.346927 0.33288
0.101824 0.174934 0.723241
0.243372 0.0369847 0.719643
0.37125 0.37875 0.25
0.192246 0.474935 0.33282
0.0214809 0.440694 0.537825
0.385927 0 0.614073
0.803612 0.196388 0
0.112734 0.515718 0.371548
0.203198 0.796802 0
0.0744651 0.47262 0.452915
0.592494 0.0688026 0.338703
0.672764 0.00351194 0.323725
0.0769639 0.000228069 0.922808
6.54475e-18 0.16508 0.83492
0.188563 0.241286 0.570151
0.402526 0.307309 0.290165
0.121991 0.878009 0
0.565086 0.147544 0.287371
0.125056 0.624944 0.25
0.36514 0.63486 0
0 0.061367 0.938633
0.227705 0.522295 0.25
0.0813579 0.918642 0
0 0.509545 0.490455
0.0275885 0.552546 0.419865
0.231841 0.390346 0.377813
0.32106 0.236272 0.442668
0.63212 0.11788 0.25
0.0306497 0.0944178 0.874933
0.686103 0.05404 0.259857
1.80711e-17 0.61731 0.38269
0.882446 0.117554 0
0.277058 0.202403 0.520539
0.0669851 0.355481 0.577534
