0.453011 0.296989 0.25
0.494461 0.116202 0.389338
0.0392743 0.960726 0
0.376985 0.0947555 0.528259
0.75 0 0.25
2.68246e-18 0.212613 0.787387
0.268391 0.0860884 0.645521
1 0 0
0.228429 0.173662 0.597909
0.193922 0.128962 0.677116
0.169533 0.368677 0.46179
0.158452 0.489483 0.352065
0.488564 0.234539 0.276897
0.0301262 0.610871 0.359003
0.445498 0.0865875 0.467914
0.28015 0.343076 0.376775
0.669103 0.0015334 0.329363
0.200159 0 0.799841
0.131941 0.327966 0.540093
0.134316 0.615684 0.25
0.187563 0.541385 0.271051
0.157074 0.842926 0
0.119557 0.449912 0.430532
0.262209 0.2203 0.517491
0.0373127 0.0781541 0.884533
0.0588563 0.35612 0.585024
0.153235 0.222297 0.624468
0.117743 0.882257 0
0.448487 0.0232231 0.52829
0.162686 0.0836403 0.753674
0.0844973 0 0.915503
0.408318 0 0.591682
0.918588 0.0814123 0
0.837297 0.162703 0
0.55442 0.44558 0
0.409628 0.156589 0.433784
0.511773 0 0.488227
0.119123 0.185511 0.695366
0.275422 0.724578 0
0.959267 0.0407333 0
0.323185 0.369521 0.307294
0.0824588 0.277958 0.639583
0.314996 0.685004 0
0.634914 0.365086 0
1.26167e-17 1 0
0.35472 0.64528 0
0.796733 0.203267 0
0.675393 0.324607 0
0.447651 0.198793 0.353555
0.594669 0.405331 0
0 0 1
0.386542 0.285553 0.327905
0.0832261 0.410221 0.506553
0.206276 0.396443 0.397281
0.36588 0.237726 0.396394
0.315342 0.434658 0.25
0.607407 0 0.392593
0.310133 0 0.689867
0.756168 0.243832 0
0.683988 0.052736 0.263276
0.43429 0.56571 0
0.241203 0.0309433 0.727854
0.0784982 0.921502 0
0 0.75 0.25
0 0.385369 0.614631
0.474269 0.525731 0
0.0721345 0.110061 0.817804
0.715795 0.284205 0
0.303881 0.131813 0.564306
0.235815 0.764185 0
0.534055 0.151103 0.314842
0.631534 0.118466 0.25
0.129581 0.0254969 0.844922
0.392699 0.357036 0.250264
0.538562 0.0380029 0.423435
0.584887 0.075469 0.339644
0.180647 0.260155 0.559198
0.394499 0.605501 0
1.87156e-18 0.148341 0.851659
0.343963 0.0400058 0.616031
0.560592 0.189408 0.25
0.336263 0.183275 0.480461
0.19633 0.80367 0
0 0.566781 0.433219
0.87793 0.12207 0
0.0878867 0.15185 0.760263
0 0.31343 0.68657
0 0.0546084 0.945392
0.0353459 0.242614 0.72204
0.0777681 0.528836 0.393395
0 0.457399 0.542601
0.514329 0.485671 0
0.236609 0.441 0.322391
0.300685 0.270845 0.42847
0.0293177 0.495904 0.474778
0.104368 0.57808 0.317553
0.222361 0.300427 0.477212
0.251105 0.498895 0.25
0.0615699 0.681981 0.256449
0 0.670748 0.329252
