0.247266 0.502733 0.25
0.156545 0.330951 0.512504
0.184544 0.20592 0.609536
0.280239 0 0.719761
0.497672 0.0833053 0.419023
0.766532 0.233468 0
0.511989 0 0.488011
0.141131 0.273636 0.585233
0 0.0831422 0.916858
0.00513398 0.684172 0.310694
0.0569468 0.240143 0.70291
0.229435 0.352844 0.417721
0.589278 0.160722 0.25
0.230473 0.129989 0.639538
0.129175 0.512981 0.357845
0.268713 0.391796 0.33949
0.409057 0.590943 0
0.420119 0 0.579881
0.593358 0.0401322 0.36651
7.20795e-19 0.195036 0.804964
1.26871e-18 0.343292 0.656708
0.922388 0.0776117 0
0.318399 0.0713278 0.610274
0.368574 0.631426 0
0.318435 0.431565 0.25
0.398611 0.255637 0.345752
0.365619 0.215585 0.418796
0.688015 0.311985 0
0.129478 0.193863 0.676659
1.52392e-18 0.412348 0.587652
0.570498 0 0.429502
0.0413013 0.958699 0
0.164781 0.835219 0
0.0552744 0 0.944726
0.0268068 0.125657 0.847537
0 0.62351 0.37649
0.154035 0 0.845965
0.176277 0.431749 0.391973
0.961233 0.0387669 0
0.0825943 0.917406 0
0.844646 0.155354 0
0.149763 0.0894863 0.760751
0.0340405 0.447685 0.518274
0.608987 0.391013 0
0.727233 0.272767 0
0.449445 0.165856 0.384699
0.327956 0.672044 0
0.211648 0.300884 0.487468
0.176157 0.549378 0.274465
0.446971 0.279422 0.273607
0.35267 0 0.64733
0.0840789 0.589326 0.326595
0.0830444 0.363936 0.55302
0.209048 0.011531 0.779421
0.108618 0.0736517 0.81773
0.134673 0.615327 0.25
0.287261 0.712739 0
9.94742e-19 0.269161 0.730839
0.648575 0.351425 0
0.0344312 0.556033 0.409536
2.77178e-18 0.75 0.25
0.410458 0.128618 0.460925
0.44933 0.55067 0
0.519085 0.230915 0.25
0.667696 0 0.332304
0.0696657 0.30235 0.627985
0.279217 0.151422 0.569361
1 0 0
0.20571 0.79429 0
0.0815812 0.033409 0.88501
0.447942 0.0453425 0.506715
0.237617 0.228821 0.533562
0 0.51864 0.48136
0.217441 0.466513 0.316046
0.252496 0.0605985 0.686906
0.56932 0.43068 0
0.529429 0.470571 0
0.883548 0.116452 0
0.179006 0.11755 0.703445
0.540945 0.120725 0.33833
0 0 1
0.123655 0.876345 0
0.349603 0.356465 0.293931
0.75 0 0.25
0.127 0.403615 0.469385
0.367111 0.0944885 0.5384
3.27206e-17 1 0
0.689769 0.0602309 0.25
0.805573 0.194427 0
0.488523 0.197325 0.314152
0.489556 0.510444 0
0.411885 0.338115 0.25
0.246561 0.753439 0
0.085798 0.478085 0.436117
0.0709644 0.671093 0.257942
0.317369 0.307525 0.375106
0.081786 0.16295 0.755264
0.6243 0.0906599 0.28504
0.325444 0.179468 0.495088
0.285801 0.262777 0.451423
