2.82259e-18 5.26886e-17 1
0.159189 0.226257 0.614555
0.288927 0.461073 0.25
0.232064 0.767936 0
0.387201 0.612799 0
0.309645 0.690355 0
0.580407 0.419593 0
0.0771929 0.922807 0
0.464653 0.535347 0
0.47373 0 0.52627
0.510181 0.0580307 0.431788
0.55168 0 0.44832
0.0583891 0.691611 0.25
0 0.11258 0.88742
0.248655 0.422702 0.328643
0.0603506 0.0840138 0.855636
0.111361 0.309972 0.578666
0.154621 0.845379 0
0.544078 0.0956701 0.360252
0 0.75 0.25
0.962126 0.0378744 0
0.34843 0.65157 0
0.132067 0.0327989 0.835134
0.924229 0.0757713 0
0.235306 0.0296383 0.735056
0.0952772 1.05779e-17 0.904723
0.372321 0 0.627679
0.071441 0.390648 0.537911
0.02649 0.227905 0.745605
0.5317 0.2183 0.25
0.391523 0.173202 0.435275
1 0 0
0.431436 0.0878391 0.480725
0.420561 0.224069 0.35537
0.689157 0.0182702 0.292573
0.312742 0.0952778 0.59198
0.216927 0.152447 0.630626
0.461774 0.26991 0.268316
0.499096 0.179241 0.321663
0.0804446 0.136079 0.783476
0.253352 0.18286 0.563788
0.73369 0.26631 0
0.336925 0.390439 0.272636
0.241247 0.312986 0.445767
0.75 0 0.25
0.108837 0.43168 0.459484
0.886132 0.113868 0
0.400752 0.0384375 0.560811
0.0817224 0.50405 0.414227
0.113631 0.181014 0.705355
0.464851 0.136968 0.398181
0.214579 0.502615 0.282805
0.0779146 0.262275 0.65981
6.72316e-18 1 0
0.198606 0 0.801394
0.0247436 0.347462 0.627794
0 0.186231 0.813769
0.16475 0.464659 0.370591
0 0.415324 0.584676
0 0.48324 0.51676
0.0385699 0.96143 0
0.272139 0.0689014 0.658959
2.92555e-17 0.668906 0.331094
0.541853 0.458147 0
0.425988 0.574012 0
0.503346 0.496654 0
0.654036 0.0959644 0.25
0.199536 0.3889 0.411564
0.629872 0 0.370128
0.408553 0.341447 0.25
0.810041 0.189959 0
0.266818 0.241038 0.492145
0.695521 0.304479 0
0.350431 0.129786 0.519782
0.607608 0.0654449 0.326948
0.120778 0.541359 0.337864
0 0.597661 0.402339
0.583536 0.148181 0.268282
0.188533 0.12001 0.691458
0.304233 0 0.695767
0.321842 0.207041 0.471118
0.155953 0.349364 0.494683
0.182341 0.567659 0.25
0.657194 0.342806 0
0.771855 0.228145 0
0.11712 0.626396 0.256484
0.0700713 0.608277 0.321652
0.335435 0.264242 0.400323
0.193334 0.806666 0
0.290178 0.346575 0.363247
0.270856 0.729144 0
0.0215085 0.0388056 0.939686
0.154405 0.085766 0.759829
0.115885 0.884115 0
0.372821 0.304354 0.322826
0.194959 0.2683 0.53674
0.618828 0.381172 0
0.0162345 0.532525 0.451241
0 0.300153 0.699847
0.848182 0.151818 0
