0.488672 0.511328 0
0.245484 0.754516 0
0.164442 0.585558 0.25
0.378968 0.102675 0.518357
0.626397 0.123603 0.25
0.233158 0.0047054 0.762137
0.38258 0.299395 0.318025
0.766509 0.233491 0
0.0687665 0.211358 0.719876
0.462396 0.0702623 0.467342
2.62961e-17 1 0
0.138859 0.428888 0.432253
0.0214373 0.0410556 0.937507
7.12225e-18 0.75 0.25
9.71727e-18 0.369533 0.630467
0.140005 0.0596552 0.80034
0.326715 0.0793066 0.593979
0.75 0 0.25
0.883569 0.116431 0
0.186969 0.214125 0.598906
1.09541e-18 0.115351 0.884649
0.448283 0.551717 0
0.178311 0.345209 0.47648
0.557714 0.156279 0.286007
0.0955786 0 0.904421
0.0133466 0.173935 0.812719
0.0201171 0.68762 0.292263
0.326867 0.673133 0
0.671303 0.00466187 0.324035
0.122911 0.877089 0
0.648572 0.351428 0
0.477632 0.184432 0.337936
0.0409757 0.959024 0
0.0645929 0.598398 0.337009
0.546317 0.0227067 0.430976
0.407875 0.592125 0
0.145035 0.297912 0.557053
0.727392 0.272608 0
0.286154 0.713846 0
0.290074 0.459926 0.25
0.0985213 0.384752 0.516726
0.41789 0.33211 0.25
0.100329 0.135394 0.764277
0.0644358 0.465668 0.469896
0.367553 0.632447 0
0.255047 0.318136 0.426817
4.64421e-18 4.56628e-17 1
0.805714 0.194286 0
0.528898 0.471102 0
0.0819438 0.918056 0
0.254073 0.429763 0.316163
0.167101 0 0.832899
0.611651 0 0.388349
0.103661 0.255884 0.640455
0.304488 0 0.695512
0.29461 0.251826 0.453564
0.068036 0.0837513 0.848213
0.175207 0.474945 0.349848
0.0939932 0.656007 0.25
6.43086e-18 0.244556 0.755444
0.589829 0.0743329 0.335839
0.608667 0.391333 0
0.220574 0.516206 0.26322
6.01904e-18 0.633828 0.366172
0.133679 0.553218 0.313103
0.0160348 0.299406 0.68456
0.270986 0.0593072 0.669707
0.523464 0.226536 0.25
0.84461 0.15539 0
0.228837 0.130344 0.640819
1.30891e-17 0.49776 0.50224
0.270308 0.158393 0.571299
0.0925332 0.514911 0.392556
0.454411 0.261663 0.283926
0.435229 0.140832 0.42394
0.300049 0.190239 0.509712
0.496124 0 0.503876
0.568935 0.431065 0
0.0128072 0.426956 0.560237
1 0 0
0.223918 0.25834 0.517742
0.204638 0.795362 0
0.215111 0.392611 0.392278
0.0685061 0.336015 0.595479
0.347443 0.390451 0.262105
0.361655 0.170402 0.467942
0.922426 0.0775744 0
0.147726 0.171817 0.680457
0.684109 0.0578677 0.258023
0.423825 0.0202741 0.555901
0.187611 0.0900616 0.722327
0.688047 0.311953 0
0.00749647 0.561566 0.430938
0.299436 0.35549 0.345074
0.39607 0.216868 0.387063
0.376702 0 0.623298
0.5146 0.105894 0.379506
0.961279 0.0387213 0
0.16372 0.83628 0
0.340066 0.28023 0.379704
