0.244148 0.385767 0.370085
0.617699 0.119695 0.262606
0.684156 0.0658444 0.25
0 0.540967 0.459033
0.469956 0.530044 0
0.353688 0.261466 0.384846
0.834597 0.165403 0
0.116063 0.883937 0
0.516512 0.0659736 0.417515
0.557678 0.192322 0.25
0.428493 0.100475 0.471032
0.630979 0.369021 0
0.958479 0.0415213 0
0.350841 0.649159 0
0.020575 0.203133 0.776292
0.55045 0.44955 0
0.103643 0.159645 0.736712
0.419068 0.330932 0.25
0.475469 0.138035 0.386496
0.0716109 0.114501 0.813889
0.569315 0.093674 0.337011
0.438311 0.0269302 0.534759
0.314743 0.221244 0.464013
0.238069 0.257609 0.504322
0.0385103 0.0805111 0.880979
0.272044 0.727956 0
0.0906331 0.499221 0.410146
0.281291 0 0.718709
0.91702 0.0829799 0
0.485013 0.259899 0.255088
0.711876 0.288124 0
0.157522 0 0.842478
0.138702 0.406393 0.454906
0.35001 0.141405 0.508585
0 0.47039 0.52961
0.75 0 0.25
0.134589 0.0664716 0.79894
0.232768 0.767232 0
0.0386187 0.961381 0
0.0988712 0.580423 0.320706
0.390928 0.299067 0.310004
0.311415 0.688585 0
0.394729 0.180398 0.424873
0.251678 0.498322 0.25
0.430123 0.569877 0
0 0.0569619 0.943038
0.154703 0.297656 0.547642
0.0854872 0.664513 0.25
0.0980013 0.367314 0.534685
0.0850274 0 0.914973
1 0 0
0.0146794 0.401585 0.583736
0 0.271492 0.728508
0.151817 0.598183 0.25
0.565462 0 0.434538
0.0637835 0.446713 0.489503
0.062117 0.31148 0.626403
0.875751 0.124249 0
0.51848 0.169089 0.312431
0.237555 0.076444 0.686001
0.390338 0.609662 0
0 1 0
0.272107 0.435078 0.292814
0.267133 0.117776 0.615091
0.019641 0.684185 0.296174
0.154786 0.845214 0
0.166855 0.111262 0.721883
0.322228 0.0287345 0.649037
0 0.154191 0.845809
0 0.75 0.25
0.189707 0.528132 0.282161
0.21345 0.0163629 0.770187
0.61097 0.0241058 0.364924
0.673754 0 0.326246
0.67142 0.32858 0
0.0406012 0.568687 0.390712
0.437916 0.22024 0.341845
0.359772 0.075827 0.564401
0.752464 0.247536 0
0.13031 0.25724 0.612449
0.07731 0.92269 0
0.181107 0.427019 0.391874
0.081932 0.229343 0.688725
0.590556 0.409444 0
0.193099 0.338589 0.468313
0.34691 0.40309 0.25
0.793358 0.206642 0
0.193733 0.806267 0
0.509985 0.490015 0
0.391865 0 0.608135
0 0 1
0.497031 0 0.502969
0.317369 0.347899 0.334733
0.157797 0.490087 0.352116
0.274229 0.304796 0.420974
0.177505 0.169536 0.652959
0.210054 0.20932 0.580626
0 0.637929 0.362071
0.285139 0.168716 0.546146
0 0.344646 0.655354
