0.581469 0.418531 0
0.364424 0.385576 0.25
0.0705899 0.310293 0.619118
0.323144 0.167643 0.509213
0.381549 0.263754 0.354697
0.064944 0.183986 0.75107
0.678379 0 0.321621
0.166891 0.443856 0.389252
0.0771203 0 0.92288
0.73517 0.26483 0
0.192857 0.807143 0
0.21084 0 0.78916
0.0596635 0.0623033 0.878033
0.262668 0.389951 0.347381
0.465381 0.534619 0
0.142088 0.0110411 0.846871
0.308948 0 0.691052
0.215856 0.120769 0.663375
0 0.219688 0.780312
0 0.664182 0.335818
0.15417 0.84583 0
0.524583 0.137131 0.338286
0.083414 0.50051 0.416076
0.0254442 0.591605 0.382951
0.773457 0.226543 0
0.0269304 0.390161 0.582909
0 0.546051 0.453949
0.270453 0.729547 0
0 0.75 0.25
0.399896 0.136784 0.46332
0.349516 0.22181 0.428674
0.658598 0.341402 0
0.231574 0.768426 0
0.579016 0.0698912 0.351093
0.0939759 0.105128 0.800897
0.290784 0.102638 0.606578
0.302133 0.421277 0.27659
0.520871 0.229129 0.25
0.8871 0.1129 0
0.453135 0.296865 0.25
0.0992006 0.233574 0.667226
0.0155467 0.273974 0.710479
0.0424586 0.466723 0.490819
0.271614 0.270292 0.458094
0.408921 0 0.591079
0.962438 0.0375625 0
0.66592 0.0596813 0.274399
0.129685 0.409517 0.460798
0.255269 0.175126 0.569605
0.170701 0.0746366 0.754662
0.00303381 0.14932 0.847647
0.4707 0.213651 0.315648
1 0 0
0.187897 0.532592 0.279511
0.43479 0.177206 0.388005
0.311002 0.316571 0.372427
0.114704 0.544 0.341296
0.81154 0.18846 0
0.569425 0.160714 0.269861
0.210197 0.465797 0.324006
0.337956 0.0316808 0.630363
0.248094 0.038999 0.712907
0.849344 0.150656 0
0.220725 0.357251 0.422024
0.620129 0.379871 0
0.537109 0.0146487 0.448243
0.488691 0.0954401 0.415869
0.0385039 0.961496 0
0.632543 0.117457 0.25
0.0769557 0.923044 0
0.504265 0.495735 0
0.42633 0.57367 0
0.481143 0 0.518857
0.182014 0.321689 0.496297
7.45931e-17 1 0
0.60677 0 0.39323
4.88838e-19 0.0764192 0.923581
0.442454 0.06238 0.495166
0.542905 0.457095 0
0.13863 0.152257 0.709113
0.924742 0.0752584 0
0.144154 0.278289 0.577557
0.258036 0.491964 0.25
0.115503 0.884497 0
0.15216 0.59784 0.25
0.309406 0.690594 0
0.0820014 0.624136 0.293863
0.0588948 0.691105 0.25
0 0.343239 0.656761
0.75 0 0.25
0.348429 0.651571 0
0.388669 0.321085 0.290246
0.3874 0.6126 0
0.177881 0.200099 0.62202
0 0 1
0.364123 0.0865839 0.549293
0.100816 0.364629 0.534555
2.87036e-18 0.448718 0.551282
0.697012 0.302988 0
0.225051 0.241894 0.533055
