0.212458 0.437807 0.349736
0.83995 0.16005 0
0.106999 0.174841 0.71816
0.75 0 0.25
0.312602 0.355276 0.332122
0.526219 0 0.473781
0.959939 0.0400609 0
0.221615 0.778385 0
0.448373 0.551627 0
0.147039 0.852961 0
0.275819 0.0707531 0.653428
0.0233265 0.452765 0.523909
0.237067 0.382282 0.38065
0 0.672457 0.327543
0.139924 0.45572 0.404356
0.15353 0.0901394 0.756331
0.631222 0 0.368778
0.564521 0.435479 0
0.194383 0.0195415 0.786076
0.400808 0.308404 0.290788
0.87993 0.12007 0
0.354244 0.271201 0.374555
0.0893061 0.271865 0.638829
0.312954 0.227943 0.459103
0.919917 0.0800833 0
0.0258358 0.230862 0.743302
0.0660311 0.496558 0.437411
0.684904 0.0111042 0.303992
0.208373 0.541627 0.25
3.60407e-18 0.409076 0.590924
0.318169 0.108336 0.573495
0.642303 0.357697 0
0.371809 0.628191 0
0 0.75 0.25
4.02048e-17 0.524316 0.475684
0.720791 0.279209 0
0.472445 0.145216 0.382338
4.43302e-18 0.182533 0.817467
0.4219 0.105692 0.472407
0.317932 0.432068 0.25
0.146255 0.315238 0.538507
0.392552 0.187317 0.420131
0.0256092 0.340939 0.633452
0.612763 0.137237 0.25
0.0704394 0.140622 0.788939
0.377203 0.372797 0.25
0.0749533 0.00300393 0.922043
0.105767 0.40779 0.486443
0.058612 0.62726 0.314128
0.184343 0.815657 0
0.760482 0.239518 0
0.472811 0.277189 0.25
0.666602 0.0760776 0.257321
0.197988 0.111457 0.690556
0.576776 0.0927131 0.330511
0.144945 0.200081 0.654974
0.0757391 0.674261 0.25
1 0 0
0.0779004 0.35735 0.56475
0.296247 0.703753 0
0.681411 0.318589 0
1.54931e-18 0.063794 0.936206
0.184506 0.359412 0.456083
0.486806 0.513194 0
0.515512 0.173999 0.310489
0.499244 0.0782063 0.422549
0.363184 0.0352293 0.601586
0.353649 0.141547 0.504804
0.000816261 0.595195 0.403989
0.0919888 0.549862 0.358149
0.100268 0.0658113 0.83392
0.227986 0.274524 0.497491
0.565686 0.0309483 0.403365
0.110224 0.889776 0
5.29121e-17 2.59904e-18 1
0.257221 0 0.742779
0.181391 0.23863 0.579979
0.258924 0.741076 0
0.800185 0.199815 0
0.0197992 0.107657 0.872544
0.272705 0.308761 0.418534
0.41012 0.58988 0
0.231212 0.15461 0.614178
0.43593 0.228035 0.336035
7.23273e-18 0.297813 0.702187
0.425525 0 0.574475
0.167258 0.511825 0.320916
0.143665 0 0.856335
0.542836 0.207164 0.25
7.66804e-17 1 0
0.333749 0.666251 0
0.325555 0 0.674445
0.269261 0.19277 0.53797
0.525763 0.474237 0
0.453895 0.0335401 0.512565
0.139341 0.599435 0.261225
0.0734456 0.926554 0
0.603289 0.396711 0
0.0366616 0.963338 0
0.255633 0.468769 0.275597
