0.0716398 0.410646 0.517714
0.462828 0.200845 0.336327
0.75 0 0.25
0.358934 0 0.641066
2.25401e-17 0.4468 0.5532
0.271391 0.439516 0.289093
0.348289 0.319485 0.332226
0.0108198 0.375725 0.613456
0.670678 0.00355985 0.325762
0.538043 0.0200733 0.441883
0.394057 0.605943 0
0.0640647 0.685935 0.25
0.31179 0.273476 0.414734
0.498611 0.237777 0.263612
7.8051e-18 0.562932 0.437068
0.585986 0.414014 0
0.100946 0.563817 0.335237
0.0730258 0.0943319 0.832642
0.114896 0.0299761 0.855128
0.699934 0.300066 0
0.085568 0.202246 0.712186
3.35005e-18 0.241617 0.758383
0.174026 0.495892 0.330082
0.579294 0.0688957 0.35181
0.11912 0.88088 0
0.925272 0.0747284 0
0.812989 0.187011 0
0.164063 0.165216 0.670721
5.04478e-17 1 0
0.12231 0.454626 0.423064
0.622071 0.105586 0.272343
0.0807244 0 0.919276
0.0620101 0.280337 0.657653
0.47118 0.52882 0
0.258209 0.151469 0.590322
0.198142 0.801858 0
0.35059 0.099104 0.550306
0.571471 0.178529 0.25
0.233973 0.110942 0.655086
0.314841 0.069515 0.615644
0.775365 0.224635 0
0.355164 0.644836 0
0.175869 0.296873 0.527258
0.292507 0.188632 0.518861
0.0281766 0.173614 0.798209
0.887915 0.112085 0
0.243331 0 0.756669
0.285305 0.0220197 0.692675
0.13649 0.24573 0.61778
0.179333 0 0.820667
0.509624 0.490376 0
0.335674 0.414326 0.25
0.245347 0.283704 0.470949
1.58843e-17 0.314866 0.685134
0.662094 0.337906 0
0.962629 0.0373714 0
0.413422 0.0168552 0.569722
0.143815 0.363073 0.493112
0.43271 0.56729 0
0.121846 0.117246 0.760907
0.0261401 0.491951 0.481909
0.112712 0.619202 0.268085
0.499235 0.1081 0.392665
0.0766519 0.524123 0.399225
0.0794625 0.920537 0
0.273823 0.351874 0.374303
0.454279 0.073524 0.472197
0.850488 0.149512 0
0.449073 0.300927 0.25
0.737665 0.262335 0
0.213833 0.222085 0.564082
0.0397914 0.960209 0
1 0 0
0.547801 0.452199 0
0.485253 0 0.514747
0.686464 0.0635364 0.25
0.605897 0 0.394103
0.178137 0.571863 0.25
0.624112 0.375888 0
0.237575 0.762425 0
0 0 1
0.383905 0.349074 0.267021
0.00946181 0.057934 0.932604
0.195863 0.0737183 0.730419
0.240545 0.509455 0.25
1.79126e-18 0.129192 0.870808
0.218499 0.422478 0.359023
0.383235 0.12708 0.489685
0.15875 0.84125 0
0.188638 0.379647 0.431715
0.276959 0.723041 0
0.316151 0.683849 0
0.535997 0.1473 0.316703
0.0266836 0.610534 0.362782
0.0943907 0.329519 0.57609
0 0.75 0.25
0.423433 0.160776 0.415791
0.392625 0.246162 0.361213
0.341576 0.208596 0.449828
3.39228e-17 0.672433 0.327567
