0.160863 0 0.839137
0.157211 0.842789 0
0.45488 0.269292 0.275828
0.43028 0.56972 0
0.130635 0.200275 0.66909
0.924994 0.0750057 0
0.698801 0.301199 0
0.305162 0.391083 0.303755
0.065939 0.684061 0.25
0.128787 0.455981 0.415233
0.0633229 0.0910006 0.845677
0.366066 0.309592 0.324343
0.00889797 0.324927 0.666175
0.258695 0.491305 0.25
0.117958 0.882042 0
0.415211 0 0.584789
0.849871 0.150129 0
0.615235 0.0475329 0.337232
0.522906 0.227094 0.25
0.167794 0.124176 0.708031
0.0195655 0.0435826 0.936852
0.109481 0.333256 0.557263
0.196021 0.408489 0.39549
0.0815602 0.288639 0.629801
0.130896 0.0706007 0.798503
0.274889 0.725111 0
2.90713e-18 1 0
0.060057 0.489798 0.450145
0.668359 0.0816414 0.25
0.206827 0.0550095 0.738163
1 0 0
0.235711 0.764289 0
0.334237 0.415763 0.25
0.0111203 0.441518 0.547361
0.196502 0.803498 0
0.45554 0.0630648 0.481395
0.0484567 0.607916 0.343627
0.736718 0.263282 0
0.238891 0.321758 0.439351
0.234446 0 0.765554
0.545875 0.454125 0
4.49735e-18 0.26118 0.73882
0.0875029 0.152456 0.760042
0.537386 0.0242732 0.438341
0.286339 0.240821 0.472839
0.0819419 0.409011 0.509047
0.307986 0 0.692014
0.22185 0.448085 0.330065
0.507379 0.492621 0
5.82542e-18 0.11752 0.88248
0 0 1
0.391428 0.608572 0
0.212058 0.161222 0.626719
0.660746 0.339254 0
0.198774 0.285372 0.515854
0.249389 0.201411 0.5492
0.00248798 0.188308 0.809204
0.0787067 0.921293 0
0.426551 0.133252 0.440196
0.484684 0.177897 0.337419
0.75 0 0.25
0.374948 0.200201 0.424852
0.158124 0.367958 0.473918
0 0.673905 0.326095
0.774607 0.225393 0
0.257225 0.0811361 0.661639
0.414868 0.226416 0.358716
0.40976 0.34024 0.25
0.297716 0.118528 0.583756
0.336253 0.161108 0.502639
0.0934836 0 0.906516
0.512166 0.0983512 0.389483
0.595602 0.154398 0.25
0.563534 0.125028 0.311438
1.29145e-17 0.75 0.25
0.186743 0.563257 0.25
0.352613 0.647387 0
0.0913316 0.541428 0.36724
0.962508 0.0374924 0
0.0598413 0.230322 0.709837
0 0.512303 0.487697
6.69608e-18 0.388868 0.611132
0.313789 0.686211 0
0.379877 0.083969 0.536154
0.345107 0.0319617 0.622931
0.622526 0.377474 0
0.687108 0 0.312892
0.163678 0.24533 0.590992
0.114249 0.617261 0.26849
0.487667 0 0.512333
1.00562e-17 0.584002 0.415998
0.887445 0.112555 0
0.162236 0.518649 0.319115
0.468929 0.531071 0
0.584176 0.415824 0
0.81228 0.18772 0
0.0392989 0.960701 0
0.275373 0.356968 0.36766
0.596618 0 0.403382
0.325303 0.277205 0.397492
