0.0736914 0.00166614 0.924642
0.670082 0.0799183 0.25
0.218194 0.531806 0.25
0.354867 0.13737 0.507763
0.0397021 0.960298 0
0.269383 0.173247 0.55737
0.758402 0.241598 0
0.677879 0.322121 0
0.637655 0.362345 0
0.571095 0.109324 0.319581
0.688444 0 0.311556
0.395005 0.0620747 0.54292
0.0876336 0.103802 0.808565
0 0.619744 0.380256
0.619678 0.0370268 0.343295
0.113826 0.398176 0.487998
0.477293 0.522707 0
0.529444 0.0209053 0.449651
0 0.260374 0.739626
0.430723 0.319277 0.25
0.206299 0.0957623 0.697938
7.32408e-19 6.90902e-17 1
0.198479 0.801521 0
0.71815 0.28185 0
0.517304 0.482696 0
0.13677 0 0.86323
0.126279 0.623721 0.25
0.286613 0.0438547 0.669533
0.0642658 0.67207 0.263665
0.274916 0.475084 0.25
0.421503 0 0.578497
0.162999 0.0669065 0.770095
0.557404 0.442596 0
0.879228 0.120772 0
0.0737049 0.471395 0.4549
0.0449556 0.0768914 0.878153
0.319983 0.0887393 0.591278
0.117541 0.510498 0.371961
0.394963 0.292087 0.31295
0 0.684864 0.315136
0.397173 0.176999 0.425828
0.442107 0.0954693 0.462424
0.171712 0.315874 0.512414
0.517299 0.0837592 0.398941
0.437324 0.562676 0
0.497611 0.252389 0.25
0.0329159 0.552695 0.414389
0.308369 0.213592 0.478039
0.0773344 0.591403 0.331262
0.248859 0.379075 0.372066
0 0.75 0.25
0.838976 0.161024 0
0.351427 0.253764 0.394809
0 0.517723 0.482277
0.440875 0.221148 0.337977
0.363568 0.386432 0.25
0.265331 0.286099 0.448571
0.0616737 0.299946 0.63838
0.156158 0.552406 0.291436
0.158774 0.841226 0
1 0 0
0.293153 0.412395 0.294452
0.798683 0.201317 0
0.0156866 0.39041 0.593903
0.0882381 0.352987 0.558775
0.24089 0.135464 0.623646
0.319632 0.332164 0.348204
0 0.333322 0.666678
0.601006 0.148994 0.25
0.919493 0.0805073 0
4.39632e-18 0.0621514 0.937849
0.0793918 0.920608 0
0.123146 0.148706 0.728148
0.597578 0.402422 0
0 1 0
0.262942 0 0.737058
0.529742 0.187007 0.283251
0.204106 0.464398 0.331497
0.487836 0 0.512164
0.397394 0.602606 0
0.137091 0.267111 0.595799
0.207379 0.354754 0.437867
0.480665 0.150053 0.369282
0 0.154727 0.845273
0.034757 0.190488 0.774755
0.75 0 0.25
0.15991 0.431395 0.408695
0.355243 0 0.644757
0.317721 0.682279 0
0.959752 0.0402476 0
0.169233 0.188143 0.642623
0.198513 0.00252492 0.798962
0.119089 0.880911 0
0.238174 0.761826 0
0.592378 0 0.407622
0.0865044 0.22596 0.687536
0.357501 0.642499 0
0 0.452678 0.547322
0.277955 0.722045 0
0.218793 0.241687 0.53952
