0.470594 0.102682 0.426724
0.252455 0 0.747545
0.0188797 0.228287 0.752833
0.240648 0.145488 0.613864
0.0631323 0.14766 0.789207
0.0281084 0.0351087 0.936783
0.363374 0.0312538 0.605372
1.44258e-17 0.2866 0.7134
0.0393956 0.960604 0
0.208638 0.0926218 0.69874
0.59483 0 0.40517
0.193559 0.413245 0.393196
0.360898 0.327252 0.31185
0.75 0 0.25
0.0851392 0.412158 0.502702
0.0672335 0.54755 0.385216
0.281864 0.0669063 0.65123
0.078757 0.921243 0
0.15779 0.84221 0
0.520487 0.0262764 0.453236
0.174488 0.575511 0.25
0.457714 0.292286 0.25
0.113135 0.460831 0.426034
0.527819 0.137689 0.334493
0.163605 0 0.836395
0.409345 0.252467 0.338188
8.81837e-18 0.175197 0.824803
0.021685 0.684178 0.294137
0.252316 0.497683 0.25
0.118171 0.881829 0
0.0981912 0 0.901809
1 0 0
0.316908 0.683092 0
0.63753 0.36247 0
3.22143e-17 0.64001 0.35999
0.141202 0.512662 0.346137
0.620442 0.0844332 0.295125
2.3166e-17 0.460246 0.539754
0.717767 0.282233 0
0.396801 0.603199 0
0.389789 0.360211 0.25
0.690538 0.0594621 0.25
0.1974 0.8026 0
0.517008 0.482992 0
0.6675 0 0.3325
0.91918 0.0808203 0
0.248011 0.326073 0.425916
0.132392 0.121113 0.746495
0.485931 0 0.514069
0.0874711 0.662529 0.25
0.112283 0.267059 0.620658
0.602481 0.147519 0.25
0.246751 0.436152 0.317097
0.205135 0.489888 0.304976
5.03341e-17 1 0
0.323252 0.421281 0.255467
0.276879 0.723121 0
0.798142 0.201858 0
0.381214 0.19844 0.420346
0.285415 0.366664 0.34792
5.55024e-17 8.79816e-21 1
0.356804 0.643196 0
0.0289723 0.500567 0.47046
0.757969 0.242031 0
0.557229 0.442771 0
0.54716 0.20284 0.25
0.0832543 0.0727339 0.844012
0.324049 0.109298 0.566653
0.426074 0 0.573926
0.273189 0.191476 0.535336
0 0.75 0.25
0.237021 0.762979 0
0.0908921 0.209505 0.699603
0.476807 0.523193 0
0.191179 0.229503 0.579318
0.563762 0.0652985 0.370939
0.100322 0.597206 0.302472
0.177064 0.0457059 0.77723
0 0.388233 0.611767
0.360541 0.151956 0.487503
0.219759 0.278206 0.502034
0.878791 0.121209 0
0.412467 0.0790423 0.508491
0.32235 0 0.67765
0.0332558 0.313912 0.652832
0.165426 0.36798 0.466594
0.163496 0.176398 0.660107
0 0.569908 0.430092
0.140759 0.317589 0.541652
0.32939 0.283047 0.387563
0.44812 0.171853 0.380027
0 0.105148 0.894852
0.959583 0.0404165 0
0.300585 0.23739 0.462024
0.677631 0.322369 0
0.0658166 0.358884 0.5753
0.484726 0.220836 0.294439
0.597432 0.402568 0
0.436634 0.563366 0
0.838452 0.161548 0
