0.76698 0.23302 0
0 0.061549 0.938451
0.0434725 0.557989 0.398539
0.294705 0.343572 0.361723
0.591307 0.144543 0.264149
0.489386 0.174351 0.336263
0.169137 0.230894 0.599969
0.353972 0 0.646028
0.328085 0.0562025 0.615713
0.690552 0.309448 0
4.15005e-17 1.32878e-19 1
0.209 0.152715 0.638284
0.348123 0.159812 0.492066
0.545067 0.103837 0.351096
0.111281 0.447136 0.441584
0.652577 0.347423 0
0 0.211725 0.788275
0.120251 0.0664662 0.813283
0.248447 0.31358 0.437973
0.249417 0.500583 0.25
0.195922 0.398153 0.405925
0.253466 0.195037 0.551497
1 0 0
0.429325 0 0.570675
0.213245 0.450213 0.336542
0.384716 0.0825871 0.532697
0.156677 0 0.843323
0.210805 0.273229 0.515966
0.105041 0.894959 0
0.439654 0.250025 0.310321
5.71114e-18 0.153278 0.846722
0.0831829 0 0.916817
0.278662 0 0.721338
0.0422198 0.233542 0.724238
1.13942e-17 0.305803 0.694197
2.02232e-17 0.542756 0.457244
0.391309 0.608691 0
0.281228 0.406879 0.311893
0.466853 0.283147 0.25
0.354927 0.645073 0
0.14017 0.85983 0
0.175673 0.574327 0.25
0.427892 0.572108 0
0.960958 0.0390422 0
0.0802333 0.594251 0.325516
0.129077 0.49599 0.374934
0.318834 0.681166 0
0.156557 0.536449 0.306994
0.034922 0.965078 0
0.506214 0.0762518 0.417534
0.501769 0.498231 0
0.921972 0.0780277 0
0.0582696 0.346692 0.595039
3.72601e-17 1 0
0.0868232 0.269625 0.643551
0.538942 0 0.461058
0.432834 0.123961 0.443205
0.0382321 0.482705 0.479063
0.0830019 0.145575 0.771423
0.366584 0.303923 0.329493
0.596888 0.0101555 0.392956
0.175539 0.824461 0
0.211263 0.788737 0
0.24704 0.75296 0
0.405755 0.203539 0.390706
0.393151 0.35642 0.250429
0.0444204 0.088661 0.866919
0.13134 0.310852 0.557807
0.728522 0.271478 0
0.296555 0.230004 0.473441
0.538909 0.461091 0
0.282733 0.717267 0
0.883126 0.116874 0
0.614303 0.385697 0
0.844179 0.155821 0
0.0826762 0.398381 0.518942
0.626359 0.0621981 0.311442
0.576227 0.423773 0
0.468536 0.0312461 0.500218
0.125706 0.18811 0.686184
0.670295 0.0797051 0.25
0.540645 0.209355 0.25
0.16681 0.10568 0.72751
0.162787 0.357457 0.479756
0.294437 0.124087 0.581476
0.247481 0.0764271 0.676092
2.3802e-17 0.638808 0.361192
0.673048 0 0.326952
0.0275549 0.685942 0.286503
0.102157 0.647843 0.25
0.75 0 0.25
1.77308e-17 0.75 0.25
1.66868e-17 0.447846 0.552154
0.335058 0.256493 0.408448
0.464633 0.535367 0
0.321492 0.428508 0.25
0.0699701 0.93003 0
0.80558 0.19442 0
1.40424e-17 0.376876 0.623124
0.209202 0.0200354 0.770763
