0.268039 0 0.731961
0.75 0 0.25
0.161116 0.202255 0.636629
0.415285 0.584715 0
0.0490087 0.0820745 0.868917
0 0.749986 0.250014
0.220028 0.31797 0.462001
0 0.0594541 0.940546
0 0.438264 0.561736
0 0.366579 0.633421
0.262564 0.737436 0
0.686153 0.0321869 0.28166
0.379157 0.245687 0.375156
2.45718e-17 0.590195 0.409805
0.0654018 0.320787 0.613811
0 0.295057 0.704943
0.123909 0.161714 0.714377
0.921792 0.0782075 0
0.343458 0.321582 0.33496
0.570793 0.179207 0.25
0.0742086 0.409761 0.51603
0.054559 0.489832 0.455609
0.128611 0.0656271 0.805762
0.126146 0.596941 0.276913
0.644664 0.105331 0.250005
0.153315 0.505987 0.340698
0.413533 0.167025 0.419442
2.14069e-17 0.514176 0.485824
0 0.146131 0.853869
0.0424791 0.22338 0.734141
0.531535 0.468465 0
0.074499 0.925501 0
0.320622 0.0909177 0.58846
0.260142 0.36161 0.378248
7.74124e-18 0.202842 0.797158
0.247261 0.240958 0.511781
0.687419 0.312581 0
0.276816 0.173447 0.549737
0.322551 0.427447 0.250002
0.358367 0 0.641633
0.882661 0.117339 0
0.111902 0.888098 0
0.64836 0.35164 0
0.084238 0.134246 0.781516
0.300396 0.699604 0
0.0547413 0.627719 0.31754
0.492566 0.507434 0
0.538313 0.154787 0.3069
0.765494 0.234506 0
0.592697 0.0785555 0.328747
0.960926 0.0390738 0
0.224617 0.775383 0
0.153339 0.366018 0.480642
0.251329 0.496498 0.252173
0.426903 0.288324 0.284773
0.453895 0.546105 0
0.283386 0.0513052 0.665309
0.429639 0 0.570361
0.452228 0.0866607 0.461111
0.186887 0.813113 0
0.376872 0.623128 0
0.57017 0.42983 0
0.726442 0.273558 0
0.330146 0.207721 0.462132
1.96824e-17 1 0
0.609269 0.390731 0
0.644957 0 0.355043
0.804494 0.195506 0
0.160109 0 0.839891
0.295852 0.397236 0.306913
0.235029 0.144858 0.620113
0.393787 0.356205 0.250008
1 0 0
0.0928596 0.252313 0.654827
0.173608 0.261661 0.564731
0.496935 0.253065 0.25
0.194072 0.106659 0.699269
0.113699 0.338132 0.548168
0.0852049 0 0.914795
0.458358 0.207347 0.334295
0.188651 0.561343 0.250006
0.571328 0 0.428672
0.222017 0.455156 0.322827
0.495016 0.126917 0.378067
0.0755281 0.674467 0.250005
0.0810681 0.546388 0.372544
0.120542 0.45355 0.425907
0.338453 0.661547 0
0.0371877 0.962812 0
0.208527 0.0291439 0.762329
0.398944 0.0601788 0.540877
0.297149 0.2825 0.420351
0.498077 0.00229729 0.499625
0.536926 0.0576838 0.40539
0.14928 0.85072 0
2.79004e-17 0.670144 0.329856
0.84357 0.15643 0
0 0 1
0.189904 0.409224 0.400872
0.363681 0.133395 0.502924
