0.107134 0.0849455 0.807921
0.672434 0.0645235 0.263042
3.688e-17 0.0814937 0.918506
0.0869283 0.334494 0.578578
0.229025 0.071275 0.6997
0.510434 0 0.489566
0.516967 0.233033 0.25
0.0115505 0.669299 0.319151
0.959891 0.040109 0
0.759939 0.240061 0
0.448484 0.273774 0.277742
0.0821109 0.0373109 0.880578
0.0403854 0.959615 0
3.17892e-17 0.75 0.25
7.84376e-18 7.5423e-17 1
0.0574907 0 0.942509
0.161397 0.838603 0
0.0398928 0.297488 0.662619
0.159159 0.416468 0.424373
0.20663 0.54337 0.25
0.16297 0.528819 0.308211
0.481763 0.518237 0
1.79091e-17 0.511004 0.488996
0.24901 0.290542 0.460449
0.225279 0.367245 0.407475
0.640561 0.359439 0
0.281963 0.718037 0
0.367618 0.171444 0.460939
0.368102 0.303753 0.328145
0.5924 0.0773191 0.330281
0.521494 0.478506 0
0.422806 0.0632712 0.513922
0.196419 0.458621 0.344959
0.327133 0.255689 0.417179
1 0 0
0.0304533 0.548974 0.420573
0.305148 0.139536 0.555316
0.114962 0.502341 0.382697
0.283607 0.21284 0.503553
0.720104 0.279896 0
3.5047e-17 1 0
0.0226722 0.126369 0.850959
0.75 0 0.25
0.0940919 0.213008 0.6929
0.441878 0.558122 0
0.322009 0.677991 0
0.170981 0.312778 0.516241
0.121083 0.878917 0
0.057255 0.409809 0.532935
0.0635935 0.68361 0.252797
0.29686 0.337911 0.365229
5.16357e-17 0.36722 0.63278
1.13338e-17 0.267398 0.732602
0.179479 0.1589 0.661621
0.552463 0.028446 0.419091
0.0794094 0.462975 0.457615
0.338615 0.391859 0.269526
0.0806244 0.585206 0.33417
0.130148 0.378744 0.491108
0.259564 0 0.740436
0.478485 0.191426 0.330089
0.403394 0.226357 0.370249
0.259893 0.420089 0.320018
0.622916 0.127084 0.25
0.201559 0.798441 0
0.0664624 0.16778 0.765757
0.190422 0.0307298 0.778848
0.272972 0.0957464 0.631282
0.203268 0.243087 0.553645
2.61596e-17 0.617181 0.382819
0.28326 0.46674 0.25
0.799807 0.200193 0
0.518295 0.113184 0.368521
0.839721 0.160279 0
0.129949 0.620051 0.25
1.86113e-17 0.439094 0.560906
0.401968 0.598032 0
0.364011 0.100566 0.535424
0.433489 0 0.566511
0.241808 0.758192 0
0.362017 0.637983 0
0.146372 0.119814 0.733814
0.0807421 0.919258 0
0.327251 0 0.672749
0.406182 0.343818 0.25
0.919779 0.0802211 0
0.437781 0.148171 0.414048
0.600849 0.399151 0
0.879795 0.120205 0
0.618757 0 0.381243
0.356917 0.0346164 0.608467
0.15378 0 0.84622
0.557277 0.162395 0.280328
0.684433 0 0.315567
8.33902e-18 0.196742 0.803258
0.680315 0.319685 0
0.129827 0.256132 0.614041
0.469852 0.0810744 0.449074
0.561136 0.438864 0
0.226952 0.179282 0.593765
