0.0626237 0.378948 0.558428
0.117704 0.604528 0.277769
0.383776 0.194501 0.421722
0.0734856 0.575159 0.351355
2.78888e-18 0.10048 0.89952
0.208397 0.0887253 0.702877
0.0184342 0.684551 0.297014
0.96031 0.0396896 0
0.296564 0.418349 0.285087
0.253445 0 0.746555
0.135737 0.352696 0.511567
0.603984 0.396016 0
0.467153 0.282846 0.250001
0.508086 0.0783424 0.413572
1 0 0
0.722361 0.277639 0
0.325668 0.674332 0
0.749999 0 0.250001
0.92055 0.0794497 0
0.185488 0.0344688 0.780043
0.258369 0.248674 0.492957
0.445642 0.554358 0
2.08166e-17 0.749999 0.250001
0.0920884 0.295964 0.611947
0.164503 0.237161 0.598337
0.682903 0.317097 0
0.245003 0.754997 0
0.321158 0.227306 0.451536
0.525046 0.474954 0
0.169538 0.405652 0.42481
0.532641 0.217357 0.250001
0.00852717 0.336456 0.655017
0 0.406874 0.593126
0.0780463 0.164316 0.757637
0.548118 0.11582 0.336062
0.164054 0.835946 0
0.365745 0.634255 0
1.58065e-17 0.56949 0.43051
0 0.478666 0.521334
0.598251 0.151748 0.250001
0.384426 0.023675 0.591899
0.595259 0.0261157 0.378626
0.44751 0 0.55249
0.262031 0.487967 0.250001
0.564541 0.435459 0
0.285411 0.714589 0
1.10789e-16 2.33154e-19 1
0.20461 0.79539 0
0.0443568 0.511427 0.444216
0.373736 0.0865873 0.539677
0.0822111 0.917789 0
0.0919999 0 0.908
0.0864667 0.663532 0.250001
0.0607004 0.24255 0.69675
0.841076 0.158924 0
0.253931 0.374051 0.372017
1.76309e-17 0.635221 0.364779
0.153862 0 0.846138
0.123125 0.876875 0
0.475261 0.033176 0.491563
0.279419 0.0450835 0.675498
5.56484e-18 0.200494 0.799506
0.801399 0.198601 0
0.485376 0.514624 0
0.0278537 0.036346 0.9358
0.0334626 0.1265 0.840037
0 0.273373 0.726627
0.21082 0.44978 0.3394
0.216328 0.328461 0.455211
0.334936 0.156353 0.508711
0.0880616 0.434436 0.477502
0.335851 0.332069 0.33208
0.181746 0.282197 0.536057
0.399972 0.249128 0.3509
0.147528 0.124392 0.72808
0.121406 0.485623 0.392971
0.408621 0.312602 0.278777
0.299036 0.296193 0.404771
0.880742 0.119258 0
0.191408 0.558591 0.250001
0.459649 0.157303 0.383048
0.64344 0.35656 0
0.761829 0.238171 0
0.423064 0.114603 0.462332
0.626483 0.0820953 0.291422
0.131786 0.198554 0.66966
0.405649 0.594351 0
0.345286 0 0.654714
0.301015 0.101908 0.597077
0.666028 0 0.333972
0 1 0
0.248233 0.190359 0.561407
0.365523 0.384476 0.250001
0.0411325 0.958867 0
0.160535 0.523002 0.316464
0.550701 0 0.449299
0.491935 0.194791 0.313274
0.21967 0.145611 0.634719
0.691741 0.0582575 0.250001
0.107392 0.0772961 0.815312
