0.168717 0.203416 0.627867
1.83591e-18 0.233881 0.766119
0.365064 0.32318 0.311755
0.0905212 0.425536 0.483943
0.197064 0.802936 0
0.118281 0.881719 0
0.44493 0.141256 0.413814
0.222179 0.527821 0.25
0.514279 0.485721 0
2.75479e-18 0.350938 0.649062
0.410595 0.339405 0.25
0.133958 0.161785 0.704258
0.394824 0.605176 0
0.271339 0.224566 0.504096
0.63428 0.36572 0
0.247742 0.041386 0.710872
0.434572 0.565428 0
0.513745 0 0.486255
0.54116 0.0832412 0.375599
0.594038 0.405962 0
5.40064e-18 0.687998 0.312002
0.0596332 0.200446 0.739921
0.689319 0 0.310681
0.352527 0.080638 0.566835
0.17265 0.498734 0.328616
0.11453 0.0585512 0.826919
0.313658 0.0516707 0.634671
0.554146 0.445854 0
0.0157473 0.289768 0.694485
0.0788742 0.921126 0
0.0652565 0.377435 0.557308
0.624148 0.0336668 0.342185
0.195204 0.249049 0.555747
0.307757 0.156853 0.53539
0.226747 0.300386 0.472866
0.400846 0.1056 0.493554
0.0350447 0.0913997 0.873556
0.388885 0.223365 0.38775
0.959131 0.0408695 0
0.487977 0.262023 0.25
0.0336607 0.623201 0.343138
0.0359053 0.511212 0.452883
0.129042 0.462866 0.408092
0.167425 0.0826863 0.749889
0.0825905 0.539878 0.377532
0.836696 0.163304 0
0.315443 0.684557 0
0.263936 0.340165 0.395899
3.27e-18 0.416571 0.583429
0.314269 0.268102 0.417629
0.145649 0.336898 0.517454
0.355062 0.644938 0
0.334045 0.415955 0.25
0.755388 0.244612 0
0.116066 0.575937 0.307998
9.92935e-18 4.55818e-17 1
0.216785 0.42199 0.361225
0.796014 0.203986 0
0.414445 0.260428 0.325127
0.565119 0.184881 0.25
0.157684 0.842316 0
0.215513 0 0.784487
4.83545e-19 0.0615997 0.9384
7.51385e-17 1 0
0.75 0 0.25
0.275975 0.724025 0
5.88734e-18 0.75 0.25
0.263648 0.459752 0.2766
0.298014 0.372738 0.329248
0.0872054 0.2493 0.663494
0.106967 0.297443 0.59559
0 0.482068 0.517932
0.178145 0.382038 0.439817
0.595673 0.116852 0.287475
0.586185 0 0.413815
0.667382 0.0826183 0.25
0.877483 0.122517 0
0.0774982 0 0.922502
0.21517 0.114944 0.669887
0.150683 0.599317 0.25
0.254967 0.143395 0.601639
0.0829742 0.128871 0.788154
0.35538 0.184917 0.459703
0.48523 0.0646952 0.450075
0.714895 0.285105 0
0.506387 0.153942 0.339671
0.474393 0.525607 0
0.477063 0.215018 0.307918
1 0 0
0.674565 0.325435 0
0.393871 0 0.606129
1.27019e-18 0.161812 0.838188
0.0791961 0.670804 0.25
0.442555 0.0201406 0.537304
0.918294 0.0817057 0
0.146356 0 0.853644
4.58608e-18 0.58423 0.41577
0.236468 0.763532 0
0.0394456 0.960554 0
0.306171 0 0.693829
