0.700594 0.299406 0
0.367442 0 0.632558
0.492453 0 0.507547
0.271822 0.326917 0.401261
0.441649 0.558351 0
0.211854 0.49052 0.297626
0.240392 0.411323 0.348285
0.404883 0.595117 0
0.10545 0.022693 0.871858
0.0706514 0.101164 0.828184
0.775167 0.224833 0
0.522329 0.0640198 0.413651
0.0265765 0.443934 0.52949
3.45967e-17 0.629734 0.370266
0.177916 0 0.822084
0.205907 0.190366 0.603727
0.348526 0.165599 0.485875
0.16445 0.165707 0.669843
0.812552 0.187448 0
0.47777 0.143651 0.378578
1 0 0
0.127302 0.599138 0.27356
0.631641 0 0.368359
0.222211 0.289875 0.487914
0.125785 0.521845 0.35237
0.603236 0.131081 0.265683
0.75 0 0.25
0.11075 0.88925 0
0.0881954 0.221815 0.68999
0.0369355 0.963065 0
6.51474e-18 0.75 0.25
0.151893 0.0631918 0.784915
0.562052 0 0.437948
0.295298 0.0228136 0.681888
0.297141 0.141181 0.561678
5.49387e-17 1 0
5.45241e-18 3.6181e-17 1
0.294775 0.705225 0
0.221243 0.778757 0
1.75e-17 0.328673 0.671327
0.0735994 0.588341 0.33806
0.331463 0.668537 0
0.0303453 0.187661 0.781994
0.314957 0.366258 0.318785
8.0878e-18 0.147215 0.852785
0.887415 0.112585 0
0.0155077 0.684992 0.299501
0.204804 0.0831974 0.711998
0.19166 0.55834 0.25
0.355825 0.394175 0.25
0.00246206 0.0775362 0.920002
0.0781086 0.352803 0.569088
0.0644884 0.29422 0.641292
2.20255e-17 0.40091 0.59909
0.250987 0 0.749013
0.251551 0.109468 0.638981
0.086485 0.663515 0.25
0.147573 0.852427 0
0.111199 0.405934 0.482867
0.626333 0.373667 0
0.515334 0.484666 0
0.0633278 0 0.936672
0.478466 0.521534 0
0.114223 0.139833 0.745943
0.572395 0.0881782 0.339427
0.665535 0.0844649 0.25
0.737785 0.262215 0
0.545159 0.204841 0.25
0.589284 0.410716 0
0.552264 0.447736 0
0.144027 0.327485 0.528487
0.428008 0.0120837 0.559908
0.192099 0.368644 0.439258
0.849965 0.150035 0
0.0738586 0.926141 0
0.962446 0.0375543 0
0.924914 0.0750856 0
0.682425 0.0167828 0.300792
0.663388 0.336612 0
0.258042 0.741958 0
0.395124 0.195344 0.409531
0.401214 0.323665 0.275121
0.33439 0.0670331 0.598577
0.161207 0.446502 0.392291
0.435194 0.234415 0.330391
0.184435 0.815565 0
4.46767e-18 0.514333 0.485667
0.368166 0.631834 0
1.40909e-17 0.256484 0.743516
0.470813 0.279187 0.25
0.513879 0.175971 0.31015
0.155379 0.260359 0.584262
0.309128 0.246551 0.444322
0.284986 0.465014 0.25
0.390263 0.0848894 0.524848
0.0247587 0.559556 0.415685
0.440375 0.104124 0.455501
0.355488 0.282899 0.361613
0.255798 0.217573 0.526629
0.0792699 0.481473 0.439258
