0.718896 0.281104 0
0.311139 0.438861 0.25
0.798527 0.201473 0
0.647105 0.102895 0.25
0.146598 0 0.853402
1 0 0
0.289521 0.0283595 0.682119
0.87882 0.12118 0
0.191334 0.204328 0.604338
0.134358 0.12395 0.741692
9.38529e-18 0.547829 0.452171
1.02182e-16 6.43516e-17 1
0.758594 0.241406 0
0.251063 0.301758 0.447179
0.316241 0.0819152 0.601844
0.0158905 0.665958 0.318152
0.36997 0.63003 0
0.336413 0.255643 0.407945
0.257304 0.742696 0
0.0727384 0.927262 0
0.689462 0.0274188 0.283119
0.605623 0.0695261 0.324851
1.06033e-17 0.618927 0.381073
0.12303 0.61262 0.26435
0.0690971 0.680903 0.25
0.338095 0.37604 0.285865
0.288907 0.342386 0.368707
0.194787 0.555213 0.25
0.146021 0.853979 0
0.0750913 0.0432552 0.881653
0.462831 0 0.537169
0.223099 0.254516 0.522385
0.396028 0.03255 0.571422
0.414521 0.335479 0.25
0.25073 0.481181 0.268089
0.161496 0.352124 0.486379
5.82097e-18 0.339776 0.660224
0.219955 0.780045 0
1.71318e-17 1 0
0.641519 0 0.358481
0.234083 0.424067 0.341851
0.639843 0.360157 0
0.209349 0.0795842 0.711067
0.0974758 0.090547 0.811977
0.152858 0.276784 0.570358
0.0561207 0 0.943879
0.523012 0.476988 0
0.48451 0.51549 0
0.600466 0.399534 0
0.919237 0.0807632 0
0.156132 0.165009 0.678859
0.358276 0 0.641724
0.567324 0.0212227 0.411453
0.353167 0.122048 0.524785
0.375335 0.294963 0.329702
0.0665921 0.518262 0.415146
0.294572 0.705428 0
0.182903 0.817097 0
0.445935 0.554065 0
0.420435 0.21278 0.366785
0.534188 0.0953146 0.370498
0.561507 0.438493 0
1.42683e-18 0.0832857 0.916714
0.071045 0.303732 0.625223
0.576407 0.149705 0.273888
0.0861716 0.57209 0.341738
0.0151026 0.268601 0.716297
0.249615 0 0.750385
0.111313 0.342586 0.546101
0.143371 0.470784 0.385845
0.495245 0.175764 0.328991
0.270921 0.167528 0.56155
0.0668178 0.179051 0.754131
0.0362461 0.963754 0
0.0138525 0.139195 0.846953
7.59581e-18 0.443376 0.556624
0.434956 0.0763037 0.488741
0.10382 0.233603 0.662577
4.16334e-17 0.75 0.25
0.407825 0.592175 0
0.465225 0.119664 0.415111
0.0292736 0.473663 0.497064
0.332164 0.667836 0
0.838679 0.161321 0
0.0328799 0.383451 0.583669
0.196791 0.387945 0.415265
0.679233 0.320767 0
0.460408 0.263547 0.276045
0.168032 0.514413 0.317555
0.959603 0.0403974 0
0.30379 0.211393 0.484817
0.526908 0 0.473092
5.78015e-18 0.211547 0.788453
0.109272 0.890728 0
0.530277 0.219723 0.25
0.75 0 0.25
0.385585 0.167331 0.447084
0.179498 0.0327507 0.787751
0.103571 0.430387 0.466043
0.23958 0.120952 0.639468
