0.638637 0.111361 0.250002
1 0 0
0.0277348 0.331387 0.640878
0.169636 0.0744563 0.755908
0.543809 0.456191 0
0.255179 0.0219987 0.722822
0.271436 0.728564 0
0.279476 0.330806 0.389717
0.42757 0.57243 0
0.198409 0.370206 0.431385
0.113187 0.526191 0.360622
0.687903 0.0374955 0.274601
0.472033 0.0684814 0.459486
0.116036 0.883964 0
0.240116 0.288051 0.471833
0.849618 0.150382 0
0.736074 0.263926 0
0.0756802 0.48518 0.439139
0.205539 0 0.794461
0.621014 0.378986 0
0.13144 0.153817 0.714743
0.0204475 0.569514 0.410039
0.811843 0.188157 0
0.0234526 0.450581 0.525967
0.437645 0.143194 0.419161
0.15935 0.448706 0.391944
0.232464 0.767536 0
6.34637e-18 0.520335 0.479665
0.244252 0.161677 0.594071
0.36698 0.031636 0.601384
0.505175 0.494825 0
0.924938 0.0750622 0
0.0173019 0.14411 0.838588
0.113905 0.408725 0.47737
0.0771583 0.365898 0.556943
0.158673 0.327005 0.514322
0.887306 0.112694 0
0.749998 0 0.250002
0.141435 0.57404 0.284525
0.774087 0.225913 0
0.286305 0.0782737 0.635422
0.651344 0 0.348656
0.32423 0.121857 0.553913
0.361222 0.171525 0.467253
0.402152 0.220719 0.377128
0.582432 0.417568 0
0.548767 0.0532033 0.39803
0.24179 0.413698 0.344513
1.63228e-17 1 0
0.480389 0.189597 0.330014
0.310445 0.689555 0
0.417798 0.3322 0.250002
0.129537 0.029729 0.840734
0.317275 0.371152 0.311573
0.449435 0.266306 0.284259
0.197592 0.552406 0.250002
0.399666 0.0878057 0.512529
0.19368 0.80632 0
0.154822 0.845178 0
0.0998455 0.650153 0.250002
0.0318211 0.0340519 0.934127
0.0256433 0.689125 0.285232
0.0827964 0.24326 0.673944
0.321869 0.252083 0.426048
0.576858 0 0.423142
0.388538 0.611462 0
0.364918 0.296523 0.338559
0.433965 0 0.566035
0.600188 0.0776266 0.322185
2.64822e-18 0.217126 0.782874
0.567095 0.160198 0.272707
0.164311 0.20037 0.635319
0.962454 0.0375456 0
0.0386289 0.961371 0
0.697868 0.302132 0
4.9166e-18 0.403109 0.596891
0.34945 0.400548 0.250002
0.349504 0.650496 0
3.54392e-18 0.290565 0.709435
0.0773209 0.922679 0
0.0687625 0.603651 0.327587
0.200499 0.245073 0.554428
0.659452 0.340548 0
0.117134 0.285976 0.596891
0.0604557 0.18962 0.749924
0.521462 0.228536 0.250002
0.28126 0.468738 0.250002
1.21913e-18 0.0999559 0.900044
0.097745 0 0.902255
0.466481 0.533519 0
0.502314 0 0.497686
0.325561 0 0.674439
0.210279 0.11311 0.676611
0.206328 0.489546 0.304126
0.0903144 0.10594 0.803745
2.76605e-17 0.640473 0.359527
3.23907e-17 0.749998 0.250002
1.01823e-17 4.53289e-17 1
0.282171 0.206298 0.511531
0.516951 0.119784 0.363266
