0.579903 0.0667658 0.353331
0.0749028 0.670778 0.254319
0.354287 0.26843 0.377283
0.423411 0.326589 0.25
0 0.178213 0.821787
0.26014 0.207881 0.531979
0.157513 0.423246 0.419241
0.246321 0.503679 0.25
0.916818 0.0831825 0
0.0178884 0.103853 0.878259
0.542926 0 0.457074
0.082169 0.917831 0
0.0765962 0 0.923404
0.442772 0.226393 0.330835
1.34681e-17 0.494757 0.505243
0.687151 0.0628492 0.25
0.434808 0.115707 0.449485
0.217291 0 0.782709
0 0.252367 0.747633
0.193953 0.120149 0.685898
0.389805 0.0828964 0.527298
0.315582 0.351472 0.332945
0.582304 0.417696 0
0.34032 0.0601192 0.599561
0.202183 0.464473 0.333345
0.0794425 0.456386 0.464172
0.28921 0.71079 0
0.296174 0.135758 0.568068
0 0.378271 0.621729
0.791962 0.208038 0
0.112598 0.379656 0.507745
0.0410956 0.958904 0
0.372585 0.627415 0
0.618724 0.0963245 0.284952
0.833695 0.166305 0
0.204856 0.196122 0.599022
0.483623 0.150061 0.366316
7.51498e-17 9.13837e-17 1
0.272751 0.311448 0.415801
0.475831 0.0339718 0.490197
0.283178 0.434126 0.282696
0.609451 0 0.390549
0.0991317 0.575519 0.32535
0.152279 0.079749 0.767972
1 0 0
0.103816 0.158519 0.737664
0.374847 0 0.625153
0.330813 0.669187 0
0.0163855 0.308992 0.674623
0.228081 0.272367 0.499552
0.192025 0.347115 0.460859
0.49572 0.25428 0.25
0.875223 0.124777 0
0.514049 0.08203 0.403921
0.237749 0.389032 0.373219
0.0739457 0.339112 0.586943
0.624276 0.375724 0
0.263775 0.0946239 0.641602
0.528787 0.180731 0.290482
0.673028 0.00267804 0.324294
0.349016 0.160154 0.49083
0.958472 0.0415282 0
8.42506e-17 0.0605673 0.939433
0.540315 0.459685 0
0.0400498 0.53159 0.428361
0.0651817 0.226578 0.70824
0.238231 0.041628 0.720141
0.414391 0.585609 0
0.75 0 0.25
0.123293 0.501459 0.375248
0.20593 0.79407 0
0 0.75 0.25
0.456356 0.543644 0
0.155548 0.294329 0.550124
0.031716 0.620888 0.347396
0.109913 0.261358 0.628729
0.351077 0.398923 0.25
0.31153 0.234749 0.453721
0.177107 0.542124 0.280769
0.140045 0.609955 0.25
0.750125 0.249875 0
0.0703478 0.127536 0.802116
0.247583 0.752417 0
0.498285 0.501715 0
0.123396 0.876604 0
0.160195 0 0.839805
0.164529 0.835471 0
0.392739 0.301008 0.306253
0.397465 0.191765 0.41077
0.591099 0.158901 0.25
0.442597 0 0.557403
0.666243 0.333757 0
0.152361 0.184645 0.662995
0.0238144 0.425013 0.551173
0 1 0
0.0978002 0.0501627 0.852037
0 0.591506 0.408494
0.708182 0.291818 0
0 0.688355 0.311645
0.307208 0 0.692792
