0.286347 0.271574 0.442079
3.31321e-17 0.596855 0.403145
0.416872 0.333128 0.25
0.301484 0.385974 0.312541
0.156713 0.271275 0.572012
1.09203e-17 0.196722 0.803278
1 0 0
0.326086 0.0634557 0.610458
0 0.75 0.25
0.0879084 0.428177 0.483914
6.86527e-18 0.460404 0.539596
0.0604195 0.094399 0.845182
0.120043 0.594808 0.285149
0.120977 0.350455 0.528568
0.223166 0.430157 0.346677
0.369165 0 0.630835
0.297151 0.702849 0
0.199989 0.0588252 0.741186
0.334828 0.665172 0
0.669156 0.0112469 0.319597
1.64589e-17 0.296497 0.703503
0.396892 0.2774 0.325708
0.170575 0.390637 0.438788
0.617323 0 0.382677
0.615715 0.111628 0.272657
0.0353559 0.237742 0.726903
0.681467 0.318533 0
0.365102 0.0944654 0.540433
0.156224 0.00118502 0.842591
0.47025 0.223712 0.306038
0.432401 0.0615194 0.506079
0.44872 0.55128 0
0.0369185 0.963081 0
0.191882 0.506797 0.301321
0.125194 0.0730774 0.801729
0.259623 0.740377 0
0.110947 0.889053 0
0.959778 0.0402218 0
0.493003 0.256997 0.25
0.141752 0.467249 0.391
0.603117 0.396883 0
0.179943 0.570057 0.25
0.720945 0.279055 0
0.203596 0.311487 0.484917
0.410493 0.589507 0
0.83971 0.16029 0
0.39907 0.143102 0.457828
0.486878 0.513122 0
0.0624337 0.501569 0.435998
0.0377366 0.3917 0.570564
0.32317 0.185076 0.491754
0.186099 0.167076 0.646825
0.0760818 0.306999 0.616919
0.760526 0.239474 0
0.222213 0.777787 0
0.549169 0.0361671 0.414664
0.2281 0 0.7719
0.250724 0.351053 0.398224
0.184931 0.815069 0
0.75 0 0.25
0.285485 0.14267 0.571845
0.111625 0.220417 0.667957
0.682955 0.0670448 0.25
0.246366 0.0913071 0.662327
0.362431 0.229008 0.408561
0.0909602 0 0.90904
0.564036 0.435964 0
0.44366 0 0.55634
0.038688 0.625995 0.335317
0.330658 0.315277 0.354065
0.0164121 0.0470454 0.936543
7.88316e-18 0.528666 0.471334
0.919715 0.0802846 0
6.74796e-18 0.12156 0.87844
0.518239 0 0.481761
0.095009 0.546161 0.35883
0.478156 0.0972871 0.424557
0.522096 0.145719 0.332185
0 0 1
0.153493 0.130446 0.716061
0.244758 0.232643 0.5226
0.568957 0.181043 0.25
0.525294 0.474706 0
3.83801e-17 0.691394 0.308606
0.343041 0.406959 0.25
0.879658 0.120342 0
0.0739137 0.926086 0
0.147921 0.852079 0
2.00443e-17 0.361086 0.638914
0.800049 0.199951 0
0.269019 0.480981 0.25
0.081514 0.668486 0.25
0.575534 0.0768029 0.347663
1.49114e-17 1 0
0.642341 0.357659 0
0.438809 0.182413 0.378779
0.210665 0.196502 0.592833
0.0808198 0.159448 0.759732
0.372548 0.627452 0
0.295516 0.00377684 0.700707
