0.425214 0.0570122 0.517774
0.804525 0.195475 0
1.16566e-17 0.556894 0.443106
0.0778499 0.401447 0.520703
0.264795 0.368593 0.366612
0.0377845 0.962215 0
0.115962 0.440026 0.444012
0.572027 0.427973 0
0.115737 0 0.884263
0.155069 0.243938 0.600993
0.0589532 0.691047 0.25
0.0790467 0.164913 0.756041
0.457431 0 0.542569
0.0879559 0.628214 0.28383
0.262224 0.251016 0.48676
0.634164 0.0542423 0.311594
0.533387 0.466613 0
0.673256 0.0767443 0.25
0.244067 0.437893 0.31804
0.0279444 0.138784 0.833272
0.504141 0.131031 0.364828
0.0817707 0.0618409 0.856388
0.194518 0.158153 0.647329
0 0.440322 0.559678
0.189334 0.810666 0
0.330439 0.33969 0.329872
2.05235e-17 0.75 0.25
0.0241033 0.486309 0.489588
0.379925 0.620075 0
0.280078 0.469922 0.25
0.688017 0.311983 0
0.351444 0.397731 0.250825
0.113383 0.886617 0
0.231369 0.201246 0.567386
0.371439 0.250922 0.377639
0.303566 0.696434 0
1 0 0
0.189201 0.00177831 0.809021
0.11928 0.552493 0.328227
0.564446 0.088032 0.347522
0 1 0
0.671931 0 0.328069
0.765631 0.234369 0
0.424203 0.166361 0.409436
0.151368 0.848632 0
0.163848 0.475491 0.360661
0.19558 0.288351 0.51607
0.231477 0.0694597 0.699063
0.418237 0.581763 0
0.306773 0.162643 0.530584
0.960812 0.0391882 0
1.00225e-16 6.63084e-17 1
0.387 0.128081 0.484919
0.265376 0.734624 0
0.425369 0.324631 0.25
0.610604 0.389396 0
0.34723 0.0800311 0.572739
0.649281 0.350719 0
0.48007 0.0794472 0.440483
0.207909 0.520876 0.271215
0 0.322964 0.677036
0.921623 0.0783771 0
0.0782067 0.516307 0.405487
0.75 0 0.25
0.165421 0.357614 0.476965
0.339914 0.208999 0.451088
0.113089 0.325773 0.561137
0.0293906 0.599313 0.371296
0.19948 0.393581 0.406938
9.00127e-18 0.20808 0.79192
0.271442 0.112806 0.615752
0 0.667621 0.332379
0.595771 0.134272 0.269958
0.0753782 0.284717 0.639905
0.314005 0.0221942 0.663801
0.843535 0.156465 0
0.38196 0 0.61804
0.28588 0.297624 0.416497
0.227338 0.772662 0
0.0246475 0.251939 0.723414
0.161035 0.588965 0.25
0.556334 0.193666 0.25
0.456649 0.543351 0
0.593866 0 0.406134
0.113909 0.203982 0.68211
0.726795 0.273205 0
0.494998 0.505002 0
1.49475e-17 0.0968849 0.903115
0.402869 0.289551 0.30758
0.341676 0.658324 0
0.88252 0.11748 0
0.0755672 0.924433 0
0.526905 0.00508937 0.468006
0.128562 0.0826798 0.788758
0.0396461 0.0207945 0.939559
0.023111 0.370249 0.60664
0.493124 0.250973 0.255903
0.161759 0.114578 0.723664
0.262379 0 0.737621
0.461667 0.208664 0.329669
