0.919569 0.0804308 0
0.488208 0.258518 0.253274
0.552569 0.197431 0.25
0.420647 0.181969 0.397384
0.21784 0.446649 0.335511
0.18432 0.81568 0
0 0.0942976 0.905702
0.839422 0.160578 0
0.191731 0 0.808269
0.0300273 0.133568 0.836405
0 0.6744 0.3256
0.346471 0.103003 0.550526
0.253471 0.496529 0.25
0.257309 0.163686 0.579005
0.45861 0.223752 0.317638
0 0.30936 0.69064
0.0312796 0.238173 0.730548
0.75 0 0.25
0.152164 0.597836 0.25
0.147261 0.852739 0
0.641224 0.358776 0
0.334212 0.665788 0
0.264569 0.370161 0.365271
0.338322 0.229439 0.432239
1.77763e-17 1 0
0.0283255 0.350628 0.621047
0.0697727 0.509602 0.420625
0.243139 0.0589282 0.697932
0.0616855 0.630541 0.307773
0.680471 0.319529 0
0.644239 0 0.355761
0.384495 0.267201 0.348304
0.0225784 0.469526 0.507896
0.184374 0.528607 0.28702
0.146505 0.475371 0.378124
0.221701 0.778299 0
0.719931 0.280069 0
0.121065 0.302268 0.576667
0.191682 0.387606 0.420712
0 0.75 0.25
0.110317 0.889683 0
0 0.421734 0.578266
0.427358 0.322642 0.25
0.563823 0.436177 0
0.602372 0.397628 0
0.525049 0.474951 0
0.42966 0.0464004 0.52394
0.405555 0 0.594445
0.596307 0.0723438 0.331349
0.162199 0.339724 0.498077
0.372028 0.627972 0
0.208845 0.251506 0.539649
0.0784304 0.383154 0.538416
0.572511 0 0.427489
0.132865 0.0759964 0.791139
0.00867447 0.599988 0.391338
0.409844 0.590156 0
0.353616 0.341492 0.304892
0.0760191 0.673981 0.25
0.759732 0.240268 0
0.486391 0.513609 0
0.500832 0 0.499168
0.172197 0.100211 0.727592
0.382235 0.141439 0.476325
1 0 0
0.102063 0.557221 0.340716
0.0734701 0.92653 0
0.246525 0.287707 0.465768
0.687644 0.0283708 0.283986
0.289617 0.42091 0.289473
0.0821985 0.265986 0.651815
0.959742 0.040258 0
0.0822662 0.059524 0.85821
0.299226 0.306478 0.394296
0 0.539233 0.460767
0.462845 0.0954702 0.441685
0.799383 0.200617 0
0.168751 0.217526 0.613723
0.296931 0.196837 0.506232
0 0.201735 0.798265
0.339396 0.00257733 0.658027
0.0838659 0.155009 0.761125
0.296557 0.703443 0
0.110551 0.428107 0.461342
0.0408458 0.0189093 0.940245
0.448084 0.551916 0
0.53675 0.0617184 0.401531
0.116231 0 0.883769
0.267031 0 0.732969
0 0 1
0.502256 0.146477 0.351267
0.577094 0.13534 0.287566
0.301919 0.077383 0.620698
0.64984 0.10016 0.25
0.03667 0.96333 0
0.125088 0.185473 0.689439
0.258993 0.741007 0
0.345911 0.404089 0.25
0.879484 0.120516 0
0.212518 0.135047 0.652435
