0 0 1
0.0838171 0.0383609 0.877822
0.147828 0.128286 0.723886
0.61889 0.0150037 0.366106
0.0723287 0.53161 0.396061
0.27535 0.72465 0
0.270118 0.38716 0.342722
0.0581685 0.683747 0.258084
0.316784 0.246748 0.436468
0.198052 0.29697 0.504977
0.354763 0.645237 0
0.157102 0.842898 0
0.255692 0.145994 0.598314
0.0271583 0.612062 0.36078
0.420277 0.329723 0.25
0.328588 0 0.671412
0.100408 0.582432 0.317159
0.503205 0 0.496795
0.0784147 0.921585 0
0.196381 0.803619 0
0.189325 0.416369 0.394306
0.182401 0.177617 0.639982
0.62132 0.12868 0.25
0.918698 0.0813025 0
8.92247e-18 0.44708 0.55292
0.5951 0.4049 0
0.435889 0 0.564111
0.103488 0.214376 0.682136
0.374388 0.285509 0.340103
0.109612 0.335078 0.55531
0.0709221 0.292091 0.636987
0.394619 0.605381 0
0.225602 0.459927 0.314471
0.221273 0.0911576 0.687569
0.441621 0.135508 0.422872
0.959324 0.0406762 0
0.684792 0 0.315208
0.555489 0.158571 0.28594
0.109574 0.086977 0.803449
0.349637 0.361181 0.289182
0.480503 0.180962 0.338535
2.90206e-17 0.565907 0.434093
4.14729e-18 0.0831565 0.916843
0.635368 0.364632 0
0.478914 0.0611118 0.459975
0.0228917 0.129041 0.848067
0.0587642 0 0.941236
0.365643 0.164573 0.469784
0.554972 0.445028 0
0.797088 0.202912 0
0.321736 0.428264 0.25
0.452622 0.260087 0.287291
1.33869e-17 0.670779 0.329221
0.0159226 0.256718 0.727359
0.434585 0.565415 0
5.12816e-17 1 0
0.224311 0.227175 0.548513
0.590711 0.0807715 0.328517
0.837627 0.162373 0
0.87814 0.12186 0
0.521432 0.228568 0.25
0.52162 0.0985175 0.379863
4.01441e-18 0.201151 0.798849
0.402518 0.213805 0.383677
0.185019 0.549618 0.265362
0.474591 0.525409 0
0.156921 0 0.843079
0.108075 0.455977 0.435948
0.29158 0.0668485 0.641572
0.0392028 0.960797 0
0.152068 0.374586 0.473346
0.314987 0.685013 0
0.570552 0 0.429448
0.0202027 0.497104 0.482694
0.33056 0.113424 0.556016
0.235793 0.764207 0
1.49679e-17 0.75 0.25
0.252492 0.497508 0.25
1 0 0
0.0707919 0.167827 0.761381
0.289803 0.198004 0.512193
0.75 0 0.25
1.6316e-17 0.32715 0.67285
0.756608 0.243392 0
0.258855 0 0.741145
0.190737 0.0370538 0.772209
0.0726863 0.412294 0.51502
0.234265 0.331911 0.433825
0.129354 0.620646 0.25
0.0203969 0.377516 0.602087
0.71613 0.28387 0
0.149079 0.499862 0.351059
0.148474 0.257312 0.594214
0.675671 0.324329 0
0.673209 0.0663939 0.260397
0.370614 0.0284104 0.600975
0.11774 0.88226 0
0.514784 0.485216 0
0.405028 0.0826873 0.512285
0.300261 0.313305 0.386434
