0 0.347917 0.652083
0.168502 0.363913 0.467585
0.293374 0.706626 0
0.297353 0.162798 0.539849
0.515418 0.135899 0.348683
0.029765 0.493497 0.476739
0.220333 0.193613 0.586054
0.612529 0 0.387471
0.276321 0.473679 0.25
0.499559 0 0.500441
0.237712 0.322553 0.439736
0.75 0 0.25
0.313976 0.293189 0.392835
0.670348 0.00757233 0.322079
0.0848594 0.514424 0.400717
0.28383 0.365209 0.35096
0.341599 0.212234 0.446167
0.55367 0.44633 0
0.263655 0.244421 0.491924
0.404498 0.595502 0
0.0380267 0.594149 0.367824
0.236109 0.0623503 0.701541
0.227382 0.451273 0.321345
0.109538 0.890462 0
0.628409 0.371591 0
0.146124 0.853876 0
0.347917 0 0.652083
0.0365217 0.963478 0
0.420665 0.178309 0.401026
0.091252 0.111388 0.79736
0.682634 0.0626549 0.254711
0.200576 0 0.799424
0.544106 0.0257491 0.430145
0.0585326 0.0640429 0.877425
0.441727 0.558273 0
0.398819 0.0561851 0.544996
0 0.562853 0.437147
0.420068 0.301273 0.278659
0.0833767 0.416182 0.500441
0.47899 0.52101 0
0.382115 0.262958 0.354927
0.372004 0.132884 0.495112
0.219535 0.780465 0
0.852002 0.147998 0
0 0 1
0.20357 0.530714 0.265715
0.485203 0.10471 0.410088
0.0730713 0.926929 0
0.200796 0.410594 0.38861
0.0882464 0.30603 0.605724
0.182708 0.272275 0.545017
0.126545 0.340798 0.532657
0.423698 0 0.576302
0.129224 0.449768 0.421008
0.136425 0.230525 0.63305
0.262028 0.107935 0.630037
0.139077 0.52249 0.338434
0.889046 0.110954 0
0.703048 0.296952 0
2.48707e-18 0.0755723 0.924428
0.588452 0.0803977 0.33115
0.159189 0.0882726 0.752538
0.814823 0.185177 0
0 0.45458 0.54542
0.182833 0.817167 0
0.274154 0 0.725846
4.97179e-18 0.151073 0.848927
0.963082 0.0369182 0
0.0615881 0.688412 0.25
8.19025e-18 0.24887 0.75113
0.0413914 0.274922 0.683686
0.135914 0.0192935 0.844793
0.926078 0.0739215 0
0.182332 0.146529 0.671138
0.516339 0.483661 0
0.449355 0.0795826 0.471062
0.157968 0.592032 0.25
0.3278 0.078748 0.593452
0.619719 0.130281 0.25
0.330294 0.669706 0
0.552469 0.180262 0.267268
0.665751 0.334249 0
0.591041 0.408959 0
2.46823e-17 0.75 0.25
0.0324154 0.385706 0.581879
0.32219 0.400285 0.277526
0 1 0
0.0776986 0 0.922301
0.496326 0.253674 0.25
1 0 0
0.0389597 0.180188 0.780852
0.740393 0.259607 0
0.256432 0.743568 0
0.777622 0.222378 0
0.0909951 0.618919 0.290086
0.463415 0.214222 0.322363
0.386442 0.363558 0.25
2.19391e-17 0.666642 0.333358
0.367393 0.632607 0
0.0986504 0.189544 0.711806
