0.541219 0.186718 0.272063
0.306098 0.693902 0
0.62741 0 0.37259
0.693131 0.306869 0
0.523401 0 0.476599
1.2782e-18 0.0650208 0.934979
0.68287 0.0117261 0.305404
0.847002 0.152998 0
0.34031 0.40969 0.25
0.262286 0.487714 0.25
0.11434 0.88566 0
0.195289 0.177839 0.626873
2.85774e-17 0.568512 0.431488
0.152548 0.847452 0
0.0977832 0.110317 0.7919
0.216729 0.277665 0.505605
0.0353222 0.495837 0.468841
0.280226 0.0180963 0.701678
0.499337 0.500663 0
0.450702 0.0398995 0.509398
0.0892028 0.411272 0.499525
0.379907 0.283267 0.336826
0.885394 0.114606 0
0.215339 0.390569 0.394092
0.770281 0.229719 0
0.418377 0.331623 0.25
0.350362 0 0.649638
0.136104 0.55139 0.312506
0.32416 0.370639 0.305201
0.0699541 0.00270218 0.927344
0.238565 0.101421 0.660014
0.264505 0.294374 0.441121
0.0444861 0.683518 0.271996
0.923627 0.0763735 0
0.146224 0.148047 0.705729
0.247415 0.433493 0.319092
0.615659 0.384341 0
0.11109 0.63891 0.25
0.190841 0.809159 0
0.346727 0.237647 0.415626
0.038129 0.961871 0
0.383245 0.616755 0
0.606426 0.143574 0.25
0.367461 0.0936549 0.538884
0.088514 0.227936 0.68355
0.137333 0.323963 0.538704
0.322468 0.186138 0.491394
0.654372 0.345628 0
0.154762 0.034754 0.810484
0.509176 0.136915 0.353909
0.103851 0.278196 0.617953
0.456724 0.228423 0.314853
1 0 0
0.344634 0.655366 0
0.267638 0.732362 0
0.177798 0.481506 0.340696
0.586735 0.089348 0.323917
5.55197e-18 0.282423 0.717577
0.0635364 0.363988 0.572475
0.188937 0.0747644 0.736298
0.669639 0.0788535 0.251507
0.088274 0.521586 0.39014
0.961871 0.038129 0
9.11176e-18 0.463505 0.536495
0.170525 0.244615 0.584859
0.283273 0.140206 0.576521
8.31123e-19 1.43477e-17 1
1.26159e-17 0.75 0.25
0.130771 0.44476 0.42447
0.808735 0.191265 0
0.0244459 0.321243 0.654312
0.576911 0.423089 0
0.0482818 0.598975 0.352744
0.399344 0.13786 0.462796
0.421815 0.578185 0
4.24079e-18 0.215725 0.784275
0.46059 0.53941 0
0.133363 0 0.866637
0.477458 0.0916831 0.430859
0.490757 0.259243 0.25
0.538095 0.461905 0
0.321906 0.0642421 0.613852
0.295766 0.332407 0.371827
0.175385 0.359241 0.465374
0.0521078 0.0754645 0.872428
0.0762285 0.923771 0
0.230342 0 0.769658
0.55715 0.037865 0.404985
0.731766 0.268234 0
0.229251 0.770749 0
1.30056e-17 0.661581 0.338419
0.426711 0.185579 0.38771
5.02669e-17 1 0
0.251863 0.213424 0.534713
2.92869e-18 0.148979 0.851021
0.0628733 0.182538 0.754589
0.75 0 0.25
1.97238e-17 0.392382 0.607618
0.186638 0.563362 0.25
0.421659 0 0.578341
