0.1613 0.5887 0.25
0.476903 0.0581871 0.46491
0.353628 0.646372 0
0.119412 0.245316 0.635273
0.154846 0.480798 0.364356
0.360456 0.389544 0.25
0.234992 0.441739 0.323269
0.812546 0.187454 0
0.213259 0.331154 0.455587
0.0732554 0.51768 0.409064
0 0.0996131 0.900387
0.887754 0.112246 0
0 0.55689 0.44311
0.118683 0.881317 0
0.201138 0.207092 0.59177
0.200674 0.0777326 0.721593
0.238541 0.123795 0.637664
0.962649 0.0373511 0
0.0395758 0.960424 0
0 0.430414 0.569586
0.128299 0.110078 0.761623
0 0.667962 0.332038
0 0 1
0.774866 0.225134 0
0 0.174405 0.825595
0.360146 0.281364 0.358491
0.377501 0.0344173 0.588082
0.442781 0 0.557219
0.158197 0.841803 0
0.114399 0 0.885601
0.0879595 0.628752 0.283288
0.0624347 0.398333 0.539233
0.320758 0.227373 0.45187
0.438062 0.311938 0.25
0.182401 0.406126 0.411472
0.437926 0.128315 0.43376
0.670718 0.0724893 0.256793
0.282814 0.467186 0.25
0.0284609 0.600135 0.371404
0.343269 0 0.656731
0.490885 0.234988 0.274127
0.0588513 0.691149 0.25
0.167532 0.0199589 0.812509
0.136428 0.363833 0.499739
0.278365 0.0335458 0.688089
0.617789 0.0349964 0.347215
0.244375 0.253719 0.501905
0.311162 0.0917259 0.597112
0.508538 0.491462 0
0.925235 0.0747653 0
0.527249 0.0824493 0.390302
0.512634 0 0.487366
0.547526 0.202474 0.25
0.354832 0.152105 0.493063
0.207586 0.521384 0.271031
0.431459 0.568541 0
0.0318744 0.287873 0.680252
0 0.75 0.25
0.469985 0.530015 0
0.160693 0.162025 0.677282
0.23661 0.76339 0
0.101475 0.443431 0.455093
0.0390045 0.0242146 0.936781
0.287942 0.303077 0.408981
0.684445 0 0.315555
0.737008 0.262992 0
0 0.357634 0.642366
0.275538 0.724462 0
0.334539 0.354044 0.311417
0.69922 0.30078 0
2.48491e-18 0.249467 0.750533
0.0146197 0.486793 0.498588
0.0564208 0.148367 0.795212
0.570076 0.113612 0.316312
0.661305 0.338695 0
0.850247 0.149753 0
0.394765 0.0853842 0.519851
0.0791565 0.920843 0
0.397004 0.200527 0.402469
0.392553 0.607447 0
0.58265 0 0.41735
1 0 0
0.0810224 0.0723213 0.846656
8.88273e-17 1 0
0.546851 0.453149 0
0.116974 0.554114 0.328912
0.197418 0.802582 0
0.585117 0.414883 0
0.75 0 0.25
0.237542 0 0.762458
0.279281 0.174126 0.546593
0.482437 0.166575 0.350988
0.0818889 0.201084 0.717027
0.165907 0.286858 0.547235
0.263151 0.37671 0.360139
0.423531 0.250775 0.325693
0.623351 0.376649 0
0.314629 0.685371 0
0.613198 0.136802 0.25
0.0846513 0.323305 0.592044
