0.0672268 0.604725 0.328048
0.231923 0.228334 0.539743
0.470916 0.117133 0.411951
0.144324 0.0447674 0.810909
0.308558 0.074568 0.616874
0.0600909 0.482427 0.457482
0.923458 0.0765416 0
0.327949 0.422051 0.25
0.0951493 0.531805 0.373046
0.179062 0.196026 0.624912
0.194919 0.805081 0
0.117173 0.882827 0
0.521396 0.228604 0.25
0.161329 0.376595 0.462077
0.15612 0.84388 0
0 1 0
0.364948 0 0.635052
0 0.315846 0.684154
0.0677481 0.0913034 0.840949
0.257311 0.465149 0.27754
0.00756876 0.572864 0.419567
0.503698 0.169311 0.326991
0.233782 0.766218 0
0.410597 0.270674 0.318729
0.210695 0.419241 0.370064
0.267199 0.152873 0.579929
0.146549 0.576355 0.277096
0.214641 0 0.785359
0.039082 0.960918 0
0.302241 0 0.697759
0.194693 0.302807 0.5025
0.376233 0.353058 0.270709
0.352054 0.112167 0.535778
0.437604 0.200991 0.361405
1.05278e-16 8.0988e-17 1
0 0.434786 0.565214
0.132143 0.450827 0.417029
2.8784e-17 0.75 0.25
0.470865 0 0.529135
1 0 0
0.215737 0.534263 0.25
0.149282 0.260325 0.590393
0 0.508278 0.491722
2.47095e-17 0.643835 0.356165
0.399121 0.0295897 0.571289
0.388479 0.611521 0
0.885193 0.114807 0
0.0320798 0.240235 0.727685
0.217316 0.121156 0.661527
0.0239665 0.366176 0.609858
0.688821 0 0.311179
0.584438 0 0.415562
0.580106 0.419894 0
0.167953 0.0962845 0.735763
0.31379 0.19121 0.495
0.349955 0.650045 0
0.0612655 0.0174735 0.921261
0.426899 0.573101 0
0.7326 0.2674 0
0.028857 0.689267 0.281876
0.448778 0.301222 0.25
0.0798131 0.408022 0.512165
0.121253 0 0.878747
0.669735 0.0802645 0.25
0.770703 0.229297 0
0.54187 0.45813 0
0.961729 0.0382709 0
0.75 0 0.25
0.0781248 0.921875 0
0.0771254 0.278494 0.644381
0.846999 0.153001 0
0.103301 0.646699 0.25
0.289144 0.383248 0.327608
0.576963 0.115549 0.307489
0.43214 0.0772981 0.490562
0.0854762 0.145057 0.769467
0.694491 0.305509 0
0.173644 0.495459 0.330896
0.624557 0.0325041 0.342939
0.243631 0.0461449 0.710224
0.358824 0.233625 0.407551
0.595551 0.154449 0.25
0.272655 0.727345 0
0.327804 0.309119 0.363077
0.808852 0.191148 0
0.311338 0.688662 0
0.542708 0.0785824 0.37871
0.393487 0.156456 0.450057
2.63419e-18 0.0686367 0.931363
0.110421 0.334861 0.554718
0.46529 0.53471 0
0.243363 0.342885 0.413752
0.503579 0.496421 0
0.514685 0.0252011 0.460114
0.121249 0.183252 0.695498
0.278229 0.268385 0.453386
0.618284 0.381716 0
0.656413 0.343587 0
7.87203e-18 0.205115 0.794885
0 0.13743 0.86257
