0.316965 0.105959 0.577076
0.184316 0.132047 0.683637
0.225597 0.255226 0.519177
0.317574 0.682426 0
0.0853744 0.664626 0.25
0.110224 0.361194 0.528582
0.294636 0 0.705364
0.00860857 0.627959 0.363433
0.430586 0.223348 0.346066
0.241073 0.508927 0.25
0.16322 0.58678 0.25
0.218993 0.447701 0.333306
0.0762749 0.598938 0.324788
0.335581 0.0323801 0.632039
0.470002 0.143572 0.386427
0.479903 0 0.520097
0.357858 0.141255 0.500887
0.601041 0.0128028 0.386157
0.167827 0.211239 0.620934
0.437519 0.562481 0
0.198232 0.801768 0
0.10121 0.113398 0.785392
0.0673972 0.0772223 0.85538
0.477687 0.522313 0
0.67526 0 0.32474
0.273255 0.187975 0.538769
0.920101 0.0798992 0
1 0 0
0.880084 0.119916 0
0.0187616 0.502353 0.478885
0.393738 0 0.606262
0.19419 0.325878 0.479931
0.196366 0.0644639 0.73917
0.0938445 0.247253 0.658903
0.11015 0.463601 0.426249
0.40002 0.281561 0.31842
0.0793018 0.920698 0
0.517793 0.482207 0
0.406173 0.0514223 0.542405
0 0.377475 0.622525
0 1 0
0.596678 0.153322 0.25
0.153126 0.0246426 0.822232
0.330826 0.312737 0.356437
0.0396454 0.960355 0
0.280991 0.288391 0.430618
0.236476 0.158534 0.60499
0.389155 0.190928 0.419917
0 0.449655 0.550345
0.158278 0.483997 0.357725
0.511583 0.0658186 0.422599
0.260339 0.0822436 0.657418
0.75 0 0.25
0.547649 0 0.452351
0.22274 0 0.77726
0.960068 0.0399317 0
0.0436445 0.198199 0.758157
0.759663 0.240337 0
0.673406 0.076594 0.25
2.68874e-17 8.52646e-22 1
0.15858 0.84142 0
0.0667474 0.333224 0.600029
0.504409 0.186091 0.3095
0.62972 0.0633691 0.306911
0.598376 0.401624 0
0.521707 0.228293 0.25
0.84003 0.15997 0
0.638678 0.361322 0
0.313792 0.436208 0.25
0.35741 0.64259 0
0 0.170952 0.829048
0.118939 0.881061 0
0.237899 0.762101 0
0 0.568842 0.431158
0.277607 0.722393 0
0.242631 0.364491 0.392878
0 0.691944 0.308056
0.397411 0.602589 0
0.143998 0.285789 0.570213
0.799849 0.200151 0
0 0.75 0.25
0.374459 0.364922 0.260619
0.0729536 0.424229 0.502817
0.719419 0.280581 0
0.107435 0 0.892565
0.0193082 0.302804 0.677888
0.679057 0.320943 0
0.140511 0.552475 0.307014
0 0.263671 0.736329
0.446739 0.303261 0.25
0.069762 0.535876 0.394361
0.288819 0.397093 0.314089
0.318255 0.224132 0.457613
0.55409 0.104357 0.341553
0 0.10081 0.89919
0.0337283 0.0271389 0.939133
0.436182 0.0977514 0.466067
0.162683 0.39863 0.438687
0.558089 0.441911 0
0.12119 0.165661 0.713149
