0.0982633 0.132874 0.768863
0.358513 0.153663 0.487824
0.439227 0.23424 0.326533
0.0680211 0.325039 0.60694
0.408669 0.318073 0.273258
0.765788 0.234212 0
0.137815 0.52827 0.333915
0.69163 0.0187218 0.289648
0.561965 0 0.438035
0.241647 0.508353 0.25
0.528165 0.471835 0
0.293734 0.438573 0.267693
0.10039 0.619362 0.280248
0.804946 0.195054 0
0.204697 0.795303 0
0.0921825 0.0729252 0.834892
0.0261603 0.2865 0.68734
0.961158 0.038842 0
0.113383 0.254866 0.631751
0.191649 0.229245 0.579106
0.401032 0.0747448 0.524224
0.362723 0.387277 0.25
0.0642398 0.68576 0.25
0.282548 0.312844 0.404608
0.726327 0.273673 0
0.00423223 0.670584 0.325184
0.274585 0.191826 0.533589
0.922308 0.0776918 0
0.239875 0.270772 0.489354
5.61118e-17 2.71549e-17 1
0.130457 0.398087 0.471457
0.0410109 0.958989 0
0.0820395 0.917961 0
0.552043 0.112931 0.335026
0.586639 0.163361 0.25
0.635056 0 0.364944
0.205312 0.35387 0.440818
0.0930034 0.360664 0.546333
0 0.352988 0.647012
1 0 0
0.0720634 0.00641398 0.921523
0.478133 0.271867 0.25
0.647266 0.352734 0
0.317325 0.114665 0.56801
0.0233748 0.112008 0.864617
2.85101e-19 0.0666526 0.933347
0.48809 0.51191 0
7.58505e-19 0.177328 0.822672
0.362837 0.274263 0.3629
0.027122 0.536049 0.436829
0.098844 0.482994 0.418162
1.16651e-17 0.24436 0.75564
0.0484916 0.441821 0.509688
0.245435 0.754565 0
0.163853 0.836147 0
0.187318 0.0200139 0.792668
0.883318 0.116682 0
0.224541 0.154598 0.620861
2.00245e-17 0.419473 0.580527
0.607514 0.392486 0
0.520323 0.200757 0.27892
0.171829 0.438122 0.39005
0.257542 0 0.742458
0.208915 0.477801 0.313284
0.614409 0.0661648 0.319427
4.77373e-17 1 0
0.443116 0.109086 0.447798
0.367161 0.632839 0
0.439401 0 0.560599
2.41399e-17 0.505683 0.494317
0.139134 0 0.860866
0.686915 0.313085 0
0.447896 0.552104 0
0.399573 0.192446 0.407981
0.248849 0.39615 0.355002
0.286209 0.713791 0
0.521834 0.071971 0.406195
0 0.75 0.25
0.329262 0 0.670738
0.367275 0.0279025 0.604822
0.324533 0.352093 0.323374
0.655814 0.0941863 0.25
0.844271 0.155729 0
0.167012 0.10099 0.731999
0.489886 0.0190288 0.491085
2.90207e-17 0.607925 0.392075
0.23401 0.0632283 0.702762
0.276664 0.083395 0.639941
0.567883 0.432117 0
0.123006 0.876994 0
0.326751 0.673249 0
0.75 0 0.25
0.0700103 0.207046 0.722944
0.0679033 0.574445 0.357652
0.170215 0.579785 0.25
0.478261 0.155404 0.366335
0.319365 0.232841 0.447794
0.407552 0.592448 0
0.164354 0.307673 0.527973
0.147889 0.177462 0.674649
