0.0987429 0 0.901257
0.38404 0.61596 0
0.205499 0 0.794501
0.0406388 0.627637 0.331725
0.263735 0.226635 0.50963
0 0.75 0.25
0.110543 0.293862 0.595594
0.307377 0.692623 0
0.232363 0.173315 0.594322
0.447551 0.302449 0.25
0.264228 0.35594 0.379832
0.729936 0.270064 0
0.478414 0 0.521586
0.0826625 0.667338 0.25
0.225236 0.308801 0.465963
0.130527 0.030774 0.838699
0.0193215 0.142299 0.838379
0.230698 0.769302 0
2.07591e-17 1.04141e-16 1
0.148152 0.342218 0.50963
0.0486004 0.520803 0.430597
0 0.596 0.404
0.2023 0.5477 0.25
0.0288784 0.448651 0.522471
0.501632 0.106406 0.391962
0.135916 0.471988 0.392095
1 0 0
0 0.506523 0.493477
0.358626 0 0.641374
0.0607854 0.189675 0.749539
0.575889 0.424111 0
2.31821e-18 1 0
0 0.100071 0.899929
0.274661 0.475339 0.25
0 0.289245 0.710755
0.922852 0.0771479 0
0.884273 0.115727 0
0.614387 0.385613 0
0.41488 0.271825 0.313296
0.269051 0.730949 0
0.314982 0.0754849 0.609533
0.652868 0.347132 0
0.807071 0.192929 0
0.131282 0.598679 0.270039
0.11552 0.88448 0
0.174985 0.510365 0.31465
0.157724 0.208707 0.633569
0.378719 0.231406 0.389875
0.542729 0.14338 0.313891
0.339544 0.187674 0.472783
0.192355 0.807645 0
0.211729 0.124476 0.663794
0.172084 0.0776582 0.750258
0.686738 0.0338346 0.279428
0.461523 0.190062 0.348415
0.0245274 0.333482 0.64199
0.372663 0.105615 0.521722
0.153941 0.846059 0
0.768477 0.231523 0
0.103159 0.426926 0.469916
0.407787 0.0214633 0.570749
0.649579 0 0.350421
0.0925967 0.553654 0.35375
0.302312 0.272489 0.425199
0.183845 0.390717 0.425438
0.296593 0.145313 0.558095
0.594919 0.0701474 0.334934
0.845676 0.154324 0
0.132005 0.156287 0.711707
0 0.215478 0.784522
0.961432 0.0385685 0
0.645277 0.104723 0.25
0.422385 0.577615 0
0.0799835 0.245859 0.674157
0.0743533 0.371261 0.554385
0.504391 0.232504 0.263105
0.44751 0.0742517 0.478238
0.340741 0.319837 0.339421
0.2241 0.435375 0.340524
0.345717 0.654283 0
0.75 0 0.25
0.25385 0.0559548 0.690195
0.188636 0.259609 0.551755
0.417828 0.150272 0.4319
0.376593 0.373407 0.25
0.691402 0.308598 0
0.499046 0.500954 0
0.30713 0.4046 0.28827
0.53743 0.46257 0
0.282241 0 0.717759
0.0325604 0.0338094 0.93363
0.524135 0.0304611 0.445404
0.574088 0.175912 0.25
0.0385108 0.961489 0
0.0923335 0.106113 0.801554
0 0.691361 0.308639
0.0769982 0.923002 0
0 0.403308 0.596692
0.581915 0 0.418085
0.460692 0.539308 0
