0.298072 0.125533 0.576395
0.142251 0.434281 0.423469
0 0.105099 0.894901
0.76489 0.23511 0
0.163022 0.836978 0
0.0481886 0.123772 0.82804
0.646318 0.353682 0
0.519384 0.230616 0.25
0.0872835 0 0.912717
0.0268931 0.37089 0.602217
0.355283 0.291286 0.353432
0.690836 0.0591636 0.25
0.504965 0.0816061 0.413429
0.125405 0.383229 0.491366
0 0.331486 0.668514
0.409161 0 0.590839
0.0995849 0.331177 0.569238
0.0635791 0.686421 0.25
0.325462 0.674538 0
0.592912 0.157088 0.25
0.140225 0.07955 0.780225
5.94828e-18 0.504638 0.495362
0.0408505 0.959149 0
0.843553 0.156447 0
0.56663 0.43337 0
0.106313 0.620431 0.273256
1.40409e-17 0.75 0.25
0.341189 0.031678 0.627133
0 0.194548 0.805452
0.29414 0.332657 0.373203
0.378335 0.209954 0.41171
0.183113 0.113253 0.703634
0.140187 0.191154 0.668659
0.246486 0.227854 0.52566
0.0933801 0.156483 0.750137
1 0 0
0.48246 0 0.51754
0.299279 0.247491 0.45323
0.406023 0.593977 0
0.546689 0.11755 0.33576
0.686032 0.313968 0
0.458989 0.162442 0.378569
0.256786 0.308917 0.434297
0.496597 0.19668 0.306723
0.526514 0.473486 0
0.446293 0.553707 0
0.184038 0.221702 0.59426
0.227096 0.15647 0.616434
0.413701 0.13021 0.45609
0.960908 0.039092 0
0.210047 0.407639 0.382314
0.165286 0.293132 0.541582
0.183193 0 0.816807
0.194386 0.34048 0.465135
0.0461422 0.523144 0.430713
1.10049e-17 0.587832 0.412168
0.0815555 0.918445 0
0.0231848 0.0409675 0.935848
0.253307 0.496693 0.25
0.284889 0.715111 0
0.145952 0.527449 0.326599
0.0576587 0.592874 0.349467
0.203646 0.796354 0
0.606579 0.393421 0
0.0866092 0.275851 0.63754
0.921829 0.078171 0
0.36578 0.63422 0
0.625873 0.0859353 0.288191
0.280236 0.393779 0.325986
0 0.437568 0.562432
0.228595 0.024342 0.747063
0.882706 0.117294 0
0.122287 0.877713 0
0.222931 0.469506 0.307563
0.555897 0 0.444103
0.452395 0.0574884 0.490116
0.177648 0.572352 0.25
0.261649 0.0776866 0.660665
0.422746 0.250412 0.326843
0.0652097 0.424674 0.510116
0.75 0 0.25
0.376516 0.349984 0.2735
0.105553 0.0404687 0.853979
2.63e-17 8.47223e-17 1
0.299894 0 0.700106
0.328959 0.421041 0.25
0.374505 0.0841813 0.541313
0.0606608 0.230232 0.709108
0.244219 0.755781 0
0.594806 0.0303223 0.374871
0.486447 0.513553 0
0.804191 0.195809 0
0.331433 0.170099 0.498469
0.445881 0.304119 0.25
0.666131 0 0.333869
0.110737 0.4961 0.393163
0.725592 0.274408 0
1.17872e-17 1 0
0 0.263056 0.736944
0 0.670495 0.329505
