0.26531 0.48469 0.25
0.172593 0.247369 0.580037
9.63322e-17 1 0
0.147577 0.852423 0
0.176656 0.00741694 0.815927
8.59273e-18 0.162205 0.837795
0.0799037 0.488834 0.431262
0.539549 0 0.460451
0.132228 0.325 0.542772
0.258702 0.196537 0.544762
0.0887657 0.178791 0.732443
0.765103 0.234897 0
0.451164 0.548836 0
0.345867 0.141811 0.512322
0.259996 0.740004 0
0.299697 0.427158 0.273145
0.213412 0.0617573 0.724831
0.447926 0.302074 0.25
0.216536 0.353379 0.430085
0.218743 0.164034 0.617223
0.804402 0.195598 0
2.87833e-17 0.543344 0.456656
0.689123 0.0367375 0.27414
3.38827e-17 0.639606 0.360394
0.52889 0.47111 0
1.73594e-17 0.327694 0.672306
1.22743e-17 0.231703 0.768297
0.295406 0.231384 0.47321
0.309787 0.0106619 0.679551
0.0968779 0.603571 0.299551
0.0798251 0.300577 0.619598
0.127704 0.21704 0.655256
0.113515 0 0.886485
0.75 0 0.25
0.335662 0.349561 0.314778
0.0405945 0.571822 0.387583
2.06448e-17 0.389714 0.610286
0.248272 0 0.751728
0.0196339 0.684928 0.295438
0.286962 0.323447 0.389591
0.384497 0.178762 0.436741
0.374993 0.375007 0.25
0.169112 0.448913 0.381975
0.209162 0.290416 0.500423
0.921898 0.0781016 0
0.102565 0.383151 0.514284
0.0369044 0.963096 0
0.33928 0.255235 0.405485
1 0 0
0.607356 0.392644 0
0.960981 0.0390186 0
0.563018 0.186982 0.25
0.222204 0.777796 0
0.173088 0.135963 0.690949
0.579321 0.0294168 0.391262
0.266086 0.0826881 0.651226
0.412558 0.587442 0
0.374101 0 0.625899
0.492586 0.23075 0.276664
0.311925 0.10368 0.584395
0.637641 0.112359 0.25
0.0379321 0.416239 0.545829
0.686166 0.313834 0
0.335738 0.664262 0
0.535673 0.126895 0.337432
0.110595 0.889405 0
0 0.75 0.25
0.135966 0.0930151 0.771019
0.0836493 0.0649954 0.851355
0.374379 0.625621 0
0.725634 0.274366 0
0.202413 0.501012 0.296574
0.24647 0.405236 0.348293
0.124956 0.529189 0.345855
0.604894 0.0822271 0.312879
0.390773 0.280701 0.328526
0.0848359 0.665164 0.25
0.567977 0.432023 0
0.469498 0 0.530502
4.90955e-18 0.0926779 0.907322
0.29777 0.70223 0
0.489953 0.510047 0
1.10833e-16 1.89496e-19 1
0.0737668 0.926233 0
0.173728 0.576272 0.25
2.54664e-17 0.48073 0.51927
0.882804 0.117196 0
0.0409673 0.0201018 0.938931
0.50228 0.0692016 0.428518
0.396873 0.0460948 0.557032
0.134817 0.408958 0.456225
0.646716 0.353284 0
0.0398732 0.26026 0.699867
0.184786 0.815214 0
0.434439 0.210747 0.354814
0.466531 0.145276 0.388193
0.84363 0.15637 0
0.650219 0 0.349781
0.428087 0.0947176 0.477196
0.0586684 0.135662 0.80567
