1.15993e-18 0.416145 0.583855
0.0968278 0.072798 0.830374
0.0519594 0.0146469 0.933394
0.333829 0.258956 0.407214
0.291431 0.0994198 0.609149
0.115953 0.884047 0
0.05151 0.247095 0.701395
0.529793 0.220207 0.25
1 0 0
0.0651046 0.316579 0.618317
0.460414 0.133573 0.406013
7.54644e-19 0.270742 0.729258
0.711897 0.288103 0
0.129763 0.597333 0.272905
0.210624 0.132152 0.657224
0.180742 0.205703 0.613554
0.876041 0.123959 0
1.92626e-18 0.691081 0.308919
0.0869971 0.370729 0.542274
0.251799 0.476878 0.271323
0.648382 0 0.351618
0.338239 0.138571 0.523191
0.193631 0.806369 0
0.380426 0.065614 0.55396
0.234311 0.421068 0.344621
0.0399003 0.626789 0.33331
0.752674 0.247326 0
0.495129 0.178756 0.326115
0.0405702 0.449853 0.509577
0.232695 0.767305 0
0.576176 0.149595 0.274229
0.606803 0.0659069 0.32729
0.75 0 0.25
2.40028e-19 0.0861142 0.913886
0.256978 0.174265 0.568758
0.0246677 0.123032 0.8523
0.412238 0.337762 0.25
9.65142e-19 0.346262 0.653738
0.123411 0 0.876589
0.426368 0.0914631 0.482169
0.250186 0.299418 0.450395
0.136853 0.156809 0.706338
0.295961 0.217612 0.486428
0.114797 0.421622 0.463581
0.537532 0.095327 0.367141
0.834894 0.165106 0
0 0.594679 0.405321
0.172201 0.506597 0.321202
0.229763 0.0651087 0.705128
0.0922825 0.551419 0.356299
0 0 1
0.31183 0 0.68817
0.390022 0.609978 0
0.154739 0.845261 0
0.215458 0.254082 0.530461
1.41712e-18 0.508417 0.491583
0.05282 0.517272 0.429908
0 0.75 0.25
0.166797 0.336729 0.496473
0.199767 0.380995 0.419238
0.41809 0.219245 0.362665
0.336278 0.376824 0.286899
0.341353 0.0273294 0.631318
0.549696 0.450304 0
0.288279 0.341589 0.370132
0.180138 0.0150885 0.804773
0.459932 0.266731 0.273337
0.373804 0.297964 0.328232
0.0385982 0.961402 0
0.577826 0 0.422174
5.44162e-19 0.195228 0.804772
0.413392 0 0.586608
0.0831573 0.666843 0.25
0.138397 0.28602 0.575583
0.481593 0 0.518407
0.0722268 0.16457 0.763203
0.429694 0.570306 0
0.199909 0.550091 0.25
0.311209 0.438791 0.25
0.508542 0.0422479 0.44921
0.245254 0 0.754746
0.143073 0.46553 0.391397
0.793682 0.206318 0
2.78732e-18 1 0
0.469568 0.530432 0
0.917361 0.0826389 0
0.350541 0.649459 0
0.645053 0.104947 0.25
0.671134 0.328866 0
0.111155 0.229722 0.659123
0.509574 0.490426 0
0.958682 0.041318 0
0.271804 0.728196 0
0.379455 0.176445 0.4441
0.590152 0.409848 0
0.311189 0.688811 0
0.149124 0.0935625 0.757313
0.0772074 0.922793 0
0.630643 0.369357 0
0.689758 0.0318502 0.278392
