0 0.222715 0.777285
0.960267 0.0397334 0
0.0868702 0.91313 0
0.160968 0.496493 0.342539
0.118328 0.225565 0.656107
0.394284 0.355716 0.25
0.146898 0.0596087 0.793493
0.0267618 0.268388 0.70485
0.246178 0.333744 0.420078
0.141926 0.608074 0.25
0.470728 0.529272 0
0.0830407 0.425186 0.491773
0.0729692 0.191587 0.735443
0.389397 0.252478 0.358125
0.162733 0.379513 0.457753
0.34408 0.65592 0
0.389256 0.130513 0.480231
0.51231 0.48769 0
0.130045 0.869955 0
0.1113 0.466402 0.422297
0.0624666 0.103983 0.83355
0.535864 0.153224 0.310912
0.367075 0 0.632925
0.294398 0.018139 0.687463
0.495441 0 0.504559
0.245528 0 0.754472
0.325605 0.294428 0.379968
0.421148 0.29388 0.284972
0.429867 0.163232 0.406901
0.386229 0.613771 0
0.0725837 0.541242 0.386174
0.494608 0.255392 0.25
0.880435 0.119565 0
0.058074 0.372743 0.569183
0 0.150626 0.849374
0.544538 0.0226082 0.432854
0.0998108 0.0251901 0.874999
0.75925 0.24075 0
0.200853 0.414191 0.384957
0.250714 0.106013 0.643273
0 0.333755 0.666245
0.287479 0.249418 0.463103
0.203255 0.0767862 0.719959
0.595266 0.404734 0
0.165694 0.259154 0.575152
0.258934 0.741066 0
0.611499 0 0.388501
0.622362 0.11015 0.267489
0.553909 0.446091 0
0.173119 0.826881 0
0.0546523 0.6247 0.320647
0.241058 0.445665 0.313277
0.0614152 0 0.938585
0.352991 0.204249 0.44276
0.84028 0.15972 0
0.671245 0.0064037 0.322351
0.425261 0.013758 0.560981
0.369295 0.0950451 0.53566
0.58268 0.0720138 0.345306
0.799841 0.200159 0
5.60542e-18 0.592685 0.407315
1.97482e-17 0.525707 0.474293
0.120211 0.571527 0.308262
0.920518 0.0794825 0
0.251289 0.218019 0.530692
0 0.0785052 0.921495
0.128576 0.337446 0.533978
0.0434384 0.956562 0
0.292453 0.366054 0.341493
0.0124569 0.463942 0.523601
0 0.75 0.25
0.462986 0.0737502 0.463264
4.44865e-17 0.671311 0.328689
0.171768 0 0.828232
0.718698 0.281302 0
0.0690899 0.68091 0.25
0.209482 0.536131 0.254387
0.464349 0.205108 0.330544
1.52319e-17 0.40548 0.59452
6.62681e-17 1 0
0.328478 0.067273 0.604249
0.503962 0.111092 0.384946
0.161809 0.151213 0.686978
0.677902 0.322098 0
0.686181 0.063819 0.25
0.107512 0.128286 0.764202
0.301584 0.698416 0
0.215976 0.784024 0
0.280197 0.469803 0.25
0.0823645 0.298748 0.618887
0.332105 0.398114 0.269782
0.567623 0.182377 0.25
0.295565 0.148641 0.555794
0.63675 0.36325 0
1 0 0
7.32979e-17 6.548e-17 1
0.207603 0.183057 0.60934
0.75 0 0.25
0.206619 0.297034 0.496346
0.428756 0.571244 0
