0.277792 0.0877243 0.634484
0.811305 0.188695 0
0.204159 0.478599 0.317241
0.146362 0.270766 0.582873
0.468301 0.0729969 0.458702
0.350868 0.649132 0
0.212575 0.126 0.661425
0.117134 0.882866 0
0.234128 0.765872 0
0.471478 0.180534 0.347988
0.0390524 0.960948 0
0.0192415 0.395989 0.584769
0.347533 0.301168 0.351299
0.120102 0.462037 0.417861
0.0569428 0 0.943057
0 0 1
0.386999 0.22001 0.392991
0.353671 0.03982 0.606509
0.311979 0.688021 0
0.247112 0.279004 0.473884
0.0781001 0.9219 0
0.687137 0.0260342 0.286828
0.647445 0.102555 0.25
1.60538e-18 0.17958 0.82042
7.42479e-19 0.0830547 0.916945
0.36224 0.38776 0.25
0.0743062 0.545033 0.380661
0.96235 0.0376504 0
0.84914 0.15086 0
1 0 0
0.115952 0.0774815 0.806566
0.389733 0.610267 0
0.106675 0.352554 0.540771
0.048248 0.194711 0.757041
0.233413 0.223423 0.543164
0.773317 0.226683 0
0.544051 0.455949 0
6.70473e-18 0.75 0.25
0.288038 0.441944 0.270018
0.620858 0.379142 0
0.0663404 0.308907 0.624753
0.436256 0.313744 0.25
0.0270766 0.509352 0.463571
0.175314 0.574686 0.25
0.428394 0.571606 0
0.0777948 0.425965 0.49624
0.582506 0.417494 0
0.0802493 0.669751 0.25
0.311635 0.366959 0.321405
0.0266222 0.626043 0.347335
0.252377 0.0348719 0.712751
0.659074 0.340926 0
2.43226e-18 0.272076 0.727924
0.273074 0.726926 0
0.242761 0.507239 0.25
0.636572 0 0.363428
0.467098 0.532902 0
0.423652 0 0.576348
0.75 0 0.25
0.56259 0.0132413 0.424169
0.505619 0.494381 0
0.0930798 0.235467 0.671453
0.37216 0.116767 0.511073
0.261752 0.33724 0.401008
0.1565 0 0.8435
4.16366e-18 0.465753 0.534247
0.28992 0.143545 0.566535
0.165542 0.385354 0.449104
0.128474 0.160111 0.711415
0.220582 0 0.779418
0.408291 0.0553021 0.536407
0.598957 0.0675147 0.333528
0.568871 0.140429 0.2907
0.548763 0.201237 0.25
0.183187 0.195165 0.621648
0 0.344164 0.655836
0.424225 0.146425 0.429351
0.3311 0.18707 0.48183
0.108037 0.599177 0.292786
0.144468 0.512481 0.343051
0.697178 0.302822 0
0.415494 0.268619 0.315886
9.38591e-17 1 0
0.168474 0.0896047 0.741922
0.504598 0 0.495402
0.491209 0.237199 0.271592
0.310261 0.254872 0.434868
0.156151 0.843849 0
0.222702 0.412016 0.365282
0.185133 0.31304 0.501827
6.16175e-18 0.689262 0.310738
0.924706 0.0752937 0
0.51767 0.102262 0.380069
0.886912 0.113088 0
0.323051 0 0.676949
0.195132 0.804868 0
0.735229 0.264771 0
0.0403284 0.118171 0.8415
0.0860201 0.0328151 0.881165
5.4414e-17 0.579741 0.420259
