0.614495 0.385505 0
0.525265 0 0.474735
0.302459 0.377292 0.320248
0.426221 0.179761 0.394018
0.233857 0.195932 0.570211
0.212467 0 0.787533
0.0388641 0.961136 0
0.500211 0.499789 0
1.51326e-17 0.670986 0.329014
0.385977 0.614023 0
0.150256 0.233234 0.61651
0.47223 0.0913159 0.436454
0.318937 0.030784 0.650279
0.652661 0.347339 0
0.241223 0.508777 0.25
1.79047e-18 0.0793902 0.92061
0.0689072 0.273224 0.657869
0 0.75 0.25
0.194112 0.805888 0
0.28057 0 0.71943
0.462171 0.537829 0
0.347762 0.652238 0
0.166328 0.0987155 0.734956
0.380941 0.273692 0.345367
0.0586555 0.623207 0.318138
0.426698 0.0606124 0.51269
0.134006 0.564934 0.301061
0 0.4404 0.5596
0.53827 0.46173 0
0.75 0 0.25
0.0688371 0.0895408 0.841622
0.622876 0 0.377124
1 0 0
0.682505 0.0674954 0.25
0.276589 0.241124 0.482288
0 0.592038 0.407962
0.352001 0.0843536 0.563646
0.961215 0.0387853 0
0.547289 0.177627 0.275084
0.424132 0.575868 0
0.0173164 0.366345 0.616338
0.460692 0.221453 0.317855
0.670325 0.0151533 0.314521
0.313748 0.165512 0.520741
0.729333 0.270667 0
0.767852 0.232148 0
0.271242 0.728758 0
0.23814 0.069678 0.692182
0.107229 0.194209 0.698562
0.155424 0.844576 0
5.65198e-18 0.250611 0.749389
0.347417 0.224402 0.428181
0.23802 0.305567 0.456413
0.84515 0.15485 0
0.36851 0.355268 0.276222
0.14736 0.460166 0.392474
2.41642e-17 1 0
0.806513 0.193487 0
0.317125 0.432875 0.25
0.116582 0.883418 0
0.274907 0.115828 0.609266
0.588162 0.0857353 0.326102
0.289397 0.322299 0.388304
0.0511483 0.0141206 0.934731
0.104754 0.315729 0.579517
0.309547 0.690453 0
0.192792 0.153037 0.654171
0.0932094 0.139245 0.767546
0.576395 0.423605 0
0.144732 0.0416726 0.813596
0.0920357 0.538521 0.369443
0.690958 0.309042 0
0 0.317808 0.682192
0.431867 0.318133 0.25
0.196164 0.382541 0.421295
0.151528 0.349249 0.499223
0.158769 0.591231 0.25
4.09503e-18 5.14161e-17 1
1.16413e-17 0.51618 0.48382
0.0689698 0.396287 0.534743
0.0762966 0.673703 0.25
0.116422 0 0.883578
0.0253252 0.187529 0.787146
0.553513 0.040571 0.405916
0.614941 0.135059 0.25
0.103349 0.428231 0.46842
0 0.144923 0.855077
0.388026 0.137938 0.474036
0.509015 0.133303 0.357682
0.455548 0 0.544452
0.385958 0 0.614042
0.883755 0.116245 0
0.232638 0.767362 0
0.193676 0.489191 0.317133
0.922487 0.0775134 0
0.060019 0.497121 0.44286
0.502148 0.247852 0.25
0.0777259 0.922274 0
0.190778 0.272709 0.536513
0.237155 0.418673 0.344172
