0.517691 0.232309 0.25
0.378905 0.621095 0
0.372224 0.246965 0.380811
0 0.635769 0.364231
0 0.508628 0.491372
0 0.0662519 0.933748
0.301366 0.0302081 0.668426
0.145742 0.112045 0.742213
0.0174011 0.437511 0.545088
0.153881 0.240791 0.605328
4.16334e-17 0.75 0.25
0.036248 0.963752 0
0.507407 0.00247081 0.490122
0.144244 0.855756 0
0.254447 0.727894 0.018134
0.144591 0.310412 0.544997
0.154079 0.424572 0.421349
0.368161 0 0.631839
0.544523 0.0585476 0.396929
0.128393 0.804706 0.0806147
0.0716724 0.470166 0.458162
0 0.186425 0.813575
0.959824 0.0401759 0
0.507553 0.131131 0.361316
0.180472 0.799954 0.0203642
0.219725 0.207405 0.572869
0.336209 0.0840227 0.579769
0.020409 0.112051 0.86754
0.29539 0.168467 0.536143
0.0696179 0.152832 0.77755
0.567112 0.432888 0
0.371884 0.373293 0.254823
0.074792 0.00651983 0.918688
0.241984 0.258519 0.499496
0 0.309758 0.690242
0.018972 0.241182 0.739846
0.529198 0.470802 0
0.75 0 0.25
0.235878 0.506428 0.257694
0.411143 0.27956 0.309298
0.18309 0.159466 0.657444
0.579439 0 0.420561
0.143141 0 0.856859
0.635026 0.114974 0.25
0.226787 0.773213 0
0.643877 0.356123 0
0.56117 0.16478 0.27405
0.171971 0.578029 0.25
0.068361 0.918443 0.0138079
0.330405 0.212161 0.457434
0.682838 0.317162 0
0.416253 0.583747 0
0.439075 0 0.560925
0.840161 0.159839 0
0.412128 0.0591692 0.528703
0.0988268 0.651173 0.25
0.605053 0.394947 0
0.259109 0 0.740891
0.420011 0.168174 0.411815
0.260811 0.120318 0.618871
0.651999 0 0.348001
0.284279 0.294482 0.42124
0.445142 0.304858 0.25
0.722291 0.277709 0
0.0706772 0.596397 0.332925
0.237604 0.375994 0.386402
0.761395 0.238605 0
0.0166894 0.562768 0.420543
0 0.383013 0.616987
0.221595 0.0778098 0.700595
0.305657 0.694343 0
0.453512 0.546488 0
0.491034 0.508966 0
0.0239847 0.687073 0.288942
0.0795876 0.277081 0.643331
0.595765 0.0816444 0.32259
0.193591 0.464182 0.342227
0.275194 0.412242 0.312565
0.342295 0.657705 0
0.327632 0.33211 0.340258
0.376092 0.132004 0.491905
0.106382 0.390849 0.50277
0.879987 0.120013 0
0.919817 0.0801831 0
0.686711 0.0399751 0.273314
0.306357 0.443643 0.25
0.465545 0.204137 0.330318
0.188504 0.0245156 0.786981
1 0 0
0.144156 0.545612 0.310232
0.105261 0.510389 0.38435
0.463539 0.0881429 0.448319
0 0 1
0.0873466 0.879378 0.0347837
0.100721 0.0728759 0.826404
0.80053 0.19947 0
0.0652292 0.349416 0.585355
0 1 0
0.194225 0.340999 0.464775
0.104944 0.19882 0.696236
