0.525526 0.217834 0.25664
0.677863 0.322137 0
0.0812283 0.501823 0.416948
0.798362 0.201638 0
0.68625 0 0.31375
0.0729535 0.0769032 0.850143
0.189322 0.0961746 0.714503
0.576865 0.110065 0.31307
0.477701 0.522299 0
0.959622 0.0403781 0
0 0.604837 0.395163
0.0527215 0.152637 0.794642
0.231515 0.428954 0.339531
0.878956 0.121044 0
0.0703881 0.626155 0.303457
0.758101 0.241899 0
0.307479 0 0.692521
0.919263 0.0807366 0
0.318095 0.681905 0
0.266456 0.349607 0.383937
0.118237 0.121808 0.759954
1 0 0
0.229519 0.137364 0.633117
0.838631 0.161369 0
0.180398 0.217608 0.601994
0.198612 0.801388 0
0.418119 0.258861 0.32302
3.44752e-17 0.75 0.25
0.359823 0.121953 0.518225
0.357973 0.234023 0.408005
0.0689463 0.445568 0.485486
0.359105 0.332887 0.308007
0.166494 0.340748 0.492757
0.483186 0 0.516814
0.557597 0.442403 0
0.75 0 0.25
0.5176 0.4824 0
0.106865 0 0.893135
0.512133 0.155204 0.332663
0.492111 0.104229 0.40366
0.384672 0.365328 0.25
0.181242 0.506162 0.312596
0 0.415251 0.584749
0.437766 0.562234 0
0.235928 0.0245449 0.739527
4.59669e-17 1 0
0.274749 0.0639701 0.661281
0.376331 0 0.623669
0.270581 0.170873 0.558547
0.397869 0.602131 0
0.145508 0.604492 0.25
0.131137 0.299824 0.569039
0.145344 0.038459 0.816197
0.253967 0.289553 0.45648
0.0117144 0.540906 0.44738
0 0.483446 0.516554
0.52777 0.0298192 0.442411
0.443046 0.0775327 0.479421
0.461731 0.288269 0.25
0.597535 0.152465 0.25
0.0337151 0.0281522 0.938133
0.0614263 0.688574 0.25
0.597601 0.402399 0
0 0.318186 0.681814
0.238458 0.761542 0
0.119095 0.880905 0
0.148714 0.461224 0.390061
0 0.101324 0.898676
0.0417402 0.346547 0.611713
0.357959 0.642041 0
0.203597 0 0.796403
0.146008 0.176124 0.677868
0.670306 0.079694 0.25
0.039663 0.960337 0
0.158798 0.841202 0
0.32182 0.0871481 0.591032
0.588895 0 0.411105
0.32839 0.302163 0.369447
0.281771 0.468229 0.25
0 0.673471 0.326529
0.213543 0.536457 0.25
0.0689698 0.214421 0.716609
0.186698 0.386582 0.42672
7.50816e-18 2.02474e-17 1
0.10307 0.553724 0.343206
0.0793329 0.920667 0
0.0923015 0.26323 0.644468
0.312409 0.402495 0.285096
0.410314 0.0318143 0.557872
0.278243 0.721757 0
0.31078 0.205962 0.483258
0.615293 0.0384193 0.346287
0.402426 0.156342 0.441232
0 0.175823 0.824177
0.717969 0.282031 0
0.0933203 0.380477 0.526203
0.445788 0.191564 0.362648
0.637675 0.362325 0
0 0.250546 0.749454
0.218534 0.253813 0.527653
