0.115103 0.884897 0
0.620855 0.129145 0.25
0.549858 0.200142 0.25
0.0828631 0.0714463 0.845691
0.264277 0.485723 0.25
0 0.223977 0.776023
0.538597 0.461403 0
0.0774339 0.672566 0.25
0.0696985 0.512529 0.417773
0.577121 0.422879 0
0.684644 0.0584599 0.256896
0.179745 0.106545 0.71371
0.254666 0.166901 0.578434
0 0.12243 0.87757
0.217282 0.136106 0.646613
0.382398 0.367602 0.25
0.0383657 0.961634 0
0.582893 0.10402 0.313087
0.75 0 0.25
0 0.413055 0.586945
0.461496 0.538504 0
0.92318 0.0768205 0
0.305937 0.0755996 0.618463
0.149325 0.479946 0.370729
0.265202 0.0434322 0.691366
0.192729 0.526812 0.280459
0.105393 0.557782 0.336826
9.41413e-17 1 0
0.17941 0.0264266 0.794163
0.127696 0.0961622 0.776142
0.467567 0.0934894 0.438944
0.508917 0.146959 0.344125
0.807955 0.192045 0
0.112751 0.316935 0.570314
0.614904 0.030375 0.354721
0.502841 0 0.497159
0.228386 0.444567 0.327047
0.731067 0.268933 0
0.0341128 0.152625 0.813262
0.961587 0.0384133 0
0.230384 0.769616 0
0.0149888 0.0616883 0.923323
0.422944 0.577056 0
0.272626 0.246831 0.480542
0.16871 0.228531 0.602758
0.354209 0.32928 0.316511
0.0141244 0.473662 0.512213
0.692606 0.307394 0
0.268857 0.731143 0
0.272714 0.36834 0.358946
0.0108694 0.600753 0.388378
0.480487 0.227529 0.291983
0.191941 0.808059 0
0.242715 0 0.757285
0.0282461 0.261758 0.709996
0.654111 0.345889 0
0.307338 0.692662 0
0.846358 0.153642 0
0.349673 0.0984295 0.551898
0.435205 0.177622 0.387173
0.345845 0.654155 0
0 0.337768 0.662232
0.308115 0.179672 0.512213
0.392307 0.133273 0.47442
0 0 1
0.314219 0.289136 0.396645
0.452589 0.297411 0.25
0.313435 0.415351 0.271214
0.433283 0.0428806 0.523836
0.615652 0.384348 0
0.103561 0.435973 0.460466
0.355951 0.213411 0.430638
1 0 0
0.126874 0.199652 0.673474
0.0626216 0.630827 0.306551
0.199131 0.271456 0.529413
0.884769 0.115231 0
0.0767214 0.923279 0
0.405947 0 0.594053
0.232037 0.324201 0.443763
0.500039 0.499961 0
0 0.542482 0.457518
0.338353 0 0.661647
0.400242 0.255869 0.343889
0 0.674811 0.325189
0.154891 0.595109 0.25
0.536243 0.0669085 0.396848
0.188007 0.402188 0.409805
0.76954 0.23046 0
0.153504 0.846496 0
0.0785432 0.286173 0.635284
0.571952 0 0.428048
0.0852963 0.174449 0.740254
0.0664934 0.388209 0.545298
0.384374 0.615626 0
0.0680243 0 0.931976
0.136073 0 0.863927
0.150785 0.356661 0.492554
0 0.75 0.25
0.672632 0 0.327368
