0.258242 0.17995 0.561808
0.142244 0.543405 0.314351
0.264399 0.446613 0.288988
0.257194 0.0841858 0.658621
0.236125 0.513875 0.25
0.295785 0 0.704215
0.227521 0.0296114 0.742867
1 0 0
0 0.169514 0.830486
0.038893 0.961107 0
0.713867 0.286133 0
0.552481 0.447519 0
0.604238 0 0.395762
0.313431 0.686569 0
0.558238 0.102509 0.339252
4.09963e-17 0.75 0.25
0.109921 0.498166 0.391913
0.877032 0.122968 0
0.795192 0.204808 0
0.285322 0.223678 0.491
0.17814 0.113413 0.708447
0.0367223 0.0915631 0.871715
0.289779 0.372324 0.337896
1.33538e-17 0.244299 0.755701
0.512369 0.487631 0
0.0616276 0.688372 0.25
0.630297 0.0608862 0.308817
0.504357 0.189303 0.306341
0.274088 0.725912 0
3.70155e-18 0.0677174 0.932283
0.143509 0.0707998 0.785691
0.5367 0.0460238 0.417277
0.130847 0.321102 0.548051
0.0931299 0.623017 0.283853
0.918023 0.081977 0
0.95903 0.0409695 0
1.49632e-17 0.318923 0.681077
0.592685 0.407315 0
0.337132 0.412868 0.25
0.365223 0 0.634777
0.392722 0.607278 0
0.425555 0.250851 0.323594
0.243823 0.322913 0.433264
0.137969 0.195059 0.666971
0.173561 0.236823 0.589616
0.465281 0.0770588 0.45766
0.632997 0.367003 0
0.117006 0.882994 0
0.0895742 0.277797 0.632628
0.315444 0.265027 0.419529
4.69181e-17 1 0
2.14083e-17 0.39165 0.60835
0.677144 0 0.322856
0.1897 0 0.8103
0.67332 0.32668 0
0.342778 0.302692 0.354529
0.0780178 0.921982 0
0.437968 0 0.562032
0.836091 0.163909 0
0.321542 0.0701144 0.608344
0.195318 0.804682 0
0.598802 0.151198 0.25
0.359846 0.169771 0.470383
0.754543 0.245457 0
0.0596009 0.227689 0.71271
0.159965 0.370222 0.469813
0.51067 0 0.48933
0 0.670041 0.329959
0.0578698 0.356176 0.585954
0.0630645 0.572083 0.364853
0.408506 0.0622856 0.529208
0.0960858 0.158331 0.745583
0.15609 0.84391 0
0.00243523 0.461591 0.535973
0.123248 0 0.876752
0 0 1
0.204673 0.404736 0.39059
0.525212 0.224788 0.25
0.0904302 0.459833 0.449737
0.219031 0.152747 0.628222
0.183881 0.471648 0.344471
0.336702 0.121187 0.542111
0.381313 0.344267 0.27442
2.81205e-17 0.599353 0.400647
0.072561 0.118583 0.808856
0.451624 0.298376 0.25
0.674397 0.0756026 0.25
0.209578 0.277564 0.512858
0.391993 0.213985 0.394022
0.353078 0.646922 0
0.47235 0.52765 0
0.0653734 0.0130976 0.921529
0.16436 0.58564 0.25
0.47654 0.151214 0.372247
0 0.528581 0.471419
0.432473 0.567527 0
0.75 0 0.25
0.0746192 0.412523 0.512858
0.23462 0.76538 0
0.429502 0.133855 0.436643
