0.481477 0.518523 0
0.0742525 0.675747 0.250001
0.439175 0.118336 0.442489
0.142832 0.32905 0.528118
0.125067 0 0.874933
0.0617863 0.626758 0.311456
0.0162156 0.462379 0.521405
0.235457 0.276323 0.48822
0.144534 0.131639 0.723826
0.184493 0.363977 0.45153
5.55112e-17 1 0
0.372639 0.139728 0.487634
0.270422 0.317412 0.412165
0.219883 0.221898 0.558219
0.495272 0.254727 0.250001
0.217797 0.782203 0
2.27341e-17 0.409541 0.590459
0.180879 0.819121 0
0.277796 0.472203 0.250001
0.0339051 0.109584 0.856511
3.73386e-17 0.672633 0.327367
0.206582 0.536949 0.256469
0.637639 0.362361 0
0.269499 0.00228207 0.728219
0.59855 0.40145 0
0 0.338986 0.661014
0.79766 0.20234 0
0.878138 0.121862 0
0.0554483 0.0123851 0.932167
0.389803 0.303627 0.30657
0.677538 0.322462 0
0.174035 0.498287 0.327678
0.615919 0.13408 0.250001
0.100737 0.415129 0.484134
0 0.532798 0.467202
0.668062 0 0.331938
0.295681 0.179972 0.524348
0.402651 0.192465 0.404884
0.48428 0 0.51572
4.55225e-18 0.0820061 0.917994
0.254559 0.745441 0
0.837755 0.162245 0
0.142213 0.453791 0.403996
0.918665 0.0813346 0
0.367063 0.632937 0
0.341136 0 0.658864
0.10827 0.89173 0
0.103703 0.0764273 0.819869
0.308155 0.357875 0.33397
0.064496 0.372033 0.563471
0.265422 0.136393 0.598185
0 0 1
0.353589 0.271083 0.375328
0.227276 0.0894135 0.68331
0.541817 0.187427 0.270755
0.560003 0 0.439997
0.198455 0 0.801545
0 0.244503 0.755497
0.0846511 0.298121 0.617228
0.576597 0.102662 0.320741
0.717209 0.282791 0
0.25322 0.43861 0.30817
0 0.749999 0.250001
0.328999 0.671001 0
0.0988975 0.549498 0.351604
0.35466 0.0885219 0.556818
0.0372773 0.265964 0.696759
0.681177 0.0604267 0.258397
0.144594 0.855406 0
0.451425 0.0569836 0.491591
0.306551 0.0610032 0.632446
1 0 0
9.95365e-18 0.179309 0.820691
0.443244 0.556756 0
0.072083 0.927917 0
0.349963 0.400036 0.250001
0.446542 0.226699 0.326759
0.110353 0.214075 0.675572
0.409232 0.00323705 0.587531
0.55947 0.44053 0
0.490993 0.151073 0.357935
0.75727 0.24273 0
0.187095 0.172794 0.640112
0.959297 0.0407032 0
0.520295 0.479705 0
0.319982 0.229468 0.45055
0.176606 0.0585016 0.764893
0.0709974 0.161554 0.767448
0.42263 0.327369 0.250001
0.14849 0.601509 0.250001
0.606797 0.0280545 0.365148
0.00659945 0.596136 0.397265
0.0361816 0.963818 0
0.0675641 0.500413 0.432023
0.155864 0.257848 0.586289
0.521166 0.0747949 0.404039
0.220881 0.402659 0.37646
0.405281 0.594719 0
0.291762 0.708238 0
0.749999 0 0.250001
