0.186785 0.813215 0
0.262116 0.737884 0
0.0304464 0.100452 0.869101
0.881706 0.118294 0
0.147783 0.274303 0.577914
0.646068 0.353932 0
0.234571 0.103801 0.661628
0.574219 0.0810737 0.344708
0.0761974 0 0.923803
0.111833 0.888167 0
9.30996e-18 0.75 0.25
0.0746212 0.925379 0
0.80291 0.19709 0
0.216886 0.365561 0.417553
0.179186 0.570814 0.25
5.5209e-17 3.02141e-19 1
0.100769 0.361207 0.538023
0.763591 0.236409 0
0.300073 0.699927 0
0.396517 0.292644 0.310839
0 0.639974 0.360026
0.60721 0.39279 0
0.252567 0.410632 0.336802
0.54692 0 0.45308
0.616069 0.117369 0.266562
0.10714 0.105677 0.787183
0.362299 0.252422 0.385279
0.0430506 0.572745 0.384205
0.618153 0 0.381847
0.724414 0.275586 0
5.85896e-18 0.471991 0.528009
0.0707605 0.313029 0.616211
0.414271 0 0.585729
0.452718 0.547282 0
0.0699546 0.186256 0.743789
0.349831 0.131928 0.51824
1 0 0
8.0491e-17 1 0
0.217015 0.498997 0.283988
0.517473 0.0605363 0.421991
7.81184e-19 0.0629313 0.937069
0.227473 0.237096 0.535432
0.313188 0.206887 0.479925
0.0636003 0.443254 0.493146
0.682599 0.0674012 0.25
0.0373128 0.962687 0
0.188404 0.0721293 0.739467
0.189746 0.190638 0.619617
0.842342 0.157658 0
0.263235 0.279635 0.45713
0.338026 0.661974 0
0.921105 0.0788952 0
0.165735 0 0.834265
0.307755 0.0811608 0.611085
0.0221298 0.276322 0.701548
0.293636 0.314894 0.39147
0.488753 0.25239 0.258857
0.435314 0.0917538 0.472932
0.100491 0.603394 0.296116
0.376125 0.623875 0
0.0985174 0.0453793 0.856103
0.52977 0.47023 0
0.47878 0.131769 0.389451
4.31105e-18 0.347294 0.652706
0.75 0 0.25
0.133342 0.52986 0.336798
0.560408 0.189592 0.25
2.03732e-18 0.164125 0.835875
0.106507 0.231863 0.66163
0.0151994 0.40206 0.58274
0.426691 0.323309 0.25
0.685235 0.314765 0
0.491212 0.508788 0
0.181708 0.320819 0.497473
0.414254 0.585746 0
0.285656 0.464344 0.25
0.442687 0.2121 0.345213
0.0206713 0.6846 0.294729
0.523382 0.161047 0.315571
0.667523 0.0136314 0.318846
0.385186 0.0615586 0.553256
0.224391 0.775609 0
0.149695 0.149543 0.700762
0.477031 0.00801443 0.514954
0.090548 0.4919 0.417552
0.960571 0.039429 0
0.175101 0.451363 0.373537
0.0861313 0.663869 0.25
0.223441 0.00714923 0.76941
0.354193 0.395807 0.25
0.139552 0.40543 0.455018
6.74675e-18 0.543511 0.456489
0.395905 0.172237 0.431859
2.87275e-18 0.231426 0.768574
0.288484 0 0.711516
0.149291 0.850709 0
0.269966 0.15901 0.571024
0.342681 0.0095625 0.647756
0.568541 0.431459 0
0.325084 0.355048 0.319867
