1 0 0
0.260894 0.489106 0.25
0.504616 0.495384 0
0 0.418254 0.581746
5.72487e-18 0.172673 0.827327
0.730313 0.269687 0
0.883842 0.116158 0
0.273152 0.0726534 0.654195
0.177593 0.822407 0
0.683478 0.0448327 0.271689
0.106287 0.893713 0
0.368485 0.00820718 0.623307
0.0353612 0.964639 0
0.5004 0.237839 0.261761
0.0784683 0.592511 0.32902
0.661726 0 0.338274
0.638664 0.111336 0.25
0.299087 0.41691 0.284003
0.33441 0.203574 0.462017
0.124536 0.500741 0.374723
0.368528 0.381472 0.25
0 0 1
0.100288 0.302211 0.597501
0.092123 0 0.907877
0.421203 0.156745 0.422052
0.408764 0.0584327 0.532803
0.235868 0.0253204 0.738811
0.75 0 0.25
0.590223 0 0.409777
0.541966 0.458034 0
0.0224553 0.217241 0.760304
0.184248 0.565752 0.25
1.77326e-17 0.75 0.25
0.0145119 0.34656 0.638928
0.137681 0.347238 0.515081
0.581102 0.0678863 0.351011
0.654775 0.345225 0
0.0706862 0.124631 0.804682
0.25383 0.236457 0.509713
0 0.567491 0.432509
0.410838 0.277448 0.311715
0.323491 0.0949199 0.58159
0.462186 0.192714 0.3451
0.616964 0.383036 0
0.107681 0.168577 0.723742
0.0326232 0.685771 0.281605
0.0850607 0.447958 0.466981
0.394246 0.605754 0
0.141872 0.858128 0
0.54161 0.143914 0.314476
0.321704 0.678296 0
0.441006 0.308994 0.25
0.518707 0 0.481293
0.150064 0.208891 0.641045
0.468112 0.0738583 0.458029
0.230041 0.156995 0.612964
0.357818 0.642182 0
0.111606 0.0421613 0.846233
0.692353 0.307647 0
0.107618 0.642382 0.25
9.61134e-18 0.289895 0.710105
0.259118 0.36621 0.374673
0.249362 0.750638 0
0.0264848 0.0392955 0.93422
0.191454 0.118111 0.690435
0.285346 0.714654 0
0.579411 0.420589 0
0.922615 0.0773846 0
0.219473 0.310318 0.470209
0.182656 0.378819 0.438525
0.0718115 0.253139 0.675049
0.159288 0.432036 0.408676
0.214819 0.453587 0.331594
0.189961 0 0.810039
0.213404 0.786596 0
0.375905 0.239625 0.38447
0.467916 0.532084 0
0 0.491665 0.508335
0.568907 0.181093 0.25
0.768499 0.231501 0
0.961276 0.0387241 0
0 1 0
0 0.643202 0.356798
0.158417 0.535657 0.305926
0.372543 0.128377 0.49908
0.181063 0.258435 0.560502
0.306621 0 0.693379
0.845337 0.154663 0
0.295557 0.283315 0.421127
0.442801 0 0.557199
0.335335 0.328755 0.33591
0.0639878 0.389282 0.54673
0.151431 0.0820771 0.766492
0.0567136 0.533912 0.409374
0.508039 0.100156 0.391805
3.47783e-18 0.104898 0.895102
0.430892 0.569108 0
0.806863 0.193137 0
0.284677 0.171022 0.5443
0.0706728 0.929327 0
