0.198485 0.481518 0.319997
0.319277 0.0920678 0.588656
0.475562 0 0.524438
0.466403 0.283597 0.25
0.319535 0.354401 0.326064
0.0495931 0.0970461 0.853361
0.0763695 0.602953 0.320678
0.403621 0.038157 0.558223
0.0853314 0.255934 0.658735
0.580155 0.14543 0.274415
0.039146 0.960854 0
0.510025 0.0386547 0.45132
0.117332 0.882668 0
0.13313 0.0496129 0.817257
0 0.75 0.25
0.0935037 0.131358 0.775138
0.244367 0.272001 0.483632
0.358288 0.132934 0.508778
0.0235811 0.573912 0.402507
0.399731 0.318082 0.282188
0.0778352 0.48921 0.432955
0.64834 0.10166 0.25
0.350093 0.649907 0
0.576723 0 0.423277
0 0.239966 0.760034
0 0.41463 0.58537
0.608245 0.0643319 0.327423
0.539906 0.0939748 0.36612
0.242877 0.400714 0.356409
0.0793939 0.372579 0.548027
0.430937 0.228794 0.340269
0.197637 0 0.802363
0.116834 0.408857 0.474309
0 0.528083 0.471917
0.156384 0.843616 0
0.179332 0.098988 0.72168
0.690562 0.028999 0.280439
0.107932 0.642068 0.25
0.234058 0.765942 0
0.195315 0.804685 0
0.92321 0.0767895 0
0.501003 0.180805 0.318193
0 0.171092 0.828908
0.535574 0.214426 0.25
0.75 0 0.25
0.287935 0.443407 0.268658
0.961586 0.0384142 0
0.618 0.382 0
0.694064 0.305936 0
0.110118 0 0.889882
0.42698 0.57302 0
0.229811 0.0260979 0.744091
0.467295 0.134523 0.398182
9.14162e-18 0.0843705 0.91563
0.302637 0 0.697363
0.372817 0 0.627183
0.172883 0.209358 0.617759
1.03665e-16 6.28688e-17 1
1 0 0
0.280513 0.178288 0.541199
0 0.30863 0.69137
0.235581 0.514419 0.25
0.280802 0.313262 0.405936
0.0314094 0.34275 0.62584
0.38864 0.61136 0
0.270522 0.0656677 0.663811
0.311609 0.688391 0
0.318852 0.223682 0.457466
0.357603 0.269957 0.37244
0.656028 0.343972 0
0.465374 0.534626 0
6.00498e-17 1 0
0.358548 0.391452 0.25
0.39377 0.180697 0.425533
0.884883 0.115117 0
0.201821 0.360955 0.437223
0.732099 0.267901 0
0.808434 0.191566 0
0.579974 0.420026 0
0.770219 0.229781 0
0.0782639 0.921736 0
0.1646 0.57065 0.26475
0.272935 0.727065 0
0.0452826 0.0195359 0.935182
0.503652 0.496348 0
0.208449 0.235803 0.555748
0.433484 0.089164 0.477352
0.229643 0.138026 0.63233
0 0.645445 0.354555
0.0262387 0.457679 0.516083
0.138425 0.171528 0.690048
0.117215 0.528367 0.354417
0.163222 0.323774 0.513004
0.846604 0.153396 0
0.541852 0.458148 0
0.0608137 0.207133 0.732053
0.647017 0 0.352983
0.0325099 0.688524 0.278966
0.121274 0.292061 0.586665
0.159662 0.443906 0.396432
