0.187101 0.195915 0.616984
0.432866 0.0747627 0.492372
0.0792796 0.210668 0.710052
0.157564 0 0.842436
0.268477 0.154839 0.576685
0.174508 0.454512 0.37098
0.119383 0.417647 0.462969
0.0723039 0.927696 0
0.392807 0.155668 0.451526
0.317536 0.316601 0.365863
0.47361 0.114631 0.411759
0.394508 0.278968 0.326525
0.435192 0.199643 0.365166
2.81865e-18 0.75 0.25
0.518245 0.0249721 0.456783
0.626714 0.0352854 0.338
0.663012 0.336988 0
0.352741 0.235597 0.411662
0.75 0 0.25
2.54381e-18 0.676868 0.323132
0.0691187 0.620267 0.310615
3.08339e-19 0.0820444 0.917956
0.47622 0.52378 0
0.217801 0.782199 0
0.134913 0.527516 0.337572
0.114082 0.0910084 0.794909
0.0232578 0.126603 0.850139
0.925291 0.0747087 0
0.328135 0.671865 0
5.2863e-17 1 0
0.0879227 0.373922 0.538155
0.850517 0.149483 0
0.401971 0.598029 0
0.311215 0.191239 0.497545
0.245676 0.325244 0.42908
0.232724 0.10742 0.659856
0.272426 0.266298 0.461276
0.357775 0.367524 0.274701
0.27808 0.019771 0.702149
0.291252 0.708748 0
0.268819 0.400929 0.330252
0.0582833 0.564711 0.377006
0.364969 0.635031 0
0.189433 0.0673785 0.743189
0.0856984 0.0396495 0.874652
0.154178 0.147653 0.69817
0.349293 0 0.650707
0.551841 0.198159 0.25
1.02689e-18 0.27324 0.72676
0.086605 0.487135 0.42626
0.171094 0.334477 0.494429
0.813064 0.186936 0
0.108684 0.891316 0
0.0778613 0.672139 0.25
0.625541 0.374459 0
1.59486e-17 5.17056e-17 1
0.666328 0.083672 0.25
0.5134 0.4866 0
0.597094 0.125156 0.27775
0.550854 0.0810353 0.36811
0.55068 0.44932 0
0.0106542 0.524384 0.464962
7.48453e-19 0.199152 0.800848
0.254415 0.745585 0
0.0634012 0.317399 0.6192
0.77555 0.22445 0
0.208377 0.385443 0.40618
0.700497 0.299503 0
0.222984 0.240619 0.536397
0.587785 0 0.412215
0.233758 0.480691 0.285551
0.181324 0.818676 0
1.30633e-18 0.347593 0.652407
0.141953 0.285786 0.572261
0.962633 0.0373674 0
0.106955 0.243649 0.649396
0.738058 0.261942 0
0.439007 0.560993 0
0.206127 0.543873 0.25
0.146133 0.594142 0.259725
0.0131902 0.408836 0.577974
0.0644639 0.165533 0.770003
0.887912 0.112088 0
0.480294 0.247898 0.271808
0.145005 0.854995 0
0.512413 0.160474 0.327112
0.690347 0 0.309653
1 0 0
0.354132 0.109257 0.536611
0.310654 0.439345 0.25
0.400159 0.0198627 0.579978
0.0601929 0 0.939807
0.471362 0 0.528638
0.429909 0.320091 0.25
0.31172 0.0733845 0.614896
0.0361219 0.963878 0
2.25579e-18 0.600232 0.399768
0.588067 0.411933 0
0.228232 0 0.771768
1.77615e-18 0.472607 0.527393
