0.578427 0.171573 0.25
0 0.126029 0.873971
0.49243 0.50757 0
0.109113 0.111163 0.779724
0.105655 0.587478 0.306867
0.260525 0.0185961 0.720879
0.0825606 0.667439 0.25
0.374115 0.257595 0.36829
0.539805 0 0.460195
0.174873 0.416774 0.408353
0.302045 0.697955 0
0.39241 0 0.60759
0.340141 0.333803 0.326056
0.13258 0.500758 0.366662
0.475787 0 0.524213
1 0 0
0 0.239896 0.760104
0.530788 0.469212 0
0.0900518 0.461454 0.448494
0 0 1
0.178902 0.301799 0.5193
0.0486912 0.538029 0.41328
0.960467 0.0395334 0
0.264285 0.735715 0
0.803075 0.196925 0
0.135115 0.00376137 0.861123
0.920972 0.0790276 0
0.185791 0.525202 0.289008
0 1 0
0.227097 0.222151 0.550752
0.454303 0.545697 0
0.184657 0.188549 0.626794
0.881551 0.118449 0
0.482923 0.075072 0.442005
0.842404 0.157596 0
0.178857 0.067785 0.753358
0.220214 0.335305 0.444481
0.682597 0.0212827 0.296121
0.041117 0.432651 0.526232
0.0793026 0.0765011 0.844196
0.0262708 0.286608 0.687121
0.533865 0.162235 0.3039
0.425049 0.298708 0.276243
0 0.598317 0.401683
0.661252 0.0887483 0.25
0.349006 0.101126 0.549868
0.41777 0.11802 0.464209
0.646943 0.353057 0
0.724775 0.275225 0
0.340033 0.659967 0
0.151031 0.848969 0
6.59649e-18 0.349975 0.650025
0.308032 0.417675 0.274293
0.226529 0.773471 0
0.323845 0.174308 0.501847
0.636516 0 0.363484
0.267989 0.146063 0.585948
0.412179 0.0512982 0.536523
0.0695615 0 0.930439
0.225319 0.104305 0.670377
0.608106 0.391894 0
0.134057 0.272043 0.5939
0.569304 0.430696 0
0.685839 0.314161 0
0.49568 0.25432 0.25
0.389818 0.189046 0.421136
9.56881e-18 0.50767 0.49233
0.1472 0.151055 0.701745
0.129407 0.381039 0.489555
0.591202 0.0935571 0.315241
0.377997 0.622003 0
2.18321e-17 0.691006 0.308994
0.452819 0.212732 0.334448
0.0377704 0.96223 0
0.325672 0 0.674328
0.0225877 0.167366 0.810046
0.0755284 0.924472 0
0.75 0 0.25
0.274247 0.249092 0.476661
0.379848 0.370152 0.25
0.0844894 0.344163 0.571348
0.763735 0.236265 0
0.220281 0.449792 0.329927
0.305101 0.2859 0.408999
0.167628 0.582372 0.25
0.563928 0.0413499 0.394722
7.7204e-18 0.409604 0.590396
0.0716516 0.195979 0.73237
0.206511 0 0.793489
0.113278 0.886722 0
0.188803 0.811197 0
2.3696e-17 0.75 0.25
0.26246 0.372796 0.364744
0.416126 0.583874 0
0.263342 0.486658 0.25
0.495633 0.129183 0.375184
0.0134994 0.063568 0.922933
0.100808 0.240588 0.658604
0.0369287 0.622247 0.340824
0.302808 0.0674389 0.629753
