0.647601 0 0.352399
0.240414 0.346313 0.413273
0.0643491 0.184104 0.751547
0.0994683 0.231131 0.6694
0.068405 0.543256 0.388339
0.381752 0.0199959 0.598252
0.504343 0.245657 0.25
0.75 0 0.25
0.473111 0.215656 0.311233
0.185883 0.310108 0.504009
0.395893 0.269313 0.334794
0.432585 0.182381 0.385034
0.196316 0.431363 0.372321
0.0900173 0.357253 0.55273
0.279412 0.38915 0.331437
0.567869 0.174545 0.257586
0.321476 0.428524 0.25
0.0304174 0.625094 0.344488
0.0642927 0.311437 0.62427
0.450099 0 0.549901
0.56958 0.0437744 0.386645
0.219841 0.10553 0.674628
0.248111 0.469265 0.282624
3.72922e-18 0.412454 0.587546
0.0840416 0 0.915958
0.68827 0.31173 0
0.043178 0.080368 0.876454
0.139701 0.148662 0.711637
0.318838 0.309721 0.371441
0.765913 0.234087 0
0.224869 0.230241 0.54489
0.303424 0.696576 0
0.0756663 0.924334 0
0.143172 0.271853 0.584975
0.843742 0.156258 0
0.0340151 0.447748 0.518237
0.172498 0.0712915 0.756211
0.386941 0.148118 0.46494
0.552946 0 0.447054
0.181105 0.189649 0.629246
0.168704 0.382142 0.449154
5.28089e-18 0.58407 0.41593
0.351504 0.228696 0.4198
0.265297 0.734703 0
0.521353 0.134199 0.344448
0.649541 0.350459 0
0.572274 0.427726 0
0.610928 0.389072 0
0.882803 0.117197 0
0.495336 0.0288646 0.475799
0.0966233 0.476521 0.426856
0.41818 0.58182 0
0.151435 0.848565 0
0 0.0583376 0.941662
0.205459 0 0.794541
0.0156759 0.272906 0.711418
0.270576 0.269132 0.460292
0.330584 0 0.669416
2.34301e-17 0.514763 0.485237
0 0.151294 0.848706
0.431747 0.318253 0.25
0.341673 0.658327 0
6.22754e-18 0.688771 0.311229
0.418102 0.0737066 0.508191
0.960908 0.0390917 0
0.495059 0.504941 0
0.60132 0.0834194 0.315261
0.379893 0.620107 0
0.296497 0.0714038 0.632099
0 0.220553 0.779447
0.473833 0.10306 0.423107
0.133679 0.0206479 0.845673
0.189349 0.810651 0
0.921862 0.0781385 0
0.341841 0.107101 0.551058
1 0 0
0.456619 0.543381 0
0.110033 0.57836 0.311608
0.0924762 0.107813 0.799711
0.727073 0.272927 0
0.306446 0.188552 0.505003
0.146128 0.603872 0.25
0 0.342265 0.657735
0.0775786 0.672421 0.25
0.113551 0.886449 0
0.0378291 0.962171 0
0.214583 0.535417 0.25
0.227351 0.772649 0
6.78114e-18 0.75 0.25
0.260317 0.0170505 0.722633
0.804793 0.195207 0
0.157788 0.504495 0.337717
1.89049e-17 1 0
0.533533 0.466467 0
0.640732 0.109268 0.25
0.26083 0.15021 0.58896
0.687968 0.0344114 0.27762
0.362838 0.356603 0.28056
1.0821e-16 2.81216e-18 1
0.112102 0.405881 0.482017
