0.36904 0.38096 0.25
0.0983479 0.157474 0.744178
0.235519 0.764481 0
0.299225 0.450775 0.25
0.164122 0.585878 0.25
0.482185 0.109933 0.407882
0.354568 0.645432 0
0.441489 0.0737318 0.484779
0.117296 0.882704 0
0.474412 0.525588 0
0.0781678 0.921832 0
0.434301 0.565699 0
0.260528 0.287466 0.452005
0 1 0
0.0150931 0.403782 0.581125
0.362911 0.10737 0.529719
0.675907 0.324093 0
0.21608 0.258982 0.524938
0.155987 0.45289 0.391122
0.394251 0.605749 0
0.528599 0.0238936 0.447507
1 0 0
0.878665 0.121335 0
0.169968 0.12158 0.708452
0.474736 0.218883 0.306381
9.20672e-18 1.01816e-16 1
0.394075 0.154793 0.451131
0.2548 0.188126 0.557075
0.135775 0.555183 0.309043
0 0.463259 0.536741
0.589702 0.160298 0.25
0.669825 0.0801751 0.25
0.104374 0.0324886 0.863137
0.390792 0.275261 0.333946
0.348811 0.239406 0.411783
0.434644 0.189282 0.376074
0.195926 0.804074 0
0.919134 0.0808659 0
0.360621 0 0.639379
0.673756 0 0.326244
0.00713714 0.19643 0.796433
8.00394e-18 0.561196 0.438804
0.595075 0.404925 0
0.314916 0.685084 0
0.093428 0.656572 0.25
0.838127 0.161873 0
0.597507 0 0.402493
0.0408955 0.486429 0.472676
0.290356 0.128524 0.58112
0.0390722 0.960928 0
0.253027 0.408396 0.338577
0.959573 0.0404274 0
0.75 0 0.25
0.563559 0.0788031 0.357638
0.0900775 0.524307 0.385615
0.0629486 0.600711 0.336341
0.019809 0.688367 0.291824
1.06967e-17 0.75 0.25
0.0620843 0.323789 0.614126
3.10612e-17 0.634449 0.365551
0.481714 0 0.518286
0.219591 0.0295943 0.750814
0.15667 0.84333 0
0.336068 0.354736 0.309196
0.134664 0.299273 0.566064
0.757 0.243 0
0.195166 0.483507 0.321327
0.0640183 0.107219 0.828763
0.179028 0 0.820972
0.514277 0.235723 0.25
1.31655e-17 0.268917 0.731083
0.09057 0.382234 0.527196
0.250544 0.0811324 0.668323
0.139471 0.0770896 0.78344
0.327068 0.0605294 0.612403
4.89999e-18 0.343563 0.656437
1.88809e-18 0.132383 0.867617
0.0673799 0.222999 0.709621
0.439022 0.310978 0.25
0.169882 0.222334 0.607784
0.635357 0.364643 0
0.411335 0.0187658 0.5699
0.52855 0.14593 0.325519
0.0780235 0 0.921976
0.287917 0 0.712083
0.797559 0.202441 0
0.309824 0.202442 0.487734
0.233941 0.51525 0.250809
0.514554 0.485446 0
0.00622116 0.0605843 0.933195
0.120083 0.425089 0.454827
0.202634 0.157772 0.639594
0.55481 0.44519 0
0.212087 0.372437 0.415477
0.275029 0.724971 0
0.299028 0.321909 0.379063
0.632091 0.060274 0.307635
0.172445 0.339076 0.488479
0.716451 0.283549 0
0.0982613 0.251954 0.649785
