0.158376 0.0295021 0.812122
0.450494 0.158769 0.390737
0.122984 0.253222 0.623794
0.113705 0.106929 0.779367
0.117087 0.882913 0
0.52103 0.22897 0.25
0.0344663 0.0266701 0.938864
0.168493 0.184646 0.646861
0.428933 0.571067 0
0.773042 0.226958 0
0.393026 0.144868 0.462106
0.0781456 0.58505 0.336804
1 0 0
1.36899e-17 0.436831 0.563169
0.132823 0.373264 0.493913
0.211662 0.222681 0.565657
0.886532 0.113468 0
0.544576 0.455424 0
1.91375e-17 0.610659 0.389341
0.169794 0.295221 0.534985
0.213712 0.334265 0.452022
0.305096 0.292167 0.402737
0.0780668 0.921933 0
0.545193 0.110518 0.344289
0.0331835 0.543377 0.423439
0.376089 0.0547407 0.56917
0.00488669 0.669117 0.325996
0.474051 0.00199661 0.523953
0.0469757 0.290015 0.663009
0.543089 0 0.456911
0.0390464 0.960954 0
0.962141 0.0378591 0
0.924346 0.0756538 0
0.403696 0.346304 0.25
0.625252 0.0657175 0.30903
0.592588 0.156468 0.250945
0.299594 0.187298 0.513109
0 0.27729 0.72271
0.195188 0.804812 0
0 0.75 0.25
0.254297 0.0270108 0.718692
0.276087 0.473913 0.25
0.29509 0.0742161 0.630694
0.467759 0.532241 0
0.0584801 0.408025 0.533495
0.735162 0.264838 0
0.350901 0.322244 0.326854
0.159275 0.533081 0.307644
0.258264 0.259488 0.482248
0.214495 0.100014 0.685491
0 0 1
0.33878 0.118599 0.542621
0.219661 0 0.780339
0.582879 0.417121 0
0 0.213341 0.786659
0.0862832 0.332614 0.581102
0.0281962 0.149822 0.821982
0.402495 0.243432 0.354073
0.117329 0.500508 0.382164
0.0570372 0.683533 0.25943
0.253429 0.147856 0.598716
0.81091 0.18909 0
0.351454 0.216881 0.431665
0.671217 0.0787835 0.25
0.273435 0.726565 0
0.145475 0.1413 0.713226
0 1 0
0.0836712 0.458102 0.458227
1.59143e-17 0.507809 0.492191
0.596508 0.0144977 0.388995
0.492455 0.191158 0.316386
0 0.103252 0.896748
0.156126 0.843874 0
0.433043 0.0812538 0.485704
0.697149 0.302851 0
0.0741717 0.196041 0.729787
0.506285 0.493715 0
0.111025 0 0.888975
0.659213 0.340787 0
0.0745887 0.0707877 0.854624
0.401805 0 0.598195
0 0.365866 0.634134
0.351369 0.648631 0
0.327205 0 0.672795
0.199792 0.550208 0.25
0.234343 0.765657 0
0.167896 0.417905 0.414199
0.448716 0.279261 0.272022
0.672969 0 0.327031
0.505611 0.0708807 0.423508
0.390148 0.609852 0
0.123605 0.626395 0.25
0.848714 0.151286 0
0.203519 0.462563 0.333918
0.312408 0.687592 0
0.337703 0.399646 0.262651
0.251413 0.370817 0.37777
0.621045 0.378955 0
0.75 0 0.25
0.269313 0.416321 0.314366
