0.0382824 0.0241031 0.937615
0.159617 0.590383 0.25
0.172075 0.142741 0.685184
0.583661 0.416339 0
0.437387 0.0751013 0.487511
0.090231 0.179039 0.73073
0.848189 0.151811 0
0.418094 0.205494 0.376412
0.316577 0.433423 0.25
0 0.75 0.25
0.519659 0.15884 0.321501
0.462384 0 0.537616
0.107268 0.892732 0
0.47833 0.124908 0.396763
0.626648 0.123352 0.25
0.219276 0.180013 0.600712
0.115709 0.107456 0.776835
0.41252 0.33748 0.25
0.09812 0.544646 0.357234
0.251852 0.748148 0
0.398036 0.601964 0
0.576019 0.0816783 0.342302
0.558689 0.191311 0.25
1.31682e-17 0.484374 0.515626
0.20161 0.0706356 0.727754
0.11225 0 0.88775
0.143208 0.856792 0
7.7969e-18 0.286797 0.713203
0.188922 0.382455 0.428623
0.182775 0.262849 0.554376
0.610709 0 0.389291
0.772207 0.227793 0
0.75 0 0.25
0.260926 0.0964117 0.642662
0.263271 0.221323 0.515406
0.215677 0.784323 0
0.398848 0.153553 0.447599
0.0140258 0.344848 0.641126
0.35221 0 0.64779
0.696357 0.303643 0
1 0 0
0.546249 0.453751 0
0.3247 0.6753 0
0.0469651 0.51009 0.442945
0.0370678 0.609605 0.353327
0 0.578107 0.421893
0.0664577 0.385337 0.548205
0.362409 0.100648 0.536943
0.335381 0.184463 0.480155
0.361417 0.638583 0
0.179488 0.524876 0.295636
0.471873 0.528127 0
0.179399 0.820601 0
0.236208 0 0.763792
0.886157 0.113843 0
0.0714494 0.928551 0
0.962063 0.0379371 0
0.339272 0.366849 0.293879
0 0.674219 0.325781
0.251608 0.398473 0.349919
0.250877 0.499123 0.25
0.146977 0.343688 0.509334
0.515441 0.0569075 0.427651
0.320303 0.255482 0.424215
0.621173 0.378827 0
0.297747 0.132741 0.569512
0 0.166789 0.833211
0.509036 0.490964 0
0.454322 0.238046 0.307632
0.371947 0.2884 0.339653
0.683512 0.0568709 0.259617
0.434963 0.565037 0
0.389428 0.0272974 0.583274
0 0.098056 0.901944
0.219114 0.456051 0.324835
0.0627196 0.68728 0.25
0.734259 0.265741 0
0.289653 0.0214332 0.688914
0.232153 0.299722 0.468126
0.0983257 0.429851 0.471823
0.288239 0.711761 0
0.924111 0.0758892 0
0.140334 0.469509 0.390157
0 1 0
0.658625 0.341375 0
0.100233 0.30479 0.594977
0.163871 0.0190337 0.817095
0 0.41398 0.58602
0.140122 0.220888 0.638989
0.485623 0.264377 0.25
0.066375 0.256729 0.676896
0.0356655 0.964335 0
0.536647 0 0.463353
0.0964081 0.618796 0.284796
0.810202 0.189798 0
0.0168854 0.213443 0.769671
0.665905 0.00784824 0.326247
0.283875 0.330197 0.385928
0.0724278 0.0767679 0.850804
3.90653e-17 1.64458e-17 1
