0.430714 0.319286 0.25
1.32725e-17 0.479106 0.520894
0.577494 0 0.422506
0.312766 0.32654 0.360694
0.231423 0 0.768577
0.0651447 0.323275 0.611581
3.24621e-18 0.11445 0.88555
0.133496 0.0595448 0.806959
0.565805 0.434195 0
0.471661 0 0.528339
0.203532 0.796468 0
0.538504 0.0793038 0.382192
0.0923436 0 0.907656
0.540679 0.209321 0.25
0.423468 0.0831456 0.493387
1.09331e-17 0.18684 0.81316
0.960816 0.0391835 0
0.330319 0 0.669681
0.50744 0.0308476 0.461712
0.162963 0.837037 0
0.0374173 0.219853 0.742729
0.0874143 0.138835 0.773751
0.37233 0.0577656 0.569904
0.258412 0.166468 0.575119
0 0.75 0.25
0.155778 0.403172 0.44105
0.202285 0.447197 0.350518
0.130603 0.171647 0.697751
0.296333 0.0850233 0.618644
0.122215 0.877785 0
0.803601 0.196399 0
0.360649 0.365612 0.27374
0.0908313 0.249352 0.659816
0.24874 0.50126 0.25
0.617082 0.0349387 0.34798
0.764185 0.235815 0
0.882286 0.117714 0
0.267386 0.286472 0.446141
0.0961907 0.653809 0.25
0.302386 0.207352 0.490262
0.347203 0.245027 0.40777
0.428331 0.204105 0.367564
0.0199693 0.409715 0.570316
0.338112 0.130144 0.531745
0.645452 0.354548 0
0.405617 0.594383 0
0.463904 0.120595 0.4155
0.123182 0.479513 0.397305
0.525934 0.474066 0
0.48592 0.51408 0
0.24414 0.75586 0
0.316816 0.433184 0.25
0.222747 0.245871 0.531383
0.390501 0.282657 0.326842
0.724558 0.275442 0
0.160797 0.589203 0.25
0.176728 0.522636 0.300636
0.0623538 0.086269 0.851377
0.176575 0.206995 0.61643
0.842891 0.157109 0
0.142763 0.284839 0.572398
9.9704e-18 0.35991 0.64009
0.605705 0.394295 0
0.161885 0 0.838115
2.00811e-21 1.1102e-16 1
0.261254 0.0378403 0.700905
0.50464 0.163115 0.332246
0.216609 0.125695 0.657696
5.85161e-17 1 0
0 0.581411 0.418589
0.0942706 0.549037 0.356692
0.284678 0.715322 0
0.106086 0.364808 0.529106
0.61345 0.13655 0.25
0.233019 0.365471 0.401511
0.9216 0.0784004 0
0.581886 0.10964 0.308474
1 0 0
0.275297 0.406199 0.318504
0.0351951 0.517293 0.447512
0.177194 0.0883326 0.734473
0.0815367 0.918463 0
0.0195375 0.0416415 0.938821
0.472734 0.248862 0.278403
0.685116 0.314884 0
0.384203 0.165095 0.450702
0.0407696 0.95923 0
0.0259246 0.692311 0.281765
0.0769045 0.440205 0.48289
0.325044 0.674956 0
0.401032 0 0.598968
0 0.288898 0.711102
0.365289 0.634711 0
0.445796 0.554204 0
0.187311 0.325087 0.487601
0.0681907 0.611554 0.320256
0.75 0 0.25
1.79464e-17 0.647827 0.352173
0.675286 0 0.324714
0.683612 0.0640945 0.252293
