0.118832 0.0844012 0.796767
0.636827 0.113173 0.25
0.336939 0.0385388 0.624522
0.452138 0.0916775 0.456184
0.112003 0.410823 0.477174
0.217318 0.156775 0.625907
0.516904 0.483096 0
0.678178 0.321822 0
0.839367 0.160633 0
0.562279 0.1603 0.277421
0.118274 0.881726 0
0.155006 0.594994 0.25
0.297018 0.452982 0.25
0.221288 0.278298 0.500414
0.0785672 0.160578 0.760855
0 0.689243 0.310757
5.17801e-17 5.92422e-17 1
0.199692 0.0575345 0.742773
0.34909 0.165657 0.485253
0.0515688 0.616938 0.331493
0.507587 0.127026 0.365387
0.184763 0.478993 0.336243
0.127355 0.316679 0.555965
0.758848 0.241152 0
0.458704 0 0.541296
0.0401861 0.541494 0.41832
0 1 0
0.0797468 0.381088 0.539165
0.919702 0.0802982 0
0.502611 0.0166394 0.48075
0.649751 0 0.350249
0.157653 0 0.842347
0.142755 0.442076 0.415169
0.63785 0.36215 0
0.75 0 0.25
0.26914 0.312193 0.418667
0.0594312 0 0.940569
0.399723 0 0.600277
0.0788537 0.921146 0
0.375233 0.230514 0.394253
0.0394679 0.960532 0
0.524147 0.225853 0.25
0.959833 0.0401668 0
1.0928e-18 0.0838007 0.916199
0.476739 0.523261 0
0.387923 0.081105 0.530972
0.879502 0.120498 0
0.157801 0.842199 0
2.33366e-17 0.422303 0.577697
0.0860715 0.0382918 0.875637
0.223429 0.391628 0.384943
0.0283646 0.354239 0.617397
0.456546 0.265741 0.277713
0.27701 0.72299 0
0.237091 0.762909 0
0.0817014 0.668299 0.25
0.225366 0.522164 0.25247
0.0255279 0.243248 0.731224
1 0 0
0.39666 0.60334 0
0.254781 0.0816868 0.663532
0.59686 0.0794873 0.323653
0.262608 0.423795 0.313597
0.197469 0.802531 0
4.07149e-18 0.312219 0.687781
0.416069 0.333931 0.25
0.686807 0.0380593 0.275134
0.230008 0 0.769992
0.200995 0.224692 0.574313
7.88982e-18 0.605024 0.394976
0.12879 0.561464 0.309746
0.576074 0 0.423926
0.14713 0.24358 0.60929
0.799135 0.200865 0
9.78039e-18 0.75 0.25
0.163993 0.127223 0.708784
0.557139 0.442861 0
0.0369347 0.459805 0.50326
0.467909 0.195949 0.336142
0.183645 0.353335 0.46302
0.306765 0.245526 0.447708
0.302346 0 0.697654
0.0757736 0.278689 0.645537
0.272287 0.195204 0.532508
0.388962 0.285024 0.326014
0.597481 0.402519 0
2.86352e-17 0.518187 0.481813
0.316821 0.683179 0
0.542352 0.0597849 0.397863
0.35672 0.64328 0
0.103677 0.51365 0.382673
2.57118e-18 0.197169 0.802831
0.313237 0.337247 0.349516
0.0282798 0.125573 0.846147
0.43654 0.56346 0
0.117094 0.200432 0.682474
0.718524 0.281476 0
0.349814 0.381682 0.268504
0.304935 0.118462 0.576604
0.421339 0.155206 0.423455
