0.0306501 0.578445 0.390905
0.131075 0.533985 0.33494
0.260393 0.415042 0.324565
0.190819 0.809181 0
0.786033 0.213967 0
0.821852 0.178148 0
0.604277 0.395723 0
0.530191 0.469809 0
0.485492 0.252534 0.261974
0.081602 0.389744 0.528654
0.0818209 0.604962 0.313217
0.258018 0.0311369 0.710845
0.118987 0.314007 0.567005
0.437396 0.0668303 0.495774
0.279463 0.123967 0.59657
0.00135509 0.0785161 0.920129
0.15441 0.237408 0.608182
0.182534 0.0839179 0.733548
0.175401 0.459082 0.365516
0.0342118 0.689231 0.276557
0.29442 0.225132 0.480448
0 0 1
1 0 0
0.316574 0 0.683426
0.0306234 0.470243 0.499134
0.150542 0.0379412 0.811517
0.369521 0.0866925 0.543787
0.524433 0.161586 0.313981
0.667749 0.0059743 0.326276
0.964318 0.0356825 0
0.11856 0 0.88144
0.266966 0.733034 0
0.228931 0.771069 0
0.713928 0.286072 0
0 0.3189 0.6811
0.0737768 0.0892862 0.836937
0.114561 0.885439 0
0.224065 0.49923 0.276705
0.0529334 0.012841 0.934226
0.677403 0.322597 0
0.48025 0 0.51975
0.168336 0.346558 0.485105
0.389907 0.168929 0.441164
0.0299197 0.357366 0.612714
0.928777 0.0712229 0
0.469292 0.100018 0.43069
0.218175 0 0.781825
0.380476 0.619524 0
0.0763715 0.923628 0
0.641046 0.358954 0
0.332031 0.152456 0.515513
0.304945 0.695055 0
0 0.429125 0.570875
0 0.141689 0.858311
0.215112 0.380173 0.404715
0.342864 0.657136 0
0.750025 0.249975 0
0.239483 0.194931 0.565586
0.574449 0.0738249 0.351726
0.171193 0.172452 0.656356
0 1 0
0.333872 0.0436159 0.622512
0.749996 0 0.250004
0.425026 0.324971 0.250004
0.567179 0.432821 0
0.352141 0.380082 0.267777
0.23026 0.10215 0.66759
0.0851558 0.499793 0.415051
0 0.749997 0.250003
0.125749 0.42504 0.449211
0.152727 0.847273 0
0.418128 0.581872 0
0.436929 0.210228 0.352843
0.346867 0.252575 0.400558
0.206028 0.270133 0.52384
0.893259 0.106741 0
0.603991 0 0.396009
0.408633 0 0.591367
0.305763 0.336735 0.357502
0.682827 0.067169 0.250004
0.615598 0.11366 0.270742
0.257173 0.302282 0.440545
0.297993 0.452004 0.250004
0.533125 0.0179898 0.448886
0.108908 0.641088 0.250004
0 0.539358 0.460642
0.0732972 0.212965 0.713738
0.027478 0.178599 0.793923
0.084383 0.268607 0.64701
0.182756 0.567241 0.250004
0.49278 0.128418 0.378802
0.389512 0.289712 0.320776
0 0.250323 0.749677
0 0.648792 0.351208
0.857555 0.142445 0
0.4557 0.5443 0
0.112 0.134474 0.753526
0.56065 0.189346 0.250003
0.49325 0.50675 0
0.0381789 0.961821 0
