0.566766 0.183234 0.25
0.267956 0.468248 0.263797
2.15012e-17 0.669943 0.330057
0.805735 0.194265 0
0.49036 0.50964 0
0.370953 0.0668944 0.562153
5.27883e-18 0.16448 0.83552
0.297481 0.387593 0.314926
0.961206 0.0387941 0
0.410576 0 0.589424
0.599091 0.112921 0.287988
0.341544 0 0.658456
0.385424 0.295903 0.318673
0.491549 0.258451 0.25
0.628974 0.0299412 0.341085
0 0.0608565 0.939144
0 0.589916 0.410084
0.123674 0.471209 0.405117
0.688094 0.311906 0
0.341901 0.408099 0.25
0.154496 0.0688233 0.776681
0.587653 0 0.412347
0.518274 0 0.481726
0.213509 0.431805 0.354686
0.0792359 0.435663 0.485102
0.300762 0.0918134 0.607425
0.164535 0.395578 0.439887
0.396526 0.236201 0.367273
0.244078 0.245163 0.510759
0.552683 0.0665252 0.380792
0.146087 0.603913 0.25
0.116444 0.359919 0.523637
0.727522 0.272478 0
0.75 0 0.25
0.0730448 0.676955 0.25
0.111653 0.0357795 0.852567
0.472899 0.215865 0.311236
0.225554 0.131368 0.643077
0.517315 0.140849 0.341836
0.369538 0.630462 0
0.124321 0.875679 0
0.766808 0.233192 0
0.165443 0.834557 0
0.295206 0.273254 0.431541
0.0414189 0.958581 0
0.569846 0.430154 0
0.2469 0 0.7531
0.0315136 0.0937423 0.874744
0.248238 0.353974 0.397788
0.648746 0.351254 0
0.104501 0.245504 0.649995
0 0.471301 0.528699
0.0839657 0.124126 0.791908
0.271901 0.0414591 0.686639
0.405319 0.113924 0.480757
0.0183709 0.287953 0.693677
0.247436 0.752564 0
0.214687 0.535313 0.25
0.844734 0.155266 0
0.179497 0 0.820503
0.883607 0.116393 0
0.0794066 0 0.920593
0.349614 0.19932 0.451066
0.021986 0.51696 0.461054
1.14842e-17 0.35783 0.64217
0.922416 0.0775842 0
0.40996 0.59004 0
0.0649724 0.199948 0.73508
0.203592 0.318762 0.477646
0.156785 0.281968 0.561247
0.451401 0.0283883 0.520211
0.0828196 0.91718 0
0.107036 0.564028 0.328936
0.450327 0.549673 0
0.329303 0.14765 0.523047
1 0 0
0.140595 0.1675 0.691904
0.025971 0.402874 0.571156
0.609323 0.390677 0
0.206436 0.793564 0
0.187417 0.208732 0.603851
8.00558e-17 8.64776e-17 1
0 0.236039 0.763961
0.481183 0.0847638 0.434053
0.0552188 0.634875 0.309907
0.0736977 0.54052 0.385783
0.416248 0.333752 0.25
0.0748701 0.320502 0.604628
0.329003 0.670997 0
0.265309 0.176304 0.558387
0 1 0
0 0.75 0.25
0.188889 0.0943555 0.716755
0.691387 0 0.308613
0.177904 0.505384 0.316712
0.288303 0.711697 0
0.327597 0.314235 0.358168
0.668433 0.0815671 0.25
0.530363 0.469637 0
0.437682 0.163757 0.398562
