0.56162 0.43838 0
0.408468 0.591532 0
0.098833 0.289556 0.611611
0.141255 0.209069 0.649676
0.719215 0.280785 0
2.40459e-17 0.574143 0.425857
0.529399 0.190318 0.280283
0.0822525 0.532786 0.384962
0.0850329 0.1755 0.739467
0.183158 0.816842 0
0.226678 0.0636969 0.709626
0.141933 0.328231 0.529836
0.225007 0.282696 0.492298
0.484662 0.515338 0
0.0365409 0.963459 0
0.184208 0.245581 0.570211
8.21493e-18 0.399695 0.600305
0.0768489 0.0392942 0.883857
0.401634 0.185967 0.412399
0.75 0 0.25
0.311187 0.23475 0.454063
0 0.201623 0.798377
0.140584 0.105753 0.753664
0.600213 0.149787 0.25
0.568661 0.108009 0.32333
0.261444 0.321545 0.417011
0.435791 0 0.564209
0.798703 0.201297 0
0.2761 0.0847898 0.63911
0.68837 0 0.31163
0.618251 0.037822 0.343927
0.295123 0.704877 0
0.491031 0.258969 0.25
0.213191 0.536809 0.25
0.359928 0.151714 0.488358
0.062842 0.24479 0.692368
0.600639 0.399361 0
0.319566 0.115307 0.565127
0.919327 0.0806729 0
0.419372 0.330628 0.25
0.364993 0.0292685 0.605739
1 0 0
0.505331 0 0.494669
0.0348188 0.50181 0.463371
0.0232599 0.133788 0.842952
0.0639613 0.369481 0.566558
0.449448 0.0992436 0.451309
0.220296 0.779704 0
0.25756 0.74244 0
0.488714 0.141672 0.369614
0.0365181 0.613665 0.349816
0.838664 0.161336 0
1.04043e-16 1 0
0.073099 0.926901 0
0.18137 0.137776 0.680855
0.147261 0 0.852739
0.442522 0.223384 0.334094
0.446457 0.553543 0
0.405901 0.0697049 0.524394
0.112871 0.576908 0.310221
0.257997 0 0.742003
0.177134 0.36977 0.453096
0.230079 0.16495 0.60497
0.188444 0.022755 0.788801
0.296232 0.359542 0.344226
0.593439 0 0.406561
0.639771 0.360229 0
0.523143 0.476857 0
0.679436 0.320564 0
0.38756 0.299835 0.312604
0.332927 0.667073 0
0.138962 0.611038 0.25
0.327768 0 0.672232
0.878994 0.121006 0
0.309107 0.440893 0.25
0 0 1
0.166926 0.496674 0.3364
3.14111e-17 0.75 0.25
0.109558 0.890442 0
0.271784 0.198788 0.529428
0.0651325 0.681977 0.25289
0.214353 0.411512 0.374136
0.668918 0.0807698 0.250312
0.128369 0.454351 0.417279
0.348798 0.269911 0.381291
0.758921 0.241079 0
0.0547349 0 0.945265
0.246965 0.460885 0.292149
0.102035 0.0828143 0.815151
0.0128129 0.33112 0.656068
0.370703 0.629297 0
0.528715 0.0526266 0.418659
0.0901745 0.416607 0.493218
0.146396 0.853604 0
0.346534 0.381959 0.271507
9.65203e-18 0.469617 0.530383
2.82013e-17 0.673361 0.326639
0.959555 0.0404447 0
3.56155e-18 0.0850388 0.914961
1.14488e-17 0.273363 0.726637
