0.174367 0.135804 0.689829
0.128219 0.520174 0.351607
1.17033e-17 0.687668 0.312332
0.411206 0.157559 0.431235
1.09018e-17 0.75 0.25
0.150515 0.849485 0
0.214541 0.488052 0.297408
0.347684 0.0586025 0.593714
0.609886 0.390114 0
0.130973 0.609707 0.25932
0.0294307 0.620385 0.350184
1.80497e-17 0.521227 0.478773
7.39459e-18 0.213536 0.786464
0.648645 0.351355 0
0.526104 0.0205384 0.453357
0.127623 0.0969972 0.77538
0.675419 0.0745807 0.25
0.264245 0.0882843 0.647471
0.170243 0.0101067 0.819651
0.455318 0.544682 0
0.309964 0.243362 0.446674
0.111341 0.415206 0.473453
0.139831 0.212481 0.647688
0.439325 0.208441 0.352234
0.0321044 0.146237 0.821658
0.804713 0.195287 0
0.671424 0 0.328576
0.960936 0.0390637 0
0.112733 0.887267 0
0.726623 0.273377 0
0.631617 0.0550154 0.313368
0.843759 0.156241 0
0.479444 0.253115 0.267441
0.161472 0.448561 0.389967
0.391959 0 0.608041
0.882817 0.117183 0
4.14432e-18 0.285114 0.714886
0.317115 0.359856 0.323029
0.242745 0.409934 0.347321
0.344527 0.176437 0.479036
0.264199 0.735801 0
0.0743466 0.495657 0.429996
1.41603e-17 0.408911 0.591089
0.262587 0.211285 0.526128
0.548033 0.201967 0.25
0.5929 0 0.4071
0.0637246 0.249894 0.686381
0.0375742 0.962426 0
0.0757866 0.674213 0.25
0.493831 0.506169 0
0.358765 0.261486 0.379748
0.302185 0.134228 0.563586
0 0 1
0.226141 0.773859 0
0.37852 0.62148 0
0.228548 0.289929 0.481523
0.687644 0.312356 0
0.484205 0.113487 0.402308
0.0721943 0.371757 0.556048
0.571062 0.428938 0
0.10143 0.294229 0.604341
0.0256497 0.454729 0.519621
0.149392 0.332619 0.517989
0.0967258 0.579372 0.323902
0.287246 0.462754 0.25
0.765654 0.234346 0
0.426388 0.323612 0.25
3.46293e-17 1 0
0.340244 0.659756 0
0.241229 0 0.758771
0.0797638 0.068471 0.851765
2.03161e-17 0.586674 0.413326
0.211549 0.0623786 0.726073
0.353818 0.395637 0.250544
0.5158 0.162232 0.321968
0.75 0 0.25
0.195531 0.554469 0.25
3.63716e-18 0.105031 0.894969
0.921875 0.0781246 0
0.0324368 0.0294886 0.938075
0.274945 0.324438 0.400617
0.302214 0.697786 0
0.601833 0.134032 0.264135
0.393005 0.295691 0.311304
1 0 0
0.0160785 0.338952 0.644969
0.182621 0.252279 0.565099
0.558494 0.081687 0.359819
0.416776 0.583224 0
0.313937 0 0.686063
0.0889004 0.17476 0.73634
0.107974 0 0.892026
0.382477 0.0948776 0.522645
0.532408 0.467592 0
0.470025 0 0.529975
0.194674 0.370768 0.434558
0.188398 0.811602 0
0.446192 0.0696749 0.484133
0.0751802 0.92482 0
0.221209 0.170556 0.608235
