0.115444 0.0239163 0.86064
0.852254 0.147746 0
0.549191 0.450809 0
0.197496 0.802504 0
0.0303845 0.103367 0.866248
0 0.668139 0.331861
0.165932 0.110514 0.723554
0.355133 0.644867 0
0.0762394 0 0.923761
0.169123 0.230839 0.600038
0.440763 0.276603 0.282634
0.683835 0.0661649 0.25
0.446512 0 0.553488
0.15443 0.59557 0.25
0.149414 0.469194 0.381392
0.157987 0.842013 0
0.252793 0.0680672 0.67914
0.434278 0.153423 0.4123
0.963212 0.0367875 0
0.0629573 0.479132 0.45791
0.377032 0.0446275 0.57834
0.280038 0.45572 0.264243
0.123786 0.313444 0.56277
0 0.428919 0.571081
0.0824119 0.394239 0.523349
0.550591 0.166943 0.282466
0.178606 0 0.821394
7.49628e-18 0.49787 0.50213
0.514893 0 0.485107
0.75 0 0.25
0.512077 0.237923 0.25
0.208502 0.03195 0.759548
0.252582 0.186178 0.56124
0.106281 0.543693 0.350026
0.474942 0.0699937 0.455064
0.0337371 0.35903 0.607233
0.617679 0.132321 0.25
0.394329 0.605671 0
1.67493e-18 1 0
0.926426 0.0735744 0
0.297181 0.0965349 0.606285
0.621832 0 0.378168
0.403886 0.0990337 0.497081
3.14637e-17 0.566799 0.433201
0 0.32356 0.67644
0 0.24929 0.75071
0.625889 0.374111 0
0.211552 0.269059 0.519388
0.0787039 0.153344 0.767952
0.35972 0.192816 0.447464
0.236977 0.763023 0
0.34257 0.40743 0.25
0.224429 0.525571 0.25
0.777383 0.222617 0
0.671482 0.0134892 0.315029
0.0790134 0.920987 0
0.212078 0.147463 0.64046
0.351034 0 0.648966
0.382686 0.243324 0.37399
0.471893 0.528107 0
0.701713 0.298287 0
0.510443 0.489557 0
0.359109 0.315243 0.325648
0.0328937 0.594849 0.372257
0.0857716 0.623872 0.290357
0.281222 0 0.718778
0.118503 0.881497 0
0.330164 0.140916 0.528919
0.293453 0.23076 0.475787
0.315761 0.684239 0
0.590298 0.0805662 0.329136
0.127743 0.428541 0.443716
1 0 0
0.131049 0.188745 0.680206
0 0.175114 0.824886
0.106763 0.0870861 0.806151
3.98376e-17 0.0659612 0.934039
0.295531 0.344178 0.360291
0.209961 0.382977 0.407063
0.513893 0.115647 0.370459
0.433237 0.566763 0
0.814667 0.185333 0
0.889478 0.110522 0
0.263694 0.301869 0.434437
0.0567811 0.225783 0.717436
0.170426 0.346604 0.482971
0 0.75 0.25
0.739593 0.260407 0
0 0 1
0.0598154 0.690185 0.25
0.243715 0.422258 0.334027
0.555186 0.0294711 0.415342
0.185674 0.502702 0.311624
0.276457 0.723543 0
0.587476 0.412524 0
0.0395281 0.960472 0
0.663821 0.336179 0
0.407015 0.342985 0.25
0.0849201 0.274454 0.640626
0.468718 0.198101 0.333181
