0.815594 0.184406 0
0.645375 0 0.354625
0.456892 0.12429 0.418819
0.411347 0.0254006 0.563252
0.644615 0.105385 0.25
0.301335 0 0.698665
0.129509 0.59484 0.27565
0 0.75 0.25
0.0898478 0.545733 0.364419
0.146481 0.853519 0
0.480088 0.519912 0
0.140017 0.156389 0.703595
0.199477 0.0821791 0.718343
0.249415 0.139723 0.610862
2.08574e-17 0.397758 0.602242
0.500946 0.0416921 0.457362
0.517442 0.482558 0
0.201605 0.548395 0.25
0.592271 0.407729 0
0.573343 0 0.426657
0.109819 0.890181 0
0.476421 0 0.523579
0.373855 0.16018 0.465965
2.72825e-17 0.520287 0.479713
0.215308 0.426006 0.358686
0.554878 0.445122 0
0.380558 0.355948 0.263494
0.138889 0.456003 0.405108
0.405846 0.0905004 0.503653
0.230935 0 0.769065
0.252862 0.345292 0.401846
0.0292051 0.326088 0.644707
0.0868032 0.240926 0.672271
0.0401265 0.624631 0.335243
0.220101 0.779899 0
0.442693 0.557307 0
0.963238 0.0367617 0
0.324087 0.425913 0.25
0.256947 0.743053 0
0.0385412 0.0229373 0.938521
0.0731651 0.926835 0
0.121695 0.276551 0.601754
0.0788144 0.0683139 0.852872
0.332206 0.0992087 0.568586
0.526792 0.223208 0.25
0.49593 0.175575 0.328495
0.926413 0.0735873 0
1 0 0
0.352264 0.234024 0.413712
0.889571 0.110429 0
1.50343e-17 0.28671 0.71329
0.331149 0.668851 0
0.411139 0.270978 0.317883
0.205811 0.225361 0.568828
0.283526 0.276436 0.440039
0.112423 0.112173 0.775404
0.0488122 0.208254 0.742934
0.168636 0.506821 0.324543
0 1 0
0.334531 0.310342 0.355127
0.0180341 0.449934 0.532032
0.103597 0.409081 0.487322
0.741434 0.258566 0
0.277927 0.0642286 0.657845
0.174827 0.184028 0.641145
0.0844523 0.665548 0.25
0.427921 0.202095 0.369984
0.11415 0 0.88585
0.604573 0.0663944 0.329032
0.688829 0.0311383 0.280033
0.453439 0.296561 0.25
0.237436 0.262771 0.499793
0.291908 0.387359 0.320733
0.778539 0.221461 0
0.294754 0.185766 0.51948
0.534468 0.0935176 0.372014
0.666948 0.333052 0
0.75 0 0.25
0.254192 0.476523 0.269285
0.0365702 0.96343 0
0.183356 0.368461 0.448184
0.18333 0.81667 0
3.61933e-17 0.69022 0.30978
0.0351168 0.140714 0.82417
0.704243 0.295757 0
0.405441 0.594559 0
0.57528 0.150488 0.274232
0.294017 0.705983 0
2.65315e-17 8.44908e-17 1
0.0760827 0.360414 0.563503
0.368295 0.631705 0
0.1631 0.0246006 0.812299
0.852572 0.147428 0
0.629595 0.370405 0
0.0642433 0.493203 0.442554
1.03285e-17 0.196967 0.803033
0.15702 0.317952 0.525028
0.371595 0 0.628405
0 0.592416 0.407584
5.16755e-18 0.0985471 0.901453
