1.31783e-17 0.582822 0.417178
3.99506e-17 0.359843 0.640157
0.632373 0.367627 0
0.75 0 0.25
0.668559 0 0.331441
0.506359 0.00937946 0.484261
0.119621 0.630379 0.25
0.123834 0.253048 0.623118
0.0166899 0.112735 0.870575
0.597764 0.0424455 0.359791
0.0439781 0.686263 0.269759
0 0.184687 0.815313
0.081339 0.918661 0
0.0272098 0.39962 0.57317
0.0896929 0.594877 0.31543
0.202681 0.797319 0
0.0938201 0.0756504 0.83053
0.549111 0.133265 0.317624
0.166144 0.170083 0.663773
0.226477 0.4565 0.317023
0.670304 0.329696 0
0.25766 0.49234 0.25
0.2447 0.136395 0.618905
0.42193 0.163214 0.414856
0.0860761 0.209218 0.704706
0.32236 0.67764 0
0.281763 0.371506 0.34673
0.408732 0.062483 0.528785
1 0 0
6.46067e-17 0.0646584 0.935342
0.211245 0.345931 0.442823
0.137763 0 0.862237
0.0363681 0.292321 0.671311
0.479443 0.520557 0
0.474979 0.190638 0.334384
0.167133 0.298519 0.534348
0.440521 0.559479 0
0.162398 0.837602 0
0.139953 0.378522 0.481526
0.242501 0.757499 0
0.242795 0 0.757205
0.373176 0.00904695 0.617777
0.134226 0.119536 0.746239
0.20432 0.216437 0.579243
0.313009 0 0.686991
0.556156 0.443844 0
0.316949 0.419828 0.263223
0.107449 0.465022 0.42753
0.326273 0.215627 0.4581
0.282174 0.0614774 0.656348
0.707712 0.292288 0
0.385705 0.364295 0.25
1.05683e-17 0.467392 0.532608
0.512533 0.0992787 0.388188
0.121842 0.878158 0
0.286923 0.175564 0.537513
0.362206 0.637794 0
0.58051 0.16949 0.25
0.0661868 0.549159 0.384654
0.855138 0.144862 0
0.186875 0.420443 0.392681
0.818612 0.181388 0
2.86088e-17 0.257685 0.742315
0.244888 0.25863 0.496482
0.28245 0.71755 0
0.456233 0.293767 0.25
0.40675 0.241853 0.351397
0.745055 0.254945 0
0.371526 0.13608 0.492394
5.26425e-17 2.86864e-18 1
0.508523 0.229075 0.262402
0.690095 0.0599047 0.25
0.927775 0.0722252 0
0.400992 0.599008 0
0.362203 0.323325 0.314472
0.147276 0.508778 0.343946
0.17538 0.0321914 0.792429
0.463504 0.0813847 0.455111
0.341127 0.269718 0.389156
0.0749016 0.419903 0.505196
0.963846 0.036154 0
0 0.75 0.25
0.0613262 0.15791 0.780764
0.0409139 0.959086 0
0.627604 0.0960117 0.276384
0.185622 0.556197 0.258181
0.328866 0.0944721 0.576662
6.78711e-17 1 0
0.0221529 0.511081 0.466766
0.571084 0 0.428916
0 0.654456 0.345544
0.208466 0.085324 0.70621
0.781948 0.218052 0
0.071914 0.00800496 0.920081
0.594556 0.405444 0
0.0877251 0.329809 0.582466
0.273085 0.30832 0.418595
0.891394 0.108606 0
0.444161 0 0.555839
0.517698 0.482302 0
