0.924021 0.0759794 0
0.372922 0.627078 0
0.541474 0.208526 0.25
0.276631 0.473368 0.25
0.171778 0.456568 0.371654
0.0201982 0.467125 0.512677
0.541693 0 0.458307
0.327674 0.217334 0.454992
0.847484 0.152516 0
0.594795 0.0542923 0.350913
0.466152 0.256539 0.27731
0.351374 0.110895 0.537731
5.17822e-18 0.133525 0.866475
0.345598 0.404401 0.25
0.494337 0.505663 0
0.0961742 0.201686 0.70214
0.0324397 0.258922 0.708638
0.413933 0 0.586067
0.75 0 0.25
0.239893 0.16862 0.591487
0.250092 0.749908 0
8.80487e-17 1 0
0.0418826 0.958117 0
0.134985 0.287871 0.577144
0.344681 0.0466339 0.608685
0.508091 0.0670651 0.424844
0.0420947 0.342712 0.615193
0.24508 0.436654 0.318266
0.96202 0.0379802 0
0.395088 0.164899 0.440012
0.0797418 0.0882368 0.832021
0.254873 0.277493 0.467635
0.453885 0.546115 0
0.125488 0.874512 0
0.126112 0.534569 0.33932
0.291289 0.708711 0
1.60574e-18 0.322642 0.677358
0.467404 0.137615 0.394981
0.155506 0.398691 0.445803
0.20706 0.512594 0.280346
0.653344 0.346656 0
0.663852 0.0861471 0.25
0.413772 0.586228 0
0.574422 0.425578 0
0.170336 0.579663 0.25
0.42521 0.222071 0.352719
0.0940598 0.606402 0.299538
0 0.418785 0.581215
0.208446 0.23823 0.553323
0.0185023 0.685522 0.295976
0.0420466 0.164457 0.793496
0.175513 0.32266 0.501826
0.281018 0.378865 0.340117
2.48033e-17 0.639574 0.360426
0.256807 0.00732672 0.735867
0.0356669 0.57538 0.388953
0.274748 0.100884 0.624368
0.731447 0.268553 0
0.321459 0 0.678541
0.293662 0.187743 0.518595
0 0.537059 0.462941
0.221134 0.0804365 0.698429
0.106996 0.253025 0.639979
0.31011 0.31393 0.37596
0.065639 0 0.934361
0.208721 0.791279 0
0.226744 0.357459 0.415798
0.0836781 0.916322 0
0.167192 0.832808 0
1 0 0
0.358296 0.253591 0.388112
0.127871 0.12881 0.74332
0.331914 0.668086 0
0.50472 0.178222 0.317058
0.080056 0.49954 0.420404
0.427968 0.0846047 0.487427
0.0987372 0.428732 0.47253
0.613881 0.386119 0
0.161801 0.0606062 0.777593
0.770408 0.229592 0
0.178567 0.160401 0.661032
0.119078 0.0117512 0.869171
3.81168e-17 0.75 0.25
0.0832684 0.373456 0.543276
0.55294 0.11102 0.336041
0.692388 0.307612 0
0.885736 0.114264 0
0 0.227485 0.772515
0.0110258 0.0692006 0.919774
0.534562 0.465438 0
0.0829623 0.667037 0.25
1.47012e-17 2.43301e-17 1
0.370611 0.330745 0.298644
0.599748 0.136265 0.263987
0.686041 0.00993053 0.304029
0.619682 0 0.380318
0.191374 0 0.808626
0.809025 0.190975 0
0.435275 0.314725 0.25
0.468235 0.0110442 0.520721
