0.921295 0.0787046 0
0.277776 0.219145 0.503079
0.239666 0.293395 0.466939
1.00303e-17 1.00992e-16 1
0.367681 0.174251 0.458068
0.881936 0.118064 0
0.24634 0 0.75366
0 0.580195 0.419805
0.0675209 0.595858 0.336621
0.148456 0.851544 0
0.217162 0.505847 0.276991
0.600354 0.149646 0.25
0.0298606 0.0886653 0.881474
0.22349 0.77651 0
0.298825 0.701175 0
0.0362767 0.356563 0.60716
0.173631 0.576369 0.25
0.374754 0.625246 0
0.241257 0.179246 0.579497
0.412651 0.587349 0
0.724117 0.275883 0
0.420462 0 0.579538
0.0920864 0.278304 0.629609
0.645581 0.354419 0
0.325261 0.36585 0.308888
0.494667 0.170405 0.334928
0.412227 0.213771 0.374003
0.284044 0.331757 0.384199
0.426725 0.323275 0.25
0.111493 0.0345769 0.85393
0.268719 0.0436739 0.687607
0.567347 0.432653 0
0.214841 0.141958 0.643201
0.482449 0.0559888 0.461562
0.355305 0.394695 0.25
0.185933 0.249536 0.564531
0.204114 0.380744 0.415142
0.579158 0 0.420842
0.336745 0.663255 0
0.284051 0.465949 0.25
0.373261 0.29071 0.336028
0.111331 0.888669 0
0.459492 0.254577 0.285931
0.0742701 0.92573 0
1.73554e-17 0.321948 0.678052
0.0351196 0.516153 0.448727
0.573471 0.115153 0.311376
0 0.422982 0.577018
0.14992 0.0727587 0.777321
0.0701011 0.124002 0.805897
0.75 0 0.25
3.10298e-18 0.0575613 0.942439
0.763558 0.236442 0
0.842594 0.157406 0
0.125647 0.318865 0.555488
0.0371288 0.962871 0
0.0977276 0.165862 0.736411
0.686039 0 0.313961
0.103098 0.646902 0.25
0.52845 0.47155 0
0.13862 0.201045 0.660334
0.532189 0.083041 0.38477
0.173423 0.462596 0.36398
0.449462 0.133926 0.416612
0 0.648733 0.351267
8.56175e-18 0.158823 0.841177
0.185983 0.814017 0
0.412713 0.0876961 0.499591
0.166342 0.342229 0.491429
0.619693 0.0329794 0.347328
0.0755511 0.398275 0.526173
0.116772 0.430366 0.452862
0.099135 0.502536 0.398329
0.18501 0.103492 0.711498
1.21382e-17 0.225168 0.774832
0 0.487153 0.512847
0.136766 0.546172 0.317062
0.451038 0.548962 0
0.684725 0.315275 0
0.326472 0.25339 0.420137
0.529699 0.220301 0.25
0.180296 0 0.819704
0.249291 0.418204 0.332505
0.342649 0 0.657351
1 0 0
0.295457 0.0917358 0.612807
0.261022 0.738978 0
0 1 0
0.0325299 0.686831 0.280639
0.6705 0.0792333 0.250267
0.0430815 0.249661 0.707257
0.499798 0 0.500202
2.94767e-17 0.75 0.25
0.803049 0.196951 0
0.489693 0.510307 0
0.326133 0.138806 0.53506
0.960632 0.0393683 0
0.0791354 0 0.920865
0.606465 0.393535 0
0.373428 0.0597176 0.566854
