0.75 0 0.25
0.0381112 0.961889 0
0.146688 0.193916 0.659396
0.142046 0.0736939 0.78426
0.105344 0.156743 0.737913
0.404284 0.345716 0.25
0.257519 0.186012 0.556469
0.451167 0.139525 0.409308
0.38942 0.0412579 0.569322
0.726591 0.273409 0
0.169997 0.235517 0.594485
0.689155 0.0338355 0.27701
0.456691 0.543309 0
0.533376 0.466624 0
0.294454 0.226155 0.479392
0.032167 0.185708 0.782125
0.765451 0.234549 0
0.0221492 0.417262 0.560589
0.0633365 0 0.936663
0.0386834 0.500656 0.460661
0.225176 0.0195869 0.755237
0.0818708 0.537398 0.380731
0.15236 0.84764 0
0.487398 0.186907 0.325694
0.243417 0.433602 0.322982
0.00292414 0.0763659 0.92071
0.641891 0.108109 0.25
0.418474 0.581526 0
3.12725e-18 0.144675 0.855325
0.169525 0.355066 0.475409
0.610341 0.389659 0
0.330999 0.268103 0.400898
1.22765e-17 1.54791e-17 1
0.174355 0 0.825645
0.380447 0.619553 0
0.0945051 0.395365 0.51013
0.223871 0.147065 0.629064
0.213526 0.270788 0.515686
0.339105 0.137753 0.523142
0.308071 0.0946882 0.59724
0.133177 0.307278 0.559546
0.570963 0.157334 0.271704
0 1 0
0.46052 0 0.53948
0.523176 0.226824 0.25
0.415251 0.093666 0.491083
0.648921 0 0.351079
0.175663 0.574337 0.25
0.289276 0.354305 0.356419
1.62117e-17 0.75 0.25
0 0.47732 0.52268
0.453739 0.274558 0.271704
0.649016 0.350984 0
0.603671 0.0762547 0.320074
0.0825647 0.667435 0.25
0 0.577762 0.422238
0.264647 0.0661006 0.669253
0.549104 0 0.450896
0.0668728 0.332204 0.600923
0.526658 0.107889 0.365453
1 0 0
0.185486 0.107214 0.707299
0.488238 0.0500794 0.461683
0 0.367071 0.632929
0.362388 0 0.637612
0.158704 0.489207 0.352089
0.111367 0.591474 0.297159
0.068552 0.104118 0.82733
0.12123 0.447039 0.431732
0 0.244764 0.755236
0.25058 0.313011 0.436408
0.374064 0.182412 0.443525
0.293099 0 0.706901
0.687727 0.312273 0
0.804333 0.195667 0
0.0115265 0.296365 0.692108
0.882455 0.117545 0
0.114289 0.885711 0
1.48642e-17 0.687662 0.312338
0.495086 0.504914 0
0.411899 0.227255 0.360846
0.207824 0.514825 0.277352
0.571799 0.428201 0
0.282455 0.467545 0.25
0.19042 0.80958 0
0.843359 0.156641 0
0.342402 0.657598 0
0.921657 0.0783427 0
0.203434 0.399106 0.39746
0.102619 0.0255659 0.871815
0.02917 0.62206 0.34877
0.573349 0.0323265 0.394324
0.333302 0.397394 0.269304
0.368352 0.308911 0.322737
0.960689 0.0393109 0
0.30441 0.69559 0
0.0823199 0.250245 0.667435
0.228444 0.771556 0
0.0762179 0.923782 0
0.266425 0.733575 0
