0.209325 0.212898 0.577777
0.244221 0.755779 0
0.646954 0.353046 0
0.062252 0.278689 0.659059
0.225668 0.524332 0.25
0.303742 0 0.696258
0.843811 0.156189 0
1.09002e-17 0.75 0.25
0.600807 0.0250776 0.374116
0.36616 0.63384 0
5.55112e-17 1 0
0.110386 0.639614 0.25
0.203477 0.796523 0
0.629989 0.084466 0.285545
0.961028 0.0389719 0
0.765464 0.234536 0
0.328688 0.227556 0.443756
0.00566977 0.236655 0.757675
0.0778151 0.20588 0.716305
0.288325 0.457283 0.254392
0.0161285 0.363686 0.620186
0.136756 0.0651117 0.798133
0.804688 0.195312 0
0.115091 0.528582 0.356326
0.607259 0.392741 0
0.133615 0.245053 0.621332
0.326614 0.357515 0.315871
0.92207 0.0779297 0
0.397761 0.0690087 0.53323
2.0564e-17 9.04583e-17 1
1.29195e-18 0.0888937 0.911106
0.159887 0.567379 0.272734
0.284907 0.715093 0
0.481385 0.152917 0.365698
0.481409 0.268591 0.25
0.0526269 0.101231 0.846142
0.201099 0.399701 0.399201
0.325599 0.674401 0
0.255409 0.418327 0.326264
0.0813318 0.918668 0
0.0424945 0.023178 0.934327
0.0757222 0.604912 0.319366
0.286529 0.178927 0.534544
1 0 0
0.487538 0.512462 0
0.44223 0.105705 0.452065
0.099431 0.138117 0.762452
8.42721e-18 0.176786 0.823214
0.320681 0.0990772 0.580241
0.5674 0.4326 0
0.121227 0.435898 0.442875
0.255566 0.257608 0.486826
0.270969 0.0662511 0.66278
0.75 0 0.25
7.83148e-18 0.538851 0.461149
0.177723 0 0.822277
0.0741143 0.396329 0.529557
0.238243 0.13852 0.623236
0.362429 0.14626 0.49131
0.0362302 0.689429 0.27434
0.525465 0.198052 0.276483
0.296133 0.311855 0.392012
0.232555 0.0134852 0.75396
0.182281 0.478563 0.339156
0.100652 0.323088 0.57626
0.404274 0.188565 0.407161
0.556587 0.112433 0.33098
0.40675 0.59325 0
0.431514 0 0.568486
0.412262 0.319099 0.268639
0.0406481 0.959352 0
0.0279418 0.472279 0.499779
0.686629 0.313371 0
0.444008 0.231411 0.324581
0.447194 0.552806 0
0.554668 0 0.445332
0.691986 0.0580141 0.25
0.726124 0.273876 0
0.361432 0.0133231 0.625245
0.593073 0.156927 0.25
9.47042e-18 0.65162 0.34838
0.122011 0.877989 0
0.517501 0.0725389 0.40996
0.189296 0.0956304 0.715074
0.882949 0.117051 0
0.228326 0.333188 0.438486
0.108222 0 0.891778
0.179425 0.288688 0.531887
0.36008 0.38992 0.25
0.150924 0.36204 0.487036
0.668298 0 0.331702
0.0227862 0.581903 0.395311
0.162733 0.837267 0
6.26204e-18 0.430865 0.569135
0.0788417 0.501085 0.420073
0.484712 0.0172335 0.498054
0.527435 0.472565 0
4.48677e-18 0.308716 0.691284
0.370174 0.273374 0.356452
0.158396 0.170768 0.670836
