0.407004 0 0.592996
0.0145233 0.683549 0.301927
0.95923 0.0407702 0
0.00724178 0.0702903 0.922468
0.0942802 0.142823 0.762897
0.145231 0.0658012 0.788968
0.265845 0.225774 0.508381
1 0 0
0.300014 0.281943 0.418043
0.594688 0.0289416 0.37637
0.594607 0.405393 0
0.0641601 0 0.93584
0.67502 0.32498 0
0.55438 0.44562 0
0.493726 0.192198 0.314076
0.219266 0.324051 0.456683
0.756037 0.243963 0
0.276547 0.473453 0.25
1.16835e-17 0.392987 0.607013
0.0912268 0.335437 0.573336
0 0.75 0.25
0.407055 0.23915 0.353794
0 0.292445 0.707555
0.0899687 0.455464 0.454567
0.128623 0.379831 0.491547
0.0807499 0.66925 0.25
1.8778e-17 0.631617 0.368383
0.0657603 0.0994153 0.834824
0.117614 0.882386 0
0.52462 0.22538 0.25
0.625351 0.0848091 0.289839
0.514288 0.485712 0
0 0 1
0.18136 0 0.81864
0.329565 0.404155 0.26628
0.275237 0.724763 0
0.23561 0.76439 0
0.231349 0.44042 0.32823
2.34005e-17 0.490468 0.509532
0.594355 0.155645 0.25
0.180011 0.569989 0.25
1.66816e-17 0.561103 0.438897
0.373508 0.0852586 0.541234
0.360225 0.210923 0.428852
0.0391936 0.960806 0
0.0406658 0.420938 0.538396
0.480687 0 0.519313
0.17612 0.411724 0.412156
0.252722 0.369903 0.377375
0.195272 0.249926 0.554801
0.394215 0.605785 0
0.796538 0.203462 0
0.456551 0.278617 0.264832
0.0783137 0.921686 0
0.0846662 0.574156 0.341178
0.0606221 0.528122 0.411256
0.0892602 0.256359 0.654381
0.474237 0.525763 0
0.333363 0.172474 0.494162
0.196163 0.803837 0
0.75 0 0.25
0.195077 0.0865793 0.718343
0.504046 0.0802638 0.41569
0.034454 0.324871 0.640675
0.453366 0.159833 0.386802
0.450972 0.0567984 0.492229
0.554377 0 0.445623
0.877842 0.122158 0
0.354539 0.645461 0
0.198021 0.513549 0.288431
0.142997 0.489702 0.3673
4.00586e-18 0.134741 0.865259
0.250667 0.097143 0.65219
0.690799 0.059201 0.25
0.306239 0 0.693761
0.715517 0.284483 0
0.314852 0.685148 0
0.434224 0.565776 0
0.40036 0.34964 0.25
0.107685 0.0197156 0.872599
0.66599 0 0.33401
0.156839 0.843161 0
0.045835 0.222813 0.731352
0.223414 0.174403 0.602183
0.241296 0.0132459 0.745458
4.77105e-17 1 0
0.412264 0.128726 0.459009
0.116695 0.605684 0.277622
0.140196 0.166348 0.693456
0.634709 0.365291 0
0.155004 0.219554 0.625442
0.335986 0.0396725 0.624341
0.837189 0.162811 0
0.373798 0.306799 0.319403
0.297492 0.130823 0.571685
0.313872 0.34083 0.345298
0.545551 0.115927 0.338522
0.16508 0.306525 0.528395
0.918502 0.0814977 0
5.95563e-18 0.200324 0.799676
