0.0408373 0.0223713 0.936791
0.374387 0.625613 0
0.606594 0.143406 0.25
0.541828 0.174125 0.284047
0.314553 0.285523 0.399924
0.88224 0.11776 0
2.45097e-17 0.642222 0.357778
0.0673073 0.479496 0.453196
0.29135 0.0831466 0.625503
0.842936 0.157064 0
0.526374 0 0.473626
0.022332 0.222552 0.755116
0.233589 0 0.766411
0.663406 0 0.336594
0.412772 0.587228 0
0.0288738 0.688613 0.282513
0.185063 0.814937 0
0.177198 0.49084 0.331961
0.0125482 0.570552 0.4169
0.149606 0.574151 0.276243
0.490009 0.509991 0
0.0743638 0.352983 0.572653
0.0968182 0.192068 0.711114
0.481761 0.072913 0.445326
0 0.170531 0.829469
0.695148 0.0548518 0.25
0.566151 0.0896335 0.344216
0.803585 0.196415 0
0 0.512204 0.487796
0.75 0 0.25
0.210947 0.224351 0.564702
1 0 0
0.167344 0.0224562 0.8102
0.392153 0.357847 0.25
0.362577 0.0722667 0.565157
0.13523 0.10775 0.757021
0.451721 0.0227568 0.525523
0.606936 0.393064 0
3.71785e-18 0.0974178 0.902582
0.347791 0.203359 0.44885
0.0151056 0.441432 0.543462
0.395859 0.114527 0.489614
0.407965 0 0.592035
6.245e-17 1 0
0.354641 0.32764 0.317719
0.102527 0.39748 0.499993
0.11577 0 0.88423
0.52899 0.47101 0
0.218548 0.531451 0.25
0.960753 0.0392472 0
0.589626 0.00929884 0.401075
0.179123 0.356912 0.463965
0.0337217 0.309439 0.656839
0.567987 0.432013 0
0.11143 0.27577 0.6128
0.306925 0.165042 0.528033
0.181172 0.151482 0.667346
0.255242 0.142833 0.601924
0.214128 0.409703 0.376169
0.764136 0.235864 0
0.340718 0 0.659282
0.14774 0.85226 0
0.261318 0.250848 0.487834
0.104246 0.645754 0.25
0.207714 0.0789834 0.713303
0.274891 0.0282742 0.696834
0.284959 0.373188 0.341853
0.298172 0.701828 0
0 0.28175 0.71825
0.0695347 0.602928 0.327537
0.436144 0.288664 0.275192
0 0.75 0.25
0.0737023 0.926298 0
0.260163 0.739837 0
0.140747 0.442908 0.416345
0.110715 0.889285 0
0.336287 0.663713 0
0 0.3855 0.6145
0.0619725 0.14089 0.797138
0.222456 0.777544 0
0.451237 0.548763 0
5.87681e-18 2.18788e-17 1
0.921497 0.0785028 0
0.645971 0.354029 0
0.685298 0.314702 0
0.256077 0.459351 0.284571
0.0830881 0.0701805 0.846731
0.427924 0.160004 0.412072
0.465582 0.204276 0.330142
0.724687 0.275313 0
0.391232 0.245411 0.363357
0.504132 0.121482 0.374386
0.504399 0.245601 0.25
0.63257 0.0712507 0.296179
0.322864 0.427136 0.25
0.0367454 0.963255 0
0.147282 0.213162 0.639556
0.242727 0.325994 0.431279
0.100405 0.528255 0.37134
0.160235 0.304844 0.53492
