0.54201 0 0.45799
0.285524 0.464476 0.25
0.699901 0.300099 0
0.229328 0.144112 0.626561
0.0767273 0 0.923273
0.439593 0.252902 0.307506
0.870707 0.129293 0
0.185611 0.403194 0.411195
0.341304 0.252126 0.40657
0.186904 0.104525 0.708571
0.00474092 0.0624828 0.932776
0.277193 0.17449 0.548316
0.364397 0.305231 0.330372
0.913646 0.0863536 0
0.21246 0.53754 0.25
0.230926 0.0183397 0.750734
0.158662 0.297888 0.54345
0.0986111 0.651389 0.25
0.411181 0.209291 0.379528
0.0654734 0.103303 0.831223
0.283451 0.716549 0
0 0.261353 0.738647
0.0954261 0.445906 0.458668
0.447944 0.552056 0
0.078976 0.34033 0.580694
0.615125 0.384875 0
0.192232 0.219968 0.5878
0.0804689 0.919531 0
0.465491 0.284509 0.25
0.0702149 0.224558 0.705227
0.105932 0.0294994 0.864569
0.242637 0.757363 0
0.316191 0.202052 0.481758
0.647711 0 0.352289
0.313431 0.107786 0.578784
0.785 0.215 0
0.206265 0.335712 0.458023
0.055724 0.417273 0.527003
0.689688 0.0315521 0.27876
0.386596 0.151722 0.461683
0.573113 0.426887 0
0.345968 0.0253886 0.628643
0 0.455908 0.544092
0.657442 0.342558 0
0.265348 0.0711172 0.663535
0.065787 0.511424 0.422789
0.409576 0 0.590424
0.450403 0.127523 0.422075
0.75 0 0.25
0.0223189 0.309645 0.668036
0.0187156 0.591238 0.390047
0 0.75 0.25
0.237209 0.430337 0.332453
0.827805 0.172195 0
0.201955 0.798045 0
0.32515 0.394791 0.280059
0.605076 0.0715854 0.323338
0 0.378359 0.621641
0.531421 0.468579 0
0.143912 0.476734 0.379354
0.742184 0.257816 0
0.183218 0.506183 0.310599
0.393709 0.356291 0.25
1.7618e-17 0.65106 0.34894
0.365216 0.634784 0
0.491105 0.174625 0.33427
1 0 0
0.324354 0.675646 0
0.161302 0.838698 0
0.0402337 0.959766 0
0 0.53346 0.46654
0.573845 0.146937 0.279218
0.489468 0.510532 0
0.0327295 0.684361 0.282909
0.0140499 0.191477 0.794473
0.406513 0.593487 0
0.284914 0.351113 0.363972
0.139539 0.591017 0.269444
0 0.134496 0.865504
0.130778 0.373103 0.49612
0.462473 0.0075781 0.529949
0.381368 0.0830037 0.535629
0.0950727 0.562221 0.342706
0.109706 0.26389 0.626404
0.144595 0.0716376 0.783767
0.120791 0.879209 0
0.101171 0.148591 0.750238
0.179815 0 0.820185
0.300036 0 0.699964
0.956826 0.0431744 0
7.62338e-17 1 0
0.536952 0.213048 0.25
0.527442 0.099566 0.372992
0.270498 0.295685 0.433817
0.573875 0.0258925 0.400232
0.473503 0.0588809 0.467616
2.09662e-19 1.36681e-17 1
0.148754 0.183327 0.66792
0.236286 0.254009 0.509705
0.645001 0.104999 0.25
