0.924133 0.0758673 0
0.697704 0.302296 0
0.772934 0.227066 0
0.545905 0.104481 0.349614
0.0955083 0.654492 0.25
0.104383 0.211433 0.684184
0.108167 0.0890397 0.802794
0.625527 0.0632729 0.3112
0.586162 0.413838 0
0.309139 0.384467 0.306394
0.219085 0.780915 0
0.0299238 0.684863 0.285213
0.671304 0 0.328696
0 0.0755751 0.924425
0.0778103 0 0.92219
0.149825 0.356275 0.493901
0.192414 0.057636 0.74995
0.438304 0.561696 0
0.848393 0.151607 0
1.06243e-16 4.77946e-18 1
0.182652 0.817348 0
0.593549 0.0116634 0.394787
0.435141 0.0535362 0.511323
2.90295e-17 1 0
0.40216 0.119552 0.478288
0.188703 0.3974 0.413897
0.410858 0.230507 0.358635
0.195214 0.521307 0.283479
0.104364 0.437038 0.458598
0.549111 0.450889 0
0.512111 0.487889 0
0.0729983 0.512048 0.414953
0.496361 0.0742557 0.429383
0.152644 0.129361 0.717995
0.0707372 0.168526 0.760737
0.248094 0.0763474 0.675558
0 0.649688 0.350312
0.0122628 0.26216 0.725578
0.192059 0.276442 0.531499
0.255561 0.744439 0
0.0646579 0.293032 0.64231
0.456892 0.269829 0.273279
1.2043e-17 0.414853 0.585147
0.320973 0.271977 0.40705
0.0730871 0.926913 0
0.735331 0.264669 0
0.356207 0.0704271 0.573366
0 0.75 0.25
0.23842 0.193769 0.56781
1 0 0
0.0125213 0.477672 0.509807
0.0128611 0.137586 0.849552
0.810605 0.189395 0
0.458197 0 0.541803
0 0.20596 0.79404
0.150831 0.241471 0.607698
0.150734 0.479263 0.370002
0.146119 0.853881 0
0.26507 0.48493 0.25
0.364202 0.307472 0.328326
0.528832 0.221168 0.25
0.307012 0 0.692988
0.28497 0.1066 0.608431
0.19606 0.159963 0.643977
0.412302 0.337698 0.25
0.0639682 0.0572607 0.878771
0.328527 0.671473 0
0.033572 0.590958 0.37547
0.109599 0.890401 0
0.75 0 0.25
0.452407 0.150566 0.397027
0.102163 0.323301 0.574537
0.278515 0.23371 0.487774
0.155482 0 0.844518
0.231446 0 0.768554
0.365105 0.634895 0
9.81062e-18 0.337953 0.662047
0.338525 0.411475 0.25
0.623249 0.376751 0
0.886296 0.113704 0
0.230536 0.436943 0.332521
0.536382 0 0.463618
0.474996 0.525004 0
0 0.547609 0.452391
0.32141 0.152776 0.525815
0.272275 0.351032 0.376693
0.0365528 0.963447 0
0.110466 0.56301 0.326525
0.401593 0.598407 0
0.233423 0.313851 0.452725
0.292025 0.707975 0
0.380002 0 0.619998
0.962049 0.0379507 0
0.364294 0.194771 0.440935
0.593922 0.150327 0.255751
0.671499 0.0785009 0.25
0.160632 0.589368 0.25
0.067872 0.392147 0.539982
0.660404 0.339596 0
0.497349 0.183239 0.319412
