7.60755e-19 0.285983 0.714017
0.0628872 0.420465 0.516648
0.190821 0.248603 0.560576
0 1 0
0.0732198 0.081795 0.844985
0.203702 0.0698099 0.726488
0.0368091 0.214768 0.748423
0.761713 0.238287 0
0.199757 0.800243 0
0.668654 0 0.331346
0.64196 0.35804 0
0.561515 0 0.438485
0.401315 0.0798204 0.518865
3.31736e-19 0.124706 0.875294
0.960383 0.0396174 0
0.40078 0.59922 0
1.99511e-18 0.75 0.25
0.601816 0.0328972 0.365286
0.129654 0 0.870346
0.362123 0.159172 0.478705
0 0.186903 0.813097
0.880993 0.119007 0
1.54897e-18 0.582288 0.417712
0.18409 0.138398 0.677512
0.689872 0.0601285 0.25
0.162036 0.314872 0.523092
0.243196 0.279395 0.477409
0.3268 0.237226 0.435974
0.521699 0.478301 0
0.502812 0.247188 0.25
0.372489 0 0.627511
0.159646 0.840354 0
0.681913 0.318087 0
0.280025 0.719975 0
0.489897 0.0249811 0.485122
0.0860953 0.600182 0.313722
0.148658 0.222649 0.628693
0.03546 0.320988 0.643552
1.21422e-18 0.45645 0.54355
0.0381001 0.688288 0.273612
0.334837 0.34373 0.321434
0.56181 0.43819 0
0.841206 0.158794 0
0.488007 0.158287 0.353706
0.446552 0 0.553448
0.360452 0.639548 0
0.601985 0.398015 0
0.249177 0.396818 0.354005
0.721863 0.278137 0
0.345203 0.0582411 0.596556
1 0 0
0.554325 0.123311 0.322365
0.111032 0.638968 0.25
0.801542 0.198458 0
0.239809 0.760191 0
0.265518 0.0898208 0.644661
0 0 1
0.312493 0.128928 0.558579
0.920751 0.0792488 0
0.118125 0.169926 0.711949
0.119679 0.880321 0
0.445746 0.113643 0.440611
0.183186 0.566814 0.25
0 0.387122 0.612878
0.0822662 0.25356 0.664174
0.0989392 0.122065 0.778996
0.133094 0.39151 0.475396
0.29956 0.420588 0.279853
0.289595 0.313956 0.396449
0.235377 0 0.764623
0.0648062 0 0.935194
0.0797195 0.920281 0
0.42831 0.308828 0.262861
0.0941021 0.474034 0.431864
0.481392 0.518608 0
0.172409 0.439598 0.387993
0 0.653509 0.346491
0.0120063 0.512504 0.47549
0.0134003 0.0632695 0.92333
0.277018 0.204612 0.518371
0.230461 0.170085 0.599454
0.0912422 0.338217 0.570541
0.373625 0.376375 0.25
0.459667 0.226021 0.314312
0.75 0 0.25
0.578084 0.171916 0.25
0.210629 0.490436 0.298934
0.0612564 0.55277 0.385974
0.0398227 0.960177 0
0.208355 0.356402 0.435243
0.628301 0.0950267 0.276673
0.408818 0.193658 0.397524
0.320192 0.679808 0
0.162188 0.033354 0.804458
0.136874 0.520845 0.342282
0.521863 0.0770791 0.401058
0.3 0.0065442 0.693456
0.44103 0.55897 0
0.377162 0.270448 0.35239
0.272246 0.477754 0.25
