0.921625 0.0783749 0
0.49966 0.25034 0.25
0.687797 0.312203 0
0.38511 0.267004 0.347886
0.168923 0.0426178 0.788459
0.227653 0.772347 0
0.300346 0.311647 0.388007
0.341622 0.658378 0
2.86559e-17 0.75 0.25
0.533293 0.466707 0
0.843512 0.156488 0
0.456296 0.543704 0
0.386794 0.0195991 0.593607
0.76548 0.23452 0
0.466322 0.215089 0.318588
0.167355 0.176174 0.656471
0.341351 0.105788 0.552862
0 0.686585 0.313415
0.804492 0.195508 0
0.206675 0.543325 0.25
0.571727 0.428273 0
1 0 0
0 0.191344 0.808656
0.0735073 0.671969 0.254524
0.421638 0.0717815 0.506581
0.60006 0.0306276 0.369313
0.212267 0.0987121 0.689021
0.565589 0 0.434411
0.0634224 0.162879 0.773699
0.261626 0.274534 0.46384
0.337405 0 0.662595
0.025582 0.622686 0.351732
0.151741 0.848259 0
0.582457 0.0957909 0.321752
0.625142 0.124858 0.25
0.17154 0.315687 0.512772
0.882543 0.117457 0
0.202326 0.213597 0.584076
0.139631 0.610369 0.25
0 0.330284 0.669716
0.610388 0.389612 0
0.131779 0.265113 0.603108
0.0758822 0.924118 0
5.10233e-17 0.576203 0.423797
0.304526 0.185729 0.509745
0.303634 0.696366 0
0.960823 0.0391772 0
0.136264 0 0.863736
0.0389983 0.43598 0.525022
0.231911 0.475116 0.292973
0 0.0666703 0.93333
0.255955 0.143233 0.600812
0 0.403269 0.596731
0.55397 0.180643 0.265387
0.230941 0 0.769059
0.29725 0.0714784 0.631272
0.683652 0.0531853 0.263162
0.494656 0.505344 0
0.130245 0.393975 0.47578
1.07449e-16 3.5731e-18 1
0.13496 0.126275 0.738765
0.0379447 0.962055 0
0.060273 0.300692 0.639035
0.228671 0.239819 0.53151
0.474652 0.10043 0.424918
0.0708099 0.0106799 0.91851
0.0934479 0.4685 0.438052
0.189681 0.810319 0
0.302964 0.447036 0.25
0.648987 0.351013 0
0.149449 0.506602 0.343949
0.457444 0 0.542556
0.514122 0.130849 0.355029
0.264052 0.0253423 0.710606
0.42657 0.181692 0.391739
0.505325 0.0262768 0.468398
0.0141846 0.118732 0.867083
0.179987 0.432592 0.387421
0 0.505122 0.494878
0.0877762 0.35275 0.559473
0.385304 0.146383 0.468313
0.665162 0 0.334838
0.11381 0.88619 0
0.261588 0.395965 0.342447
0.265603 0.734397 0
0.75 0 0.25
0.0899186 0.217705 0.692376
0.726705 0.273295 0
0.00534223 0.258494 0.736164
0.429596 0.306282 0.264123
0.066376 0.538437 0.395187
0.374087 0.375913 0.25
0.343247 0.228487 0.428266
0.338296 0.348534 0.31317
0.216608 0.35445 0.428942
0.379778 0.620222 0
8.8551e-17 1 0
0.417976 0.582024 0
0.104872 0.580074 0.315054
0.0914 0.0799964 0.828604
