0.677162 0.322838 0
0.155394 0.844606 0
0.685785 0.0209248 0.29329
0.0387207 0.961279 0
0.305348 0.677887 0.0177918
0.556281 0.443719 0
0.349487 0.339216 0.311297
1.28505e-17 0.0891835 0.910816
0.516135 0.483865 0
0.337818 0.170188 0.491994
0.104351 0.539608 0.356042
0.247727 0.0912672 0.661006
0.717535 0.282465 0
0.919556 0.0804439 0
0.642493 0 0.357507
1.64909e-17 0.498693 0.501307
0.798303 0.201697 0
0.325048 0.629808 0.0477255
0.0548087 0.301599 0.643592
0.233787 0.409281 0.356932
1.92089e-17 0.580888 0.419112
0.0463371 0.0199286 0.933734
0.0780354 0.357669 0.564296
0.23028 0.51972 0.25
0.150287 0.324593 0.525121
0.0775559 0.922444 0
0.259952 0.208454 0.531594
0.145179 0.455657 0.399164
0.39692 0.60308 0
0.116469 0.883531 0
6.93889e-18 1 0
1 0 0
0.267814 0.447542 0.284645
0.00036284 0.259118 0.740519
0.0576952 0.506029 0.436276
0.533487 0.1324 0.334114
0.605722 0.0998452 0.294432
0.0722837 0.220813 0.706904
0.187302 0.240074 0.572624
0.476417 0.523583 0
0.233496 0.766504 0
0.327783 0.422217 0.25
0.264239 0.00212381 0.733638
0.664891 0.0851086 0.25
0.293907 0.131642 0.574451
0.187338 0.372891 0.439771
0.879234 0.120766 0
0.184068 0.495411 0.320521
0.318073 0.059483 0.622444
0.0422657 0.607037 0.350697
0.115606 0 0.884394
0.0364507 0.439663 0.523886
0.0994081 0.618472 0.28212
0.75 0 0.25
0 0.402985 0.597015
0.457492 0.174693 0.367815
0.373262 0.0883449 0.538393
0.194416 0.805584 0
0.415095 0.134631 0.450274
0.119421 0.267309 0.613269
0.191345 0 0.808655
0.576432 0.0430733 0.380495
0.331661 0.295773 0.372566
0 0.194691 0.805309
0.224697 0.290854 0.484449
0.478018 0 0.521982
0.087383 0.0815947 0.831022
0.272642 0.727358 0
0.14935 0.181494 0.669156
0.0230962 0.13038 0.846523
0.758012 0.241988 0
0 0.75 0.25
0.377071 0.214115 0.408814
0.337712 0 0.662288
0.218102 0.16168 0.620218
0.572669 0.177331 0.25
0.636789 0.363211 0
0.416022 0.256093 0.327886
0.959748 0.0402516 0
0.163166 0.586834 0.25
0.0631014 0.686899 0.25
0.838796 0.161204 0
1.09466e-17 0.331032 0.668968
0.109445 0.411904 0.478651
0.40838 0.00296839 0.588651
0.436582 0.563418 0
0.49739 0.0887736 0.413836
0 0 1
0.103478 0.143001 0.753521
0.266085 0.338208 0.395707
0.298718 0.251595 0.449687
0.396453 0.353547 0.25
0.596443 0.403557 0
0.449761 0.0599925 0.490247
0 0.67359 0.32641
0.548383 0 0.451617
0.156197 0.0577933 0.78601
0.195655 0.0832689 0.721076
0.502611 0.216598 0.280791
0.464951 0.285049 0.25
