0.201916 0 0.798084
0.75 0 0.25
0.049543 0.0964014 0.854056
0.0371634 0.203497 0.759339
0.252912 0.120401 0.626687
0 0.75 0.25
0.101664 0.83919 0.0618475
0.597804 0.132485 0.269712
0.110424 0 0.889576
0.495704 0 0.504296
0.312227 0.224811 0.462962
0 0.647564 0.352436
0.472283 0.277716 0.25
0.110547 0.639453 0.25
0.357731 0.600733 0.0436859
0 0.544849 0.455151
2.68362e-18 0.0841368 0.915863
0.763926 0.236074 0
1.06567e-17 0.334108 0.665892
0.14875 0.310447 0.540803
0.107954 0.51905 0.372996
0.401337 0.311788 0.286874
0.440395 0.091861 0.467744
0 0.459556 0.540444
0.171903 0.828097 0
0.695424 0.304576 0
0.509709 0.175799 0.314492
0.866077 0.133923 0
0.141691 0.437521 0.420788
0.281451 0.0426488 0.675901
0.591764 0.408236 0
0.42528 0 0.57472
0.242182 0.757818 0
0.395041 0.181535 0.423424
0.32346 0.0880567 0.588483
0.691158 0 0.308842
5.47598e-18 0.171683 0.828317
0.966523 0.0334768 0
0.0764217 0.600502 0.323076
0.284297 0.715703 0
0.135528 0.0448346 0.819637
0.0350435 0.687914 0.277043
0.899709 0.100291 0
0.798225 0.201775 0
0.47021 0.493769 0.0366606
0.396581 0.06105 0.542369
0.22911 0.264822 0.506068
0.0695213 0.355196 0.575283
0.182712 0.0856316 0.731656
0.197028 0.148095 0.654877
9.71445e-17 1 0
5.49256e-17 5.85508e-19 1
0.294989 0.455011 0.25
0.832363 0.167637 0
0.933134 0.0668661 0
0.448271 0.551729 0
0.354353 0.141315 0.504332
0.127654 0.78283 0.0941503
0.666778 0.0832221 0.25
0.0311587 0.570889 0.397952
0.106373 0.273814 0.619812
0.594827 0 0.405173
0.545546 0.204454 0.25
0.354842 0.267299 0.377859
0.66092 0.33908 0
0.271914 0.180073 0.548013
0.0385983 0.961402 0
0.186313 0.478272 0.335415
0.535742 0.464258 0
0.0747749 0.243777 0.681448
0.410738 0.579717 0.00987368
0.00456715 0.394585 0.600848
0.627392 0.0406427 0.331965
0.126703 0.172122 0.701176
0.490672 0.432518 0.0802097
0.0950624 0.126474 0.778464
0.0539859 0.479798 0.466216
0.264722 0.425862 0.309416
0.326424 0.673576 0
0.47476 0.133946 0.391295
0.154959 0.565746 0.279295
0.367801 0.382199 0.25
0.553648 0.091381 0.354971
0.260093 0 0.739907
0.626336 0.373664 0
0.184768 0.352017 0.463215
8.62e-18 0.270254 0.729746
0.0976616 0.400092 0.502246
0.222323 0.527677 0.25
0.31492 0.347868 0.337212
0.269971 0.308061 0.421967
0.523809 0.0406067 0.435584
0.0456006 0.0193065 0.935093
0.0674454 0.90985 0.0233753
0.182399 0.224857 0.592744
0.354733 0 0.645267
1 0 0
0.729724 0.270276 0
0.225433 0.390518 0.384049
0.434542 0.225982 0.339475
