0.174947 0.167644 0.657409
0.353244 0.395412 0.251344
0.459993 0.540007 0
0.217708 0.335827 0.446465
8.92277e-19 0.0645219 0.935478
0.729665 0.270335 0
0.131445 0.0103422 0.858212
0.211828 0.0858212 0.702351
0.684739 0.0124853 0.302776
0.144012 0.109586 0.746402
0.384255 0.111001 0.504744
0.215995 0.212508 0.571496
0.204049 0.545951 0.25
9.16113e-18 0.662455 0.337545
0.418749 0.157369 0.423882
0.153338 0.846662 0
0 0 1
0.344836 0.655164 0
0.667658 0.082342 0.25
0.691118 0.308882 0
0.0992686 0.202203 0.698529
0.373383 0.24437 0.382246
0.0771113 0.507511 0.415377
0.609126 0.11288 0.277994
0.191646 0.808354 0
0.244254 0.0140143 0.741732
0.138998 0.252029 0.608974
2.5148e-18 0.181849 0.818151
0.229934 0.770066 0
0.493485 0.00902244 0.497493
0.262691 0.375598 0.361711
5.29372e-17 1 0
0.338796 0.201699 0.459505
0.331144 0.339572 0.329285
0.0996719 0.572786 0.327542
6.65706e-18 0.481382 0.518618
0.562927 0.187073 0.25
0.437936 0 0.562064
0.297166 0.290635 0.412199
0.0165086 0.238567 0.744925
0.652596 0.347404 0
0.454972 0.199299 0.345729
0.922704 0.0772956 0
0.537006 0.462994 0
0.0670286 0.284964 0.648007
0.768232 0.231768 0
0.176675 0.297826 0.525499
0.614074 0.385926 0
0.0270804 0.599287 0.373633
0.125529 0.624471 0.25
0.806829 0.193171 0
0.575548 0.424452 0
0.428614 0.321386 0.25
1.69152e-17 0.75 0.25
0.234964 0.443456 0.32158
0.0684319 0.152469 0.779099
0.196178 0 0.803822
0.0534424 0.681283 0.265275
0.268224 0.731776 0
0.458742 0.0738705 0.467388
0.498468 0.501532 0
0.257477 0.250778 0.491745
0.143341 0.480886 0.375773
0.884068 0.115932 0
0 0.553298 0.446702
5.15075e-18 0.372459 0.627541
0.306511 0.693489 0
0.75 0 0.25
0.581197 0.0668365 0.351966
0.0657644 0.442783 0.491453
0.0217465 0.108222 0.870032
0.38319 0.61681 0
0.316211 0 0.683789
0.627523 0 0.372477
0.282555 0.467445 0.25
0.115017 0.884983 0
4.21511e-18 0.304801 0.695199
0.528965 0.151766 0.319268
0.421546 0.578454 0
0.134762 0.387369 0.477869
0.961358 0.0386416 0
0.0994345 0.342198 0.558367
0.176464 0.519215 0.304321
0.0383332 0.961667 0
0.0244483 0.406268 0.569284
0.176921 0.415282 0.407797
0.0766677 0.923332 0
0.404881 0.284872 0.310248
0.493699 0.247281 0.25902
1 0 0
0.0769604 0 0.92304
0.375887 0.0121312 0.611982
0.558225 0 0.441775
0.845433 0.154567 0
0.298551 0.166032 0.535418
0.0997202 0.0750637 0.825216
0.286974 0.0619006 0.651125
0.340523 0.0845158 0.574961
0.502078 0.102929 0.394994
0.252883 0.133225 0.613892
