0.0699183 0.0747375 0.855344
0.344169 0.196731 0.4591
0.0924903 0.334339 0.573171
0.428881 0.153823 0.417297
1.30221e-17 0.241064 0.758936
0.550178 0.449822 0
0.327302 0 0.672698
0.136283 0.248064 0.615653
0.517257 0.112854 0.369889
0.261591 0.240653 0.497756
3.13967e-17 0.58121 0.41879
0.0318694 0.505638 0.462493
0.925808 0.0741921 0
0.0497105 0.413996 0.536294
0.495446 0.237627 0.266926
0.298479 0.284594 0.416928
0.408792 0.278591 0.312617
1 0 0
0.117758 0.569339 0.312903
0.362967 0.637033 0
0.851121 0.148879 0
0.8886 0.1114 0
0.308299 0.153648 0.538053
0.118262 0.0960601 0.785678
0.187887 0.0802137 0.7319
0.665089 0 0.334911
0.330527 0.33354 0.335933
0.37944 0.23843 0.38213
0.684476 0.0517415 0.263782
0.0821464 0.667854 0.25
1.69956e-17 0.31462 0.68538
0.569463 0 0.430537
0.0349662 0.619151 0.345883
0.77646 0.22354 0
0.0826552 0.530468 0.386877
0.5819 0.100593 0.317507
0.392402 0.111444 0.496154
0.17954 0.82046 0
3.70861e-17 0.686532 0.313468
0.283848 0.097108 0.619044
0.102359 0 0.897641
0.437227 0.0273087 0.535464
0.627406 0.122594 0.25
0.0587287 0.291428 0.649843
0.599659 0.0351888 0.365153
0.107482 0.452706 0.439813
0.071523 0.928477 0
0.470036 0.188592 0.341371
0.215995 0.784005 0
0.214523 0.134316 0.65116
0 0.75 0.25
0.504093 0 0.495907
0.738927 0.261073 0
0.437472 0.562528 0
5.17779e-17 1.13115e-18 1
0.438152 0.311848 0.25
6.04031e-18 0.111817 0.888183
0.136897 0.372584 0.490519
2.09695e-17 0.388184 0.611816
0.158207 0.0155861 0.826207
0.364615 0.383685 0.2517
0.151292 0.175888 0.67282
0.291324 0.458676 0.25
0.557048 0.192952 0.25
0.143323 0.856677 0
0.22635 0.195996 0.577655
0.225979 0 0.774021
0.0357656 0.964234 0
0.701132 0.298868 0
0.289289 0.710711 0
0.474836 0.525164 0
0.400089 0.599911 0
0.217687 0.521977 0.260336
0.0131682 0.172059 0.814773
0.107231 0.892769 0
0.512486 0.487514 0
0.625723 0.374277 0
0.250472 0.371686 0.377841
0.155947 0.594053 0.25
0.663437 0.336563 0
0.184778 0.414928 0.400295
0.262821 0.424891 0.312288
0.177939 0.285237 0.536824
3.82586e-17 1 0
0.261498 0.0372169 0.701285
0.25258 0.74742 0
0.0257337 0.0352025 0.939064
0.813819 0.186181 0
0.167365 0.487436 0.345199
0.477647 0.0727733 0.44958
2.58499e-17 0.47853 0.52147
0.75 0 0.25
0.587929 0.412071 0
0.0734019 0.22032 0.706278
0.325921 0.674079 0
0.354577 0.0690167 0.576406
0.0921721 0.15324 0.754588
0.962925 0.0370754 0
0.395505 0 0.604495
0.216785 0.326808 0.456406
