0.0928712 0 0.907129
0.234081 0 0.765919
0.316734 0.683266 0
0.814774 0.185226 0
0.553901 0 0.446099
0.157674 0.424663 0.417662
0.0895028 0.256983 0.653514
0.454338 0.211575 0.334086
0.364561 0.385439 0.25
0.434675 0.315325 0.25
0.348555 0.108438 0.543007
0.268544 0.332786 0.398671
0.67606 0.0739404 0.25
0.926222 0.0737781 0
0.635285 0.0592322 0.305483
0.626311 0.373689 0
0.740008 0.259992 0
0.198501 0.801499 0
1 0 0
0.204113 0.47124 0.324647
0.434029 0.565971 0
2.97481e-17 1 0
0.0625855 0.0876942 0.84972
0.702404 0.297596 0
0.598208 0.0152419 0.38655
3.21104e-17 0.59756 0.40244
0.445002 0 0.554998
0.457129 0.0880362 0.454835
0.300188 0.0795038 0.620308
0.217009 0.123291 0.659701
0.267752 0.0325391 0.699709
0.307865 0.255547 0.436587
0.341234 0 0.658766
0.0397564 0.960244 0
0.504739 0.245261 0.25
0.67405 0 0.32595
0.501847 0.119554 0.3786
0.12656 0.498499 0.37494
0 0.693528 0.306472
0.852063 0.147937 0
0.96311 0.0368903 0
0.297279 0.194954 0.507766
2.63924e-17 0.491151 0.508849
0.18637 0.352367 0.461263
0.384089 0.0327907 0.58312
0.472991 0.527009 0
0.0885403 0.561339 0.350121
0.277513 0.722487 0
0.356007 0.643993 0
0.238897 0.396358 0.364745
1.02494e-17 0.190738 0.809262
0.0870664 0.141207 0.771727
0.0374805 0.631616 0.330904
0.295512 0.419276 0.285211
0.42941 0.171655 0.398935
0.337365 0.320917 0.341717
1.59444e-17 0.296718 0.703282
0.534776 0.175515 0.28971
0.172321 0.208544 0.619135
0.385631 0.138198 0.476171
6.28559e-18 0.116972 0.883028
0.75 0 0.25
0.549849 0.450151 0
0.664618 0.335382 0
0.119261 0.880739 0
0.0837404 0.66626 0.25
0.889342 0.110658 0
1.98779e-17 0.369918 0.630082
0.602161 0.147839 0.25
0.395251 0.604749 0
0.260152 0.489848 0.25
0.158961 0.841039 0
0.258219 0.159637 0.582143
0.0652456 0.333895 0.600859
0.238112 0.761888 0
0.588223 0.411777 0
0.0784321 0.455267 0.466301
0.134136 0.0601366 0.805727
0.0357807 0.225855 0.738364
0.163459 0 0.836541
0.140974 0.297176 0.56185
0.565969 0.0910729 0.342958
0.128933 0.5936 0.277466
0.511556 0.488444 0
0.178495 0.0880625 0.733442
0.233968 0.284502 0.48153
0.0189337 0.0430367 0.93803
0.079519 0.920481 0
0 0.75 0.25
0.367112 0.226305 0.406584
0.128667 0.174385 0.696947
0.106688 0.379466 0.513846
0.404714 0.281689 0.313597
0.19224 0.55776 0.25
2.50914e-18 6.73135e-17 1
0.777524 0.222476 0
0.488304 0.0223103 0.489385
0.0201836 0.421587 0.558229
0.0326309 0.531623 0.435746
0.211868 0.243993 0.544138
