0.111551 0.577087 0.311362
0.642995 0.107005 0.25
0.287844 0.462156 0.25
0.717676 0.282324 0
1.06936e-17 0.235894 0.764106
0.157486 0.842514 0
0.148369 0.224027 0.627604
0.0585864 6.5044e-18 0.941414
0.358245 0 0.641755
3.48178e-17 1 0
0.838894 0.161106 0
0.0976055 0.194479 0.707916
0 0.75 0.25
0.453226 0.232645 0.31413
1.60499e-17 0.46097 0.53903
0.919468 0.0805318 0
0.0786319 0.921368 0
0.29244 0.0049742 0.702586
0.173247 0.0442828 0.78247
1.65962e-17 0.366104 0.633896
0.487268 0 0.512732
1 0 0
0.294568 0.0826967 0.622736
0.0788292 0.671171 0.25
0.276785 0.319816 0.403399
0.275971 0.724029 0
0.56672 0.18328 0.25
0.364447 0.163875 0.471678
0.355347 0.644653 0
0.107558 0.47015 0.422292
0.384805 0.0917078 0.523487
0.45778 0.114146 0.428074
0.491729 0.258271 0.25
0.000247652 0.300934 0.698819
0.143201 0.118092 0.738708
0.640958 0 0.359042
0.410211 0.0120651 0.577724
0.117865 0.882135 0
0.0748674 0.540782 0.384351
0.321679 0.24399 0.434331
0.475541 0.524459 0
0.323986 0.35337 0.322644
0.191901 0.255327 0.552772
0.277965 0.210232 0.511803
0.163558 0.499612 0.33683
5.36215e-17 1.88967e-18 1
0.515779 0.484221 0
0.435326 0.564674 0
0.231739 0.294592 0.473669
0.487816 0.162146 0.350038
0.10046 0.308551 0.59099
0.243076 0.385359 0.371565
0.192469 0.145192 0.662338
0.146605 0.392722 0.460672
0.149229 0.600771 0.25
0.417653 0.318792 0.263556
0.0446049 0.386579 0.568816
0.362326 0.387674 0.25
0.0945162 0.091122 0.814362
0.0392301 0.96077 0
0.255624 0.43671 0.307665
0.0786476 0.419553 0.501799
0.0209396 0.50875 0.47031
0.029491 0.623744 0.346765
3.48258e-18 0.0768238 0.923176
0.319445 0.126827 0.553728
0.61002 0.0763266 0.313653
0.75 0 0.25
0.689822 0.0289968 0.281181
0.564967 0 0.435033
0.758132 0.241868 0
0.0461774 0.167734 0.786089
0.368858 0.278594 0.352547
0.798569 0.201431 0
0.677244 0.322756 0
0.196835 0.803165 0
0.879195 0.120805 0
0.14385 1.59705e-17 0.85615
0.236379 0.763621 0
0.238231 0.0707567 0.691012
0.185645 0.42668 0.387674
0.237743 0.172222 0.590035
0.531325 0.0663286 0.402346
0.636818 0.363182 0
2.6281e-17 0.579743 0.420257
3.11824e-17 0.687867 0.312133
0.231734 0 0.768266
0.549581 0.122672 0.327747
0.0692333 0.0494122 0.881354
0.15493 0.333272 0.511798
0.315585 0.684415 0
0.407267 0.19809 0.394643
0.596428 0.403572 0
0.21429 0.531213 0.254497
6.55446e-18 0.144588 0.855412
0.395157 0.604843 0
0.0654191 0.268892 0.665689
0.959743 0.040257 0
0.556066 0.443934 0
0.448639 0.0605785 0.490783
