0.0806869 0.0766394 0.842674
0.203388 0.453646 0.342966
0.123035 0.493424 0.383541
1.95396e-17 0.605842 0.394158
0.526905 0.473095 0
0.0923098 0.565108 0.342582
0.16274 0.150194 0.687066
0.239774 0 0.760226
4.04874e-18 0.125535 0.874465
0.688754 0.032872 0.278374
0.202177 0.0735713 0.724251
0.642911 0.107089 0.25
0.445067 0.0662291 0.488704
0 0.437835 0.562165
0 0 1
0.246351 0.503649 0.25
0.44183 0.179924 0.378245
0.175632 0.533968 0.2904
0.243834 0.756166 0
0.277855 0.281998 0.440147
0.156287 0.415038 0.428675
2.4189e-17 0.75 0.25
0.278348 0.405225 0.316427
0.960987 0.0390125 0
0.0682952 0.00894333 0.922761
0.60338 0.0810917 0.315528
0.00369264 0.0609443 0.935363
0 1 0
0.399025 0.271761 0.329214
0.446426 0.553574 0
0.120413 0.111674 0.767912
0.48681 0.51319 0
0.476894 0.214353 0.308753
0.646188 0.353812 0
0.0807395 0.190196 0.729065
0.321238 0.0729191 0.605843
1.09053e-17 0.338128 0.661872
0.47401 0 0.52599
2.23119e-17 0.691799 0.308201
0.606608 0.393392 0
0.571119 0.173498 0.255383
0.504891 0.245109 0.25
0.130858 0 0.869142
0.121916 0.226954 0.65113
0.171245 0.263012 0.565743
0.0811767 0.918823 0
1 0 0
0.0312629 0.160633 0.808104
0.325053 0.674947 0
0.363774 0.362005 0.27422
0.882789 0.117211 0
0.40595 0.59405 0
0.72567 0.27433 0
0.169035 0.02651 0.804455
0.242854 0.238357 0.518789
0.527775 0.131197 0.341028
1.40633e-17 0.504975 0.495025
0.543244 0 0.456756
0.0296584 0.269924 0.700418
0.097177 0.393199 0.509624
0.121808 0.878192 0
0.0369615 0.372159 0.59088
0.490903 0.0924861 0.416611
0.0493895 0.631526 0.319084
0.0828459 0.297608 0.619546
0.0406066 0.959393 0
0.322111 0.193479 0.48441
0.68598 0.31402 0
0.244915 0.108005 0.64708
0.282767 0.153399 0.563834
0.566826 0.433174 0
0.131818 0.324802 0.543381
0.0350652 0.539133 0.425801
0.402981 0.146429 0.450589
0.804363 0.195637 0
0.284465 0.715535 0
0.64725 0 0.35275
0.287773 0.020891 0.691336
0.0709358 0.462321 0.466743
0.356827 0 0.643173
0.193776 0.332807 0.473418
0.364387 0.107112 0.528501
0.237953 0.367387 0.39466
0.205623 0.188538 0.605839
0.843616 0.156384 0
0.432071 0.317929 0.25
0.574467 0.0348609 0.390672
0.320025 0.3212 0.358775
0.0783897 0.67161 0.25
0.203149 0.796851 0
0.16247 0.83753 0
0.147533 0.602467 0.25
0.405737 0.0203906 0.573872
0.359653 0.233597 0.40675
0.365495 0.634505 0
0.75 0 0.25
7.43645e-18 0.230574 0.769426
0.921852 0.0781476 0
0.76502 0.23498 0
0.317562 0.432438 0.25
