0.168838 0.331617 0.499545
0 0.666279 0.333721
0.414931 0 0.585069
0.707812 0.292188 0
0.320085 0.312887 0.367028
0.485288 0.075275 0.439437
0.402846 0.130118 0.467036
0.237956 0 0.762044
0.633906 0.366094 0
0.372865 0.627135 0
0.361547 0.0956058 0.542847
0.347156 0.402844 0.25
0.927361 0.0726395 0
0.104038 0.247672 0.648291
0.598562 0.118176 0.283262
0.166802 0 0.833198
0.890954 0.109046 0
0.689542 0 0.310458
0.228772 0.117846 0.653381
0.817911 0.182089 0
3.47425e-17 1 0
0.183834 0.202259 0.613907
0.446331 0.0367462 0.516923
0.0854902 0.506321 0.408189
0.218562 0.240918 0.540521
0 0.365804 0.634196
0.0371531 0.962847 0
0.544151 0.0843188 0.37153
0.315101 0.0703998 0.614499
0.854493 0.145507 0
0.668078 0.0819216 0.25
0 0.184025 0.815975
0.0608074 0.689193 0.25
0.123357 0.54543 0.331212
0 0.485835 0.514165
0.345245 0 0.654755
0.562424 0.187576 0.25
0.274092 0.0308364 0.695071
0.485234 0.514766 0
0.335472 0.664528 0
0.0925363 0.624715 0.282748
0.365928 0.219462 0.41461
0.223313 0.776687 0
0.0348319 0.595112 0.370056
0.217408 0.370044 0.412547
0.1115 0.8885 0
0.185306 0.0849471 0.729747
0 0.75 0.25
0.624945 0.033988 0.341067
0.186028 0.813972 0
0.0155216 0.412436 0.572043
0.295868 0.262655 0.441476
0.0618583 0.455274 0.482868
0.022643 0.0389561 0.938401
0.596821 0.403179 0
0.125057 0.295058 0.579885
0.0486812 0.211035 0.740284
0.0956418 0 0.904358
0.51311 0.150325 0.336566
0.168241 0.461579 0.37018
0.298057 0.701943 0
0.166796 0.583204 0.25
0.260636 0.739364 0
0.781423 0.218577 0
0.522503 0.477497 0
0.0927796 0.13504 0.77218
0.244275 0.417381 0.338344
0 0 1
0.391088 0.275191 0.333721
0.963703 0.036297 0
0.415675 0.330808 0.253517
0.438737 0.173802 0.387462
0.309273 0.377754 0.312973
1 0 0
0.240897 0.2943 0.464803
0.518278 0 0.481722
0.316535 0.184101 0.499364
0 0.274734 0.725266
0.135834 0.414102 0.450064
0.744589 0.255411 0
0.271054 0.154116 0.57483
0.586832 0 0.413168
0.670864 0.329136 0
0.0641763 0.0854992 0.850325
0.559683 0.440317 0
1.94314e-17 0.559298 0.440702
0.447787 0.552213 0
0.464104 0.226336 0.309561
0.137787 0.0585744 0.803639
0 0.111952 0.888048
0.139458 0.166944 0.693598
0.27453 0.47547 0.25
0.0890134 0.372398 0.538589
0.488658 0.261342 0.25
0.0390013 0.300771 0.660227
0.14874 0.85126 0
0.0743142 0.925686 0
0.207205 0.510047 0.282748
0.410362 0.589638 0
0.75 0 0.25
