0.145159 0.436058 0.418784
0.151089 0.848911 0
1.116e-17 0.328991 0.671009
0.340119 0.0276451 0.632236
0.146922 0.544759 0.308319
0.183287 0.566713 0.25
0.0319373 0.260471 0.707592
0.256057 0.329011 0.414931
0.0703909 0.598353 0.331256
0.084419 0.115438 0.800143
0 0.223335 0.776665
0.194236 0.472394 0.333371
0 1 0
0.502609 0.497391 0
0.665324 0.334676 0
0.69292 0.0570797 0.25
0 0.479616 0.520384
0.410639 0 0.589361
0.171253 0.243286 0.585461
0.12382 0.208893 0.667287
0.329254 0.298285 0.372461
0.831524 0.168476 0
0.369638 0.35047 0.279893
0.171331 0.126178 0.702491
0.254802 0.0812241 0.663974
0.334598 0.161437 0.503964
0.0580604 0.364749 0.57719
0.228649 0.0291704 0.74218
0.74798 0.25202 0
0.104109 0.511743 0.384149
0 0.0587539 0.941246
0.467527 0.214803 0.31767
0.542931 0.457069 0
0.510121 0 0.489879
0.0803663 0 0.919634
0.451062 0.0360379 0.5129
0.0688621 0.460083 0.471055
0.298559 0 0.701441
1 0 0
0.366952 0.208263 0.424785
0.670523 0 0.329477
0.706294 0.293706 0
0.371702 0.0794994 0.548799
0.304943 0.695057 0
0.0368511 0.687259 0.27589
0 0.653215 0.346785
0.292857 0.247039 0.460104
0.504239 0.245761 0.25
0.0753735 0.924627 0
0.624423 0.375577 0
0.253171 0.492321 0.254508
0.29315 0.38364 0.32321
0.294421 0.118534 0.587045
0.0262421 0.531058 0.4427
0.227553 0.772447 0
0.422518 0.577482 0
0 0.15633 0.84367
0.14934 0.0803055 0.770355
0.0953467 0.397596 0.507057
0.78976 0.21024 0
0.957749 0.0422506 0
0.873483 0.126517 0
0.189008 0.810992 0
0.541926 0.175244 0.28283
0.266097 0.733903 0
0.43684 0.165543 0.397617
0 0.58655 0.41345
0.136173 0.320599 0.543228
0.46229 0.53771 0
0.607193 0.142807 0.25
0.11962 0.0279641 0.852416
0.107896 0.642104 0.25
0.915531 0.0844694 0
0.399824 0.260506 0.33967
0.21554 0.283126 0.501334
0.567992 0.0909475 0.34106
0.178329 0.362121 0.45955
0 0.404282 0.595718
0.499336 0.128889 0.371776
0.0730456 0.181942 0.745012
0.383383 0.616617 0
0.632865 0.0683034 0.298832
0.0376437 0.962356 0
0.254133 0.202089 0.543778
0.41814 0.112649 0.469211
0.343948 0.656052 0
0.211115 0.164058 0.624827
0.525423 0.0485569 0.42602
0.0865764 0.287432 0.625991
1.27565e-17 0.75 0.25
0.035928 0.0860363 0.878036
0.113216 0.886784 0
0.324688 0.425312 0.25
0.75 0 0.25
0.600486 0 0.399514
0.583446 0.416554 0
0.43485 0.31515 0.25
5.55112e-17 3.54266e-25 1
0.224862 0.406082 0.369056
0.189076 0 0.810924
