3.10681e-17 0.561593 0.438407
0.0772613 0.406907 0.515832
0.0266615 0.144038 0.8293
0.323582 0.268971 0.407447
0.202868 0.404388 0.392743
0.563879 0.0853258 0.350795
0.665781 0.0842185 0.250001
0.365413 0.0683605 0.566226
0.581435 0.168564 0.250001
0.241805 0.196072 0.562124
0.243623 0.0769067 0.67947
0.412351 0.0931192 0.49453
0.453871 0.546129 0
0.200413 0.160558 0.639029
0.0375592 0.962441 0
0.480562 0.166456 0.352982
0.158521 0.48733 0.354148
0.684936 0.315064 0
0.377799 0.622201 0
0.344746 0.372655 0.2826
0.960207 0.0397932 0
5.64991e-18 0.102129 0.897871
0.762903 0.237097 0
0.17882 0.543568 0.277613
0.226019 0.773981 0
0.114718 0.327929 0.557353
0.160096 0.364602 0.475302
0.162938 0.12162 0.715442
0.248194 0.443917 0.307889
0.15896 0.243877 0.597163
0.492235 0.507765 0
0.236853 0.513146 0.250001
0.339808 0.660192 0
0.281075 0 0.718925
0.462713 0.0125196 0.524767
0.115913 0.207817 0.67627
0.103301 0 0.896699
0.0751322 0.924868 0
0.841422 0.158578 0
0.318323 0.431676 0.250001
1.05197e-16 5.82573e-18 1
0 1 0
0.500976 0.249023 0.250001
0.532684 0 0.467316
0.286652 0.354991 0.358357
0.0254501 0.491582 0.482968
0.281404 0.233967 0.484629
0.415792 0.584208 0
0.116524 0.446674 0.436802
0.540489 0.145063 0.314448
0.363177 0.182036 0.454787
0.37127 0.296154 0.332576
0.15054 0.84946 0
0.881079 0.118921 0
0.634757 0.0610195 0.304224
0.0239047 0.374915 0.601181
0.646204 0.353796 0
1 0 0
0.188293 0.811707 0
0.174325 0 0.825675
0.0780633 0.0637913 0.858145
0.284851 0.109884 0.605265
0.603325 0.000267186 0.396408
0.0304376 0.0292378 0.940325
1.81747e-17 0.32853 0.67147
0.301855 0.698145 0
0.121982 0.0886561 0.789362
0.331201 0.0188153 0.649984
0 0.749999 0.250001
0.0254567 0.257082 0.717461
0.323971 0.148239 0.52779
0 0.445826 0.554174
0.443456 0.127402 0.429142
0.920593 0.0794066 0
0 0.668301 0.331699
0.129942 0.620057 0.250001
0.079028 0.1703 0.750672
0.511001 0.0672564 0.421743
0.749999 0 0.250001
0.0276397 0.608032 0.364328
0.077307 0.524985 0.397708
0.0768814 0.288515 0.634603
0.209224 0.0315788 0.759197
0.453528 0.239329 0.307143
0.403243 0 0.596757
0.420331 0.329668 0.250001
0.568797 0.431203 0
0.263924 0.736076 0
0.242107 0.319469 0.438425
1.18325e-17 0.213887 0.786113
0.607449 0.392551 0
0.676596 0 0.323404
0.403883 0.214843 0.381274
0.058049 0.682405 0.259546
0.530376 0.469624 0
0.801972 0.198028 0
0.199409 0.281653 0.518937
0.112883 0.887117 0
0.723795 0.276205 0
0.10119 0.577973 0.320837
