0.525188 0.0718607 0.402951
0.115933 0.884067 0
0.558782 0.125978 0.31524
0.261593 0.374723 0.363683
0.413674 0.181784 0.404541
0.336981 0.215374 0.447645
0.254151 0.253168 0.492681
0.138952 0 0.861048
0.486301 0.156297 0.357402
0.462878 0.537122 0
0.456128 0.0944405 0.449431
0.0800408 0.140744 0.779215
0.0772885 0.922711 0
0.654651 0.345349 0
0.197881 0.14818 0.653939
0.170306 0.227933 0.601761
0.884623 0.115377 0
0.692913 0.307087 0
0.0992933 0.260044 0.640663
0.521982 0.213797 0.264221
1 0 0
0.109311 0.0643707 0.826318
0.0818916 0.334728 0.58338
0.0824551 0.555522 0.362023
0.602077 0.0596349 0.338288
0.0310106 0.525339 0.44365
0.065014 0.00359303 0.931393
0.264775 0.485225 0.25
0.424423 0.575577 0
0.0358635 0.629543 0.334593
7.14344e-17 1.85771e-18 1
0.658044 0.091956 0.25
0 0.179205 0.820795
0 0.0775056 0.922494
0.343635 0.333301 0.323064
0.306989 0.164416 0.528595
0.562284 0 0.437716
0.349488 0.079696 0.570816
0.271267 0 0.728733
0.539655 0.460345 0
0.39049 0 0.60951
0.0386791 0.21721 0.744111
0.38848 0.36152 0.25
0.49485 0 0.50515
0.382918 0.127902 0.489179
0.235255 0.069813 0.694932
0.616329 0.383671 0
0.12447 0.597988 0.277542
0.159123 0.0990162 0.741861
0.0281894 0.309367 0.662444
0.688958 0.0192308 0.291811
0 0.75 0.25
0.3207 0.0218028 0.657498
0.161951 0.509108 0.328942
0.0836881 0.44628 0.470032
0.428117 0.0356897 0.536193
0 0.593408 0.406592
0.442809 0.239987 0.317205
0.846215 0.153785 0
0 0.692116 0.307884
0 1 0
0.176449 0.408895 0.414656
0.29504 0.296086 0.408874
0.807813 0.192187 0
0 0.277641 0.722359
0.923051 0.0769493 0
0.635437 0 0.364563
0.96149 0.0385096 0
0.161299 0.297862 0.540839
0.347449 0.652551 0
0.12462 0.479517 0.395862
0.23175 0.76825 0
0.0827062 0.667294 0.25
0.23419 0.197494 0.568316
0.315379 0.415526 0.269096
0.121707 0.183217 0.695077
0.212243 0.332912 0.454845
0.769514 0.230486 0
0.75 0 0.25
0.0339766 0.103847 0.862177
0.501271 0.498729 0
0.308885 0.691115 0
0.193155 0.806845 0
0.462266 0.287734 0.25
0.194119 0.555881 0.25
0.577986 0.422014 0
0.0386363 0.961364 0
0.200257 0.0114519 0.788291
0.154546 0.845454 0
0 0.380682 0.619318
0.275125 0.111582 0.613293
0.589039 0.160961 0.25
0.731184 0.268816 0
0.0325301 0.416628 0.550842
0.375813 0.264347 0.35984
0.385956 0.614044 0
0.270312 0.729688 0
0.124952 0.373841 0.501207
0 0.486447 0.513553
0.229598 0.450922 0.31948
