0.442334 0.557666 0
0.242459 0.757541 0
0.123802 0.133384 0.742814
0.370224 0.119285 0.510491
0.185009 0.530323 0.284668
0.1719 0.298021 0.53008
0.521917 0.478083 0
0.0109421 0.394367 0.594691
0.215607 0.453357 0.331036
0.543041 0.206959 0.25
0.681284 0.318716 0
0.450525 0.070222 0.479253
0.409179 0.156338 0.434484
0.0842453 0.217095 0.69866
0.375716 0 0.624284
0.102322 0 0.897678
0.289544 0.169035 0.541421
0.0577654 0.692235 0.25
0 0 1
0.0603318 0.296993 0.642675
0.0722308 0.430787 0.496983
0.328008 0.0856391 0.586353
0.299414 0.422082 0.278504
0.0626576 0.507164 0.430178
0.278381 0.0608826 0.660737
0.603667 0.0753978 0.320936
0.028678 0.0353962 0.935926
0.257327 0.492673 0.25
0.101255 0.557814 0.340931
0.0922993 0.345386 0.562315
0.482123 0.517877 0
0.362646 0.637354 0
0.149166 0.0607158 0.790118
0.721178 0.278822 0
0.282541 0.717459 0
0.292816 0.291995 0.415189
0.572458 0.0364413 0.391101
0.478412 0 0.521588
0.243536 0.135554 0.620909
0 0.333047 0.666953
0.0792973 0.629212 0.291491
0.401151 0.301659 0.29719
0.880648 0.119352 0
0.458879 0.291121 0.25
0.322645 0.677355 0
0.209168 0.214994 0.575838
0 0.540139 0.459861
0.152306 0.597694 0.25
0.0164012 0.597016 0.386582
0.331352 0.206445 0.462203
0.800967 0.199033 0
2.49271e-17 0.465102 0.534898
0.54488 0 0.45512
0.920449 0.0795509 0
0.75 0 0.25
0.168444 0.417899 0.413657
0.761088 0.238912 0
0.561708 0.438292 0
0.579395 0.149682 0.270923
0.960224 0.039776 0
0.689467 0.0274566 0.283076
0.650549 0.0994512 0.25
0.253305 0.377389 0.369306
0.644699 0 0.355301
0.161925 0.838075 0
0.0810012 0.918999 0
0.251865 0.252296 0.495839
7.01936e-17 1 0
0.840807 0.159193 0
0.201453 0.0925895 0.705957
0.641397 0.358603 0
0.0405024 0.959498 0
0.137874 0.381432 0.480694
0 0.666219 0.333781
1 0 0
0 0.25903 0.74097
0.0759426 0.0820508 0.842007
0.237592 0.00870893 0.753699
0.164588 0.175626 0.659786
0.444305 0.193032 0.362663
0.215121 0.335166 0.449713
0 0.109002 0.890998
0.410433 0.0321478 0.55742
0.134257 0.48535 0.380393
0.202276 0.797724 0
0.121488 0.878512 0
0.475723 0.2291 0.295176
0 0.18406 0.81594
0.174835 0 0.825165
0.328682 0.337199 0.334119
0.305834 0 0.694166
0 0.75 0.25
0.0561373 0.161127 0.782736
0.524394 0.133513 0.342093
0.491385 0.0976128 0.411002
0.370135 0.248756 0.381109
0.368743 0.381257 0.25
0.402522 0.597478 0
0.601559 0.398441 0
0.1322 0.257143 0.610657
