0.522371 0.227629 0.25
0 0.415543 0.584457
1.14339e-17 0.75 0.25
0.209588 0.510114 0.280299
0.445387 0.554613 0
0.244346 0.755654 0
0.801959 0.198041 0
1 0 0
0.405395 0.594605 0
0.485293 0.514707 0
0.573075 0.157836 0.269089
0.325023 0.674977 0
0.102476 0.647524 0.25
0.309484 0.0576173 0.632899
0.0109803 0.345557 0.643462
0 0.0581426 0.941857
0.122482 0.877518 0
0.151475 0.377487 0.471038
0.278182 0.242914 0.478904
0.283279 0.359077 0.357645
0.405739 0.238467 0.355794
0.232922 0.207729 0.559349
0 0.242811 0.757189
0.163789 0.465931 0.37028
0.136068 0.139306 0.724625
0.0292955 0.689949 0.280755
0.197589 0.288283 0.514128
0.31639 0.162594 0.521016
0.482383 0.0781357 0.439481
0.602528 0.073443 0.324029
0.330503 0.400148 0.269349
0 0.645991 0.354009
0.00826491 0.476388 0.515347
0.134258 0.0174383 0.848304
0.360158 0.201918 0.437924
0.0423853 0.0793439 0.878271
7.35263e-17 1 0
0.268584 0.131133 0.600283
0.644 0.356 0
0.451883 0.279577 0.268541
0.123802 0.538327 0.337871
0.365261 0.634739 0
0.04579 0.177939 0.776271
0.320847 0.279771 0.399381
0.39605 0.124993 0.478957
0.363372 0.315361 0.321267
0.280874 0.469126 0.25
0 0.151296 0.848704
0.078653 0.607966 0.313381
0.841467 0.158533 0
0.0810191 0.285913 0.633068
0.195614 0.40065 0.403737
0.0936616 0.101144 0.805195
0.227115 0.0897156 0.683169
0.426545 0.0538704 0.519585
0.163136 0.836864 0
0.0940406 0.215188 0.690771
0.173863 0.576137 0.25
0.153801 0.247743 0.598456
0 0.541347 0.458653
0.75 0 0.25
0.205679 0 0.794321
0.184284 0.171235 0.644481
0.0897286 0.488388 0.421883
0.642055 0 0.357945
0.881067 0.118933 0
0.0409321 0.959068 0
0.564697 0.435303 0
0.722956 0.277044 0
0.0827513 0 0.917249
0.237684 0.324137 0.438179
0.688394 0.0294306 0.282175
0.644666 0.105334 0.25
0.357022 0.0781365 0.564842
0.124214 0.330365 0.545421
0.527766 0.112255 0.359978
0.439705 0 0.560295
0.177331 0.0637051 0.758964
0.569991 0.0206884 0.40932
0.485791 0.192281 0.321929
0.443004 0.157362 0.399635
0.762413 0.237587 0
0.525033 0.474967 0
0.0610379 0.372556 0.566406
0.683515 0.316485 0
0.604373 0.395627 0
8.77315e-17 7.8802e-17 1
0 0.298879 0.701121
0.284848 0.715152 0
0.92069 0.0793096 0
0.0816965 0.918304 0
0.0774352 0.430537 0.492027
0.400714 0.349286 0.25
0.960342 0.0396578 0
0.27851 0 0.72149
0.520711 0 0.479289
0.033415 0.574454 0.392131
0.358659 0 0.641341
0.203768 0.796232 0
0.243731 0.432129 0.32414
