0.921616 0.0783838 0
0.164003 0.152415 0.683582
0.386318 0.170764 0.442919
1 0 0
0.960826 0.0391745 0
0.515329 0.157442 0.327228
0.236743 0.497219 0.266038
0.684287 0.315713 0
0 0.178612 0.821388
0.194409 0.0846016 0.720989
1.98194e-17 0.610188 0.389812
0.270725 0.408504 0.320771
0.803478 0.196522 0
0.0899606 0.0722211 0.837818
0.327362 0 0.672638
0.123765 0 0.876235
0.261194 0.0400753 0.698731
0.76386 0.23614 0
0.394144 0 0.605856
0.109119 0.620126 0.270755
0.335444 0.134606 0.52995
0.360113 0.37228 0.267607
0 0.500652 0.499348
0.393119 0.284551 0.32233
0.363447 0.636553 0
0.00635125 0.670522 0.323127
0.557525 0.0703562 0.372119
0.186743 0.330291 0.482966
0.644416 0.355584 0
0 0.434876 0.565124
0 0.0802575 0.919742
0.268502 0.290306 0.441193
0.659235 0 0.340765
0.121423 0.878577 0
0.107652 0.495141 0.397207
0.191811 0.453444 0.354745
0.282995 0.717005 0
0.0544461 0.0109978 0.934556
9.95189e-17 9.99743e-17 1
0.148841 0.531621 0.319538
0.181758 0.568242 0.25
0.307269 0.442731 0.25
0.431685 0.318315 0.25
0.56435 0.43565 0
0.0809836 0.919016 0
0.524184 0.475816 0
0.724138 0.275862 0
0.551962 0.198038 0.25
0.0694367 0.454132 0.476431
0.034087 0.274959 0.690954
0.154227 0.281514 0.564259
0.228331 0.246352 0.525317
0.628238 0.121762 0.25
0.842916 0.157084 0
0.111243 0.120332 0.768425
0.471585 0.12235 0.406065
0.16184 0.83816 0
0.882397 0.117603 0
0.434805 0.205486 0.359708
0.0648082 0.685192 0.25
0.687195 0.0467405 0.266064
0.166059 0.028774 0.805168
0.116974 0.232412 0.650614
0.242669 0.757331 0
0.0850411 0.308581 0.606378
0.590627 0 0.409373
0.229637 0.370165 0.400197
0.149617 0.412681 0.437701
0.0713199 0.579512 0.349168
0.403615 0.596385 0
0 0.341026 0.658974
0.0253765 0.541157 0.433466
0.0271931 0.115831 0.856976
0.443823 0.556177 0
0.0379465 0.371706 0.590348
0.202297 0.797703 0
3.24809e-17 1 0
0 0.241823 0.758177
0.313285 0.330249 0.356467
0.495969 0 0.504031
0.349595 0.248552 0.401853
0.48403 0.51597 0
0 0.75 0.25
0.75 0 0.25
0.59779 0.0937646 0.308446
0.0750303 0.193698 0.731272
0.516048 0.0395678 0.444385
0.304762 0.209912 0.485326
0.41848 0.0963394 0.485181
0.357807 0.0655938 0.576599
0.259555 0.165478 0.574967
0.323273 0.676727 0
0.278703 0.0947045 0.626593
0.604452 0.395548 0
0.43849 0.0258682 0.535641
0.481444 0.247002 0.271554
0.231575 0 0.768425
0.103497 0.375948 0.520555
0.0404752 0.959525 0
0.194239 0.19331 0.61245
