0.400035 0.599965 0
0.0191291 0.461388 0.519483
0.336953 0.247595 0.415452
0.579529 0.420471 0
0.25217 0.172038 0.575792
0.861226 0.138774 0
0.826474 0.173526 0
0.291043 0.708957 0
6.09204e-17 0.532463 0.467537
0.678885 0 0.321115
0.436124 0.563876 0
0.561867 0.179787 0.258346
0.965394 0.0346061 0
0.686049 0.313951 0
0.627481 0.122519 0.25
0.472215 0.527785 0
0.327444 0.672556 0
0.301326 0.088743 0.609931
0.218176 0.781824 0
0.508144 0.491856 0
0.108939 0.891061 0
0.104078 0.547915 0.348006
0.197442 0.375678 0.42688
0.427084 0.102393 0.470522
0.186145 0.498041 0.315814
0.151398 0.457795 0.390806
0.0317668 0.090344 0.877889
0.221643 0.528357 0.25
0.108942 0.418582 0.472477
0.363789 0.636211 0
0.0741456 0.37308 0.552775
0.0725983 0.927402 0
0.382603 0.169094 0.448303
0.336745 0.136476 0.526779
0.00847828 0.594758 0.396764
3.24692e-17 0.283791 0.716209
0.111998 0.154982 0.733021
0.791528 0.208472 0
0.251943 0 0.748057
0.186965 0 0.813035
0.353929 0.396071 0.25
9.24168e-17 0.0593289 0.940671
1 0 0
0.168518 0.0769196 0.754562
0.157181 0.334881 0.507938
0.666 0.0622461 0.271754
0.344663 0 0.655337
0.930807 0.0691927 0
0.145304 0.854696 0
0.291731 0.213863 0.494407
0.470292 0.0210554 0.508653
5.56911e-19 0.164272 0.835728
0.422875 0.323288 0.253837
0.181713 0.818287 0
0.524553 0.1435 0.331947
0.0207448 0.335625 0.64363
0.168273 0.218911 0.612817
0.281965 0.457033 0.261002
0.650688 0.349312 0
0.75 0 0.25
0.245243 0.293527 0.46123
0.496533 0.253467 0.25
0.721359 0.278641 0
0.498114 0.0871879 0.414699
0.607767 0 0.392233
0.0739843 0.245649 0.680366
0.219267 0.12305 0.657683
0.756445 0.243555 0
0.285827 0.328887 0.385285
2.4409e-17 0.75 0.25
0.0626399 0.62599 0.31137
0.380642 0.279833 0.339525
0.615148 0.384852 0
0.203898 0.256479 0.539622
0.38062 0.0634748 0.555905
0.111799 0.294694 0.593508
0.896028 0.103972 0
0 1 0
0.0231105 0.210223 0.766667
0 0.671774 0.328226
0.119405 0.0349442 0.845651
0.538002 0 0.461998
0 0 1
0.0362854 0.963715 0
0.433153 0.185944 0.380903
0.0829556 0 0.917044
0.0803176 0.117274 0.802409
0.463648 0.225495 0.310857
0.0778848 0.672115 0.25
0.0709598 0.500839 0.428201
0.418737 0 0.581263
0.239396 0.4151 0.345504
0.147372 0.180226 0.672402
0.324355 0.362206 0.313439
0.254598 0.745402 0
0.579662 0.0698062 0.350532
0.54394 0.45606 0
0.266471 0.0448974 0.688631
0 0.407936 0.592064
0.150234 0.594955 0.254812
