0.150322 0.43747 0.412208
0.240039 0 0.759961
7.00395e-17 1 0
0.477608 0.015736 0.506656
0.497116 0.184234 0.31865
0.687181 0.312819 0
0.652618 0.0973816 0.25
0.0278138 0.425956 0.54623
0.430257 0.569743 0
0.421003 0.233388 0.345609
0.75 0 0.25
8.43373e-18 0.498934 0.501066
1 0 0
0.102931 0.519968 0.3771
5.97493e-18 9.56148e-17 1
0 0.75 0.25
0.511712 0.0635131 0.424775
0.238637 0.761363 0
0.199467 0.800533 0
0.542143 0.457857 0
0.166723 0.14044 0.692837
0.0761495 0.302956 0.620894
0.363733 0 0.636267
0.41052 0.33948 0.25
0.0345302 0.25916 0.70631
0.316083 0.683917 0
1.01951e-17 0.603134 0.396866
0.158545 0.591455 0.25
0.0801336 0.919866 0
0.253482 0.101417 0.6451
0.133335 0.086563 0.780102
0.216397 0.291684 0.491919
0.277291 0.722709 0
0.828145 0.171855 0
0.72256 0.27744 0
0.335939 0.070044 0.594017
0.189258 0.479359 0.331383
0.965903 0.0340971 0
0.757902 0.242098 0
0.451389 0.276383 0.272228
0.578991 0.421009 0
0.0637541 0 0.936246
0.793162 0.206838 0
0.524879 0.225121 0.25
0.689215 0.0201213 0.290663
0.13146 0.561383 0.307157
0.120451 0.221263 0.658286
0.120204 0.879796 0
1.16491e-17 0.689151 0.310849
0.343657 0.406343 0.25
0.20724 0.0637808 0.728979
0.275149 0.444094 0.280757
0.93163 0.0683701 0
0.166894 0 0.833106
0.249798 0.226913 0.52329
0.295291 0.0166684 0.68804
0.631749 0 0.368251
0.100759 0.397234 0.502007
0.897446 0.102554 0
0.0731853 0.469346 0.457469
0.392505 0.607495 0
0.352952 0.275888 0.37116
0.432528 0 0.567472
0.555144 0 0.444856
0.389149 0.181524 0.429327
0.862875 0.137125 0
0.462519 0.142515 0.394966
0.184657 0.362466 0.452878
0.615295 0.384705 0
0.159974 0.840026 0
0.234222 0.515778 0.25
0.207656 0.181868 0.610476
5.52517e-18 0.326865 0.673135
0.0400464 0.959954 0
9.00233e-20 0.0803777 0.919622
0.164677 0.25873 0.576593
0.0510599 0.617432 0.331508
0.319686 0.215459 0.464855
0.0280577 0.545567 0.426375
1.69914e-19 0.151709 0.848291
0.651247 0.348753 0
0.289741 0.151944 0.558315
0.0605211 0.118875 0.820604
0.362119 0.11967 0.518211
0.0829349 0.667065 0.25
0.543016 0.102373 0.354611
0.318693 0.355429 0.325877
0.427915 0.0932621 0.478823
0.235541 0.396747 0.367712
6.62596e-18 0.391987 0.608013
0.582396 0.153817 0.263787
0.27399 0.312152 0.413857
0.504996 0.495004 0
0.0848125 0.174407 0.74078
0.123409 0.332881 0.54371
0.467853 0.532147 0
2.50005e-19 0.223218 0.776782
0.0942717 0.0367768 0.868951
0.354529 0.645471 0
0.607111 0.0682279 0.324661
