0.126506 0.51992 0.353575
0.685419 0.0518875 0.262693
0.47045 0.0643344 0.465216
0.158108 0 0.841892
0.10694 0.210183 0.682877
0.395385 0.327085 0.27753
0.19401 0.373404 0.432587
0.620622 0.379378 0
0.50533 0.49467 0
0.205276 0.0200268 0.774697
0.38926 0.61074 0
0.0843801 0.665619 0.250001
0.235932 0.0687259 0.695342
1.47697e-17 0.382081 0.617919
0.848981 0.151019 0
0.523435 0.0800655 0.396499
0.281569 0 0.718431
0.357398 0 0.642602
0.0773728 0.15791 0.764717
0.0741733 0.588106 0.33772
0.5853 0.1008 0.3139
0.46086 0.289139 0.250001
0.340567 0.131049 0.528384
0.658851 0.341149 0
0.239352 0.414872 0.345776
0.233665 0.766335 0
0.125245 0.601338 0.273417
0.489238 0.218754 0.292008
0.350368 0.649632 0
0 1 0
0.315915 0.260876 0.423209
0.0182607 0.130555 0.851184
4.20131e-17 0.0746285 0.925371
0.773203 0.226797 0
0.749999 0 0.250001
0.96215 0.0378498 0
0.466785 0.533215 0
0.281928 0.468071 0.250001
2.42096e-17 0.626286 0.373714
0.442998 0.154956 0.402047
0.189513 0.560486 0.250001
0.134677 0.26365 0.601673
0.370926 0.184647 0.444427
0.543889 0.456111 0
0.162487 0.444814 0.392699
0.209972 0.492806 0.297222
0.14554 0.361379 0.49308
0.31154 0.68846 0
0.564001 0 0.435999
0 0.294767 0.705233
0.924493 0.0755072 0
0.606623 0.0291174 0.36426
0.3519 0.398099 0.250001
0.156077 0.114673 0.729249
0.32475 0.0735688 0.601681
0.272621 0.727379 0
0.0389103 0.96109 0
0.0778199 0.92218 0
0.0133121 0.684063 0.302625
0.268617 0.175211 0.556172
0.25489 0.117088 0.628022
0.064436 0.415487 0.520077
0.0333799 0.236773 0.729848
0.556939 0.19306 0.250001
0.181052 0.165623 0.653325
0.886734 0.113266 0
0.113687 0.0800847 0.806228
0.350643 0.291143 0.358215
0.310689 0.371067 0.318244
2.00797e-17 0.519449 0.480551
1.74244e-17 0.450756 0.549244
0.428007 0.571993 0
0.265388 0.331733 0.40288
0.155709 0.844291 0
0.490752 0 0.509248
0.418195 0.238448 0.343357
0.666856 0 0.333144
0.21001 0.285168 0.504823
0.199809 0.22234 0.577851
0.0500482 0.307369 0.642583
1.02827e-17 0.749999 0.250001
0.0790591 0 0.920941
0.116754 0.883246 0
1 0 0
0.735183 0.264817 0
0.811205 0.188795 0
0.509869 0.145188 0.344943
0.0326375 0.553289 0.414074
9.99177e-17 1.11046e-17 1
0.098722 0.336358 0.56492
0.419484 0.0125744 0.567941
0.0645592 0.0544456 0.880995
0.287315 0.225854 0.486831
0.403902 0.0962889 0.499809
0.582249 0.417751 0
0.0882898 0.467453 0.444258
0.627593 0.122406 0.250001
0.697042 0.302958 0
0 0.196588 0.803412
0.194676 0.805324 0
