0.0763265 0.923673 0
0.229829 0.770171 0
0.152807 0.847193 0
0.26744 0.32634 0.40622
0.0979873 0.652012 0.250001
0.54536 0.45464 0
0.0669998 0.606275 0.326725
0.11619 0.167893 0.715917
0.505317 0.494683 0
0.32397 0.0391132 0.636917
0.378712 0.342507 0.278781
0.631229 0.11877 0.250001
0 0.749999 0.250001
0.58568 0.41432 0
0.42292 0.0656936 0.511386
0.181532 0.495665 0.322803
0.26862 0.73138 0
0.15024 0.581421 0.268338
0.0381648 0.961835 0
0.79007 0.20993 0
0.160863 0.268002 0.571135
0.34237 0.288367 0.369262
0.143387 0.457199 0.399414
0 0 1
0.29441 0 0.70559
0.182309 0.120264 0.697427
0.0641238 0.386326 0.54955
0.444753 0.305247 0.250001
0.666864 0.333136 0
0 0.261317 0.738683
0.299984 0.184105 0.515912
0.38598 0.61402 0
0.465332 0.534668 0
0.238965 0.28187 0.479165
0.0630573 0.509618 0.427324
0.873591 0.126409 0
0.565182 0.16117 0.273648
0.513809 0.0167395 0.469451
0.307377 0.692623 0
0.707447 0.292553 0
0.748745 0.251255 0
0 0.633075 0.366925
0.462117 0 0.537883
0.831673 0.168327 0
0.0862658 0.313355 0.600379
1 0 0
0.225945 0.225357 0.548697
0.425373 0.574627 0
0.0372635 0.282788 0.679948
0.0381871 0.0233417 0.938471
0.348617 0.0942787 0.557104
0.626118 0.373882 0
0.584953 0 0.415047
0.421532 0.182405 0.396063
2.91046e-18 0.096341 0.903659
0.749999 0 0.250001
0.300522 0.372673 0.326805
0.510082 0.139735 0.350183
0.146845 0.0872065 0.765949
0.608345 0.05559 0.336066
0.108772 0.234937 0.656291
0.186209 0.3729 0.44089
0.0093651 0.481295 0.50934
0.336122 0.413877 0.250001
0 0.556943 0.443057
0.517254 0.232746 0.250001
0.194474 0.178844 0.626682
0.111223 0 0.888777
0.219736 0.530263 0.250001
0.0845684 0.0650059 0.850426
0.542859 0.0733689 0.383772
0.0666691 0.130463 0.802868
0.957709 0.0422911 0
6.90585e-17 1 0
0.326243 0.23273 0.441027
0.346634 0.653366 0
0.464274 0.102274 0.433452
0.19126 0.80874 0
0.169353 0.0144664 0.816181
0.683699 0.052618 0.263683
0 0.423326 0.576674
0.230328 0 0.769672
0.474818 0.211897 0.313285
0.248097 0.0768932 0.67501
0 0.166414 0.833586
0.22497 0.414579 0.36045
0.0379532 0.203385 0.758662
0.10071 0.540849 0.358441
0.0210012 0.68915 0.289848
0.267004 0.460061 0.272935
0.915558 0.0844415 0
0 0.354286 0.645714
0.404349 0.257714 0.337938
0.0989376 0.425609 0.475453
0.392385 0 0.607615
0.271951 0.132209 0.59584
0.114512 0.885488 0
0.379406 0.146461 0.474133
0.145331 0.338834 0.515835
0.669977 0 0.330023
