0.237779 0.762221 0
0.575228 0.101815 0.322957
5.22842e-19 0.10575 0.89425
0.0382907 0.627019 0.33469
0.119125 0.880875 0
0.0279964 0.0355429 0.936461
0.240739 0.0279777 0.731284
3.41583e-18 0.690887 0.309113
0.605173 0.144827 0.25
0.355049 0.644951 0
0.126988 0.597937 0.275074
0.489814 0.146022 0.364164
0.436972 0 0.563028
0.0890602 0.38968 0.521259
0.193379 0.113396 0.693225
0.432649 0.567351 0
0.962819 0.0371815 0
0.298305 0.340319 0.361376
0.276957 0.723043 0
0.333804 0.373273 0.292923
0.565598 0 0.434402
0.66278 0.33722 0
0.365502 0.017912 0.616586
0.509855 0.490145 0
0.813488 0.186512 0
0.888267 0.111733 0
3.70809e-18 0.75 0.25
0.446517 0.220996 0.332487
0.0451892 0.520047 0.434764
0.586304 0.413696 0
0.0191163 0.433097 0.547787
0.249331 0.48163 0.269038
0.0686791 0.0899443 0.841377
0.493056 0.0145516 0.492393
0.10858 0.153251 0.738169
0.75 0 0.25
1 0 0
0.196369 0.553631 0.25
0.534491 0.189289 0.27622
0.471258 0.528742 0
0.198239 0.801761 0
2.45977e-18 0.497515 0.502485
0.233538 0.151478 0.614984
0.624663 0.375337 0
0.0253657 0.312319 0.662315
0.684232 0 0.315768
0.276529 0.073288 0.650183
0.170334 0.347249 0.482417
0.106278 0.436998 0.456724
0.223046 0.26736 0.509594
0.148129 0.0825524 0.769318
0.201749 0.387328 0.410922
0.136324 0.028574 0.835102
0.77601 0.22399 0
0.925627 0.0743734 0
0.137799 0.300562 0.561639
0.30844 0.44156 0.25
0.446962 0.103088 0.44995
0.150193 0.195389 0.654418
0.410011 0.294776 0.295213
0.0794229 0.920577 0
0.396584 0.353416 0.25
0.617894 0.0216267 0.360479
1.33967e-18 0.270963 0.729037
0.70069 0.29931 0
0.171029 0.508404 0.320567
0.738361 0.261639 0
8.60125e-19 0.173969 0.826031
0.527558 0.0691865 0.403255
1.8899e-18 0.382253 0.617747
0.203596 0 0.796404
0.393839 0.606161 0
0.668525 0.0759588 0.255516
0.0826799 0.66732 0.25
0.358773 0.148072 0.493155
0.320101 0.105978 0.573921
0.260517 0.3057 0.433783
0.0396956 0.960304 0
0.180997 0.232002 0.587
2.93082e-18 0.592789 0.407211
0.40133 0.0701653 0.528504
0.272162 0.18872 0.539118
0.158821 0.841179 0
4.23835e-17 1.31277e-17 1
0.402205 0.18427 0.413525
0.0901133 0.551618 0.358269
8.047e-18 1 0
0.0818254 0.239778 0.678397
0.313401 0 0.686599
0.0982105 0 0.90179
0.49005 0.25995 0.25
0.851 0.149 0
0.316043 0.683957 0
0.0362445 0.198603 0.765153
0.141676 0.470075 0.388249
0.071734 0.333579 0.594687
0.312909 0.227305 0.459786
0.235809 0.42317 0.341021
0.35625 0.264251 0.379499
0.548116 0.451884 0
