0.478425 0.521575 0
0.400696 0.599304 0
0.188067 0.274886 0.537046
0.658185 0 0.341815
2.80301e-17 0.603694 0.396306
0.522057 0.157235 0.320708
2.7044e-17 0.690533 0.309467
0.266048 0 0.733952
0 0 1
0.162582 0.837418 0
0.282973 0.717027 0
0.231548 0.440274 0.328178
0.314616 0.407396 0.277987
1 0 0
0.891251 0.108749 0
0.489405 0.260594 0.250001
0.299994 0.276252 0.423754
0.558721 0.0674286 0.37385
0.15538 0.48256 0.36206
0.107734 0 0.892266
0.407502 0.158546 0.433953
0.450742 0.205012 0.344246
0.333515 0.192752 0.473733
0.271359 0.47864 0.250001
0.0019987 0.430291 0.56771
0.146063 0.359361 0.494576
0.749999 0 0.250001
0.588886 0 0.411114
0.472763 0 0.527237
0.243047 0.756953 0
0.963831 0.0361688 0
0.101373 0.44438 0.454246
0.0172919 0.540434 0.442274
0.226115 0.316109 0.457775
0.600486 0.0907082 0.308806
0.780746 0.219254 0
0.817472 0.182528 0
0.218668 0.171745 0.609587
0.0813191 0.918681 0
0.322459 0.677541 0
0.259724 0.225163 0.515113
0.743618 0.256382 0
0.385064 0.364935 0.250001
0.185758 0.401102 0.41314
0.483665 0.114328 0.402007
4.6431e-17 1 0
0.520616 0.0228795 0.456505
6.8583e-18 0.175118 0.824882
4.0207e-18 0.102663 0.897337
0.706185 0.293815 0
0.0812776 0.231179 0.687544
0.370594 0 0.629406
0.065342 0.0848745 0.849784
0.439952 0.560048 0
0.116197 0.565569 0.318233
0.516729 0.483271 0
1.27773e-18 0.36828 0.63172
0.152962 0.597037 0.250001
0.151012 0.247794 0.601194
0.197461 0 0.802539
0.20109 0.526469 0.27244
0.0407202 0.95928 0
1.08307e-17 0.276547 0.723453
0.0806696 0.517326 0.402005
0.397579 0.0341992 0.568222
0.342493 0.322879 0.334627
0.138512 0.0505472 0.81094
0.0666137 0.400905 0.532481
0.202844 0.797156 0
0.175763 0.124254 0.699983
0.0448948 0.61921 0.335895
2.29753e-17 0.494827 0.505173
0.264461 0.0961076 0.639432
0.121966 0.878034 0
0.363621 0.109141 0.527238
0.0967147 0.136419 0.766867
2.93729e-17 0.749999 0.250001
0.210231 0.0640499 0.725719
0.0460646 0.301502 0.652433
0.306254 0.027866 0.66588
0.139426 0.192702 0.667872
0.632704 0.117296 0.250001
0.0342168 0.0291534 0.93663
0.376219 0.241976 0.381805
0.927598 0.0724025 0
0.0818375 0.668162 0.250001
0.668759 0.331241 0
0.555299 0.444701 0
0.854578 0.145422 0
0.297038 0.137253 0.565709
0.0339918 0.208074 0.757935
0.439909 0.0773791 0.482712
0.421473 0.291556 0.286971
0.688182 0.0437555 0.268063
0.266859 0.361418 0.371723
0.0974232 0.326376 0.576201
0.361678 0.638322 0
0.593262 0.406738 0
0.558168 0.191831 0.250001
0.63109 0.36891 0
