0.648026 0.351974 0
0 0.431058 0.568942
0.47023 0.114247 0.415524
0.0843584 0.509362 0.406279
0.667527 0.0824728 0.25
0.0287224 0.225103 0.746175
0.163868 0.586132 0.25
0.43562 0.192571 0.371809
0.75 0 0.25
0.245344 0 0.754656
0.883884 0.116116 0
0.117109 0.44023 0.442661
0.06047 0.580783 0.358747
0.336397 0.112369 0.551234
0.287322 0.377203 0.335475
0.285825 0.714175 0
0.553253 0.196747 0.25
0.129713 0.105848 0.764438
0.521613 0.039929 0.438458
0.305921 0.184817 0.509262
0 0.188735 0.811265
0.628614 0.0384468 0.332939
0.22557 0.216865 0.557565
0.108192 0.233083 0.658724
0.488401 0.511599 0
0.163325 0.836675 0
0.276622 0.259061 0.464316
0.322323 0.302714 0.374962
0.528606 0.471394 0
0.157005 0.374323 0.468672
0.349007 0 0.650993
0.44123 0 0.55877
0.440627 0.309373 0.25
0.0407931 0.959207 0
0.156117 0.25233 0.591553
0.805752 0.194248 0
0.174138 0.157672 0.668189
0.205917 0.410427 0.383656
0 0.535496 0.464504
0.568459 0.431541 0
0.370048 0.34918 0.280773
0.0710669 0.384374 0.544559
0.367037 0.632963 0
0.448221 0.551779 0
0.206412 0.0747267 0.718861
0.326361 0.673639 0
0 0 1
0.231987 0.518013 0.25
0.331423 0.418577 0.25
0.204182 0.795818 0
3.2806e-17 1 0
0.1828 0 0.8172
0.76634 0.23366 0
0.422382 0.0735891 0.504029
0.372331 0.0392463 0.588423
0.59599 0 0.40401
0.016111 0.0491054 0.934784
0.270465 0.0902318 0.639303
0.0338147 0.467985 0.4982
0.0937707 0.177375 0.728854
0.92263 0.07737 0
0.553183 0.0844746 0.362342
0.388287 0.149786 0.461927
0.0864001 0 0.9136
0.122448 0.877552 0
0.0685083 0.0992493 0.832242
0.504188 0 0.495812
0.407624 0.592376 0
0.60821 0.39179 0
0.355267 0.225355 0.419378
0 0.290177 0.709823
0.201303 0.293369 0.505328
0 0.604218 0.395782
0.844869 0.155131 0
0.117544 0.0340849 0.848371
0.289904 0.0228028 0.687293
0 0.119394 0.880606
2.20775e-17 0.672969 0.327031
0 0.75 0.25
0.241537 0.336124 0.422338
0.0816087 0.918391 0
0.961388 0.0386125 0
0.249218 0.148775 0.602006
1 0 0
0.72718 0.27282 0
0.258283 0.452478 0.289238
0.0604657 0.689534 0.25
0.129351 0.33361 0.537039
0.692025 0 0.307975
0.0657043 0.311924 0.622372
0.598738 0.126218 0.275044
0.245017 0.754983 0
0.4826 0.239741 0.27766
0 0.360612 0.639388
0.136748 0.545267 0.317985
0.0935096 0.626481 0.280009
0.513129 0.158231 0.328639
0.687722 0.312278 0
0.399836 0.268312 0.331852
0.172919 0.478703 0.348378
