0.179181 0.820819 0
0.302715 0.287917 0.409367
0.344279 0.202548 0.453173
0.481319 0.518681 0
0.157855 0.240873 0.601272
0.134037 0.509976 0.355987
0 1 0
0.207768 0.466457 0.325775
0.0829484 0.595998 0.321054
0.214097 0.149116 0.636786
0.136597 0.380508 0.482896
0.534687 0.215313 0.25
0.410976 0.589024 0
0.0716158 0.928384 0
0.32019 0.0929669 0.586843
0.300487 0.164066 0.535446
0.0589109 0.545653 0.395436
0.227702 0.019298 0.753
0.635649 0.114351 0.25
0.264145 0.0708147 0.66504
0.171254 0.560312 0.268433
0.307275 0.692725 0
0 0.652542 0.347458
0.517031 0.482969 0
0.107322 0.332899 0.559779
0 0.506747 0.493253
0.116517 0.633483 0.25
1.05566e-16 5.45667e-18 1
0.186404 0.290286 0.52331
0.38967 0.348303 0.262027
0.664395 0 0.335605
0.126789 0.195855 0.677356
0.80923 0.19077 0
0.0358085 0.964191 0
0.0329613 0.357948 0.609091
0.600412 0.0530973 0.346491
1 0 0
0.101658 0.02708 0.871262
0.884715 0.115285 0
0 0.579622 0.420378
0.259179 0.376813 0.364008
0.299025 0 0.700975
0 0.417014 0.582986
0.341787 0.658213 0
0.73468 0.26532 0
0.846939 0.153061 0
0.220264 0.335708 0.444028
0.213391 0.782079 0.00470689
0.683329 0.0476751 0.268996
0.446049 0.553951 0
0.233968 0.198346 0.567686
0.143303 0.856697 0
0 0.316497 0.683503
0.0810949 0.2789 0.640005
0.430152 0.259648 0.310199
0.433096 0.152419 0.414485
0.923005 0.0769952 0
0.33995 0.41005 0.25
0.588311 0.411689 0
0.75 0 0.25
0.697724 0.302276 0
0.139375 0.074026 0.786599
0.481659 0.182772 0.335569
0.360787 0.00932698 0.629886
0.552521 0.447479 0
0.0883749 0.159158 0.752468
0.0631865 0.108627 0.828186
0.0640626 7.11238e-18 0.935937
0.387933 0.233119 0.378948
0.243065 0.714315 0.0442641
0.177897 0.109236 0.712867
0 0.212674 0.787326
0.240908 0.509092 0.25
0.376337 0.623663 0
0.433292 0 0.566708
0.566785 0.143302 0.289914
0.406317 0.0589719 0.534711
0.17446 0.421962 0.403577
0 0.143895 0.856105
0.282873 0.43113 0.285997
0.507723 0 0.492277
0.624337 0.375663 0
0.380278 0.125648 0.494074
0.961318 0.0386817 0
0.0413335 0.686514 0.272153
0.0912217 0.46703 0.441748
0.107502 0.892498 0
0.522867 0.0990301 0.378103
0.175763 0 0.824237
0.771514 0.228486 0
0.462198 0.287802 0.25
0.00300844 0.0758203 0.921171
0.576322 0 0.423678
0.264306 0.248242 0.487453
0.344269 0.321137 0.334594
0.0353377 0.244863 0.7198
0 0.75 0.25
0.0498159 0.430633 0.519551
0.473576 0.0723568 0.454068
0.660914 0.339086 0
