0.072777 0.413092 0.514131
0.283291 0.405664 0.311046
0.194685 0 0.805315
0.155086 0.252 0.592914
0 0.328729 0.671271
0.818791 0.181209 0
0.21139 0.0724543 0.716156
0.436153 0.307539 0.256308
0.375486 0.0960283 0.528485
0.304584 0.445415 0.250001
0.286709 0.260453 0.452839
0.243025 0.107144 0.649831
0.284789 0.143482 0.57173
0.332182 0.0673275 0.600491
0.749999 0 0.250001
0.0383151 0.0915819 0.870103
0.556721 0.443279 0
0.927847 0.0721527 0
0.366406 0.227783 0.405811
0.0816646 0.918335 0
0.56772 0.182279 0.250001
0.0277817 0.256247 0.715971
0.707252 0.292748 0
0.323281 0.676719 0
0.25711 0 0.74289
0.365473 0 0.634527
0.0408449 0.959155 0
0.241571 0.217439 0.540991
0 0.153277 0.846723
0.891747 0.108253 0
0.112956 0.207275 0.679769
0.162857 0.837143 0
0.020405 0.378331 0.601264
0.744753 0.255247 0
0.194852 0.29237 0.512778
0.328095 0.180711 0.491195
0.122293 0.877707 0
0.449469 0.191741 0.35879
0.0614011 0.688598 0.250001
0.441476 0.558524 0
0.335014 0.315282 0.349704
0.10766 0.0819531 0.810387
0.0793799 0 0.92062
0 1 0
0.455953 0.0472495 0.496797
0.78176 0.21824 0
0.591356 0 0.408644
0.669422 0.0805766 0.250001
0.362776 0.637224 0
0.554245 0.0717509 0.374005
0.296775 0.0239758 0.679249
0.50218 0.247819 0.250001
0 0.566405 0.433595
0 0.0605795 0.93942
0.243625 0.756375 0
0.409736 0.142221 0.448043
0.283498 0.716502 0
0.594664 0.405336 0
0.518595 0.481405 0
0 0.218924 0.781076
0.23414 0.507378 0.258482
0.203316 0.796684 0
0.0855229 0.522475 0.392002
0.231068 0.330938 0.437994
0.17143 0.578569 0.250001
0.260303 0.362637 0.37706
0.150038 0.371953 0.478009
1 0 0
0.402118 0.597882 0
0.630359 0.031231 0.33841
4.70124e-17 8.49879e-18 1
0.521014 0.154325 0.32466
0.136305 0.543327 0.320368
0.600877 0.113848 0.285275
0.376369 0.37363 0.250001
0.480297 0.519703 0
0.855572 0.144428 0
0 0.668726 0.331274
0.692165 7.68457e-17 0.307835
0.407916 0.269842 0.322242
0.179539 0.417189 0.403272
0.52545 0 0.47455
0.193913 0.176592 0.629495
0.109016 0.333575 0.557409
0.198503 0.463882 0.337615
0.632401 0.367599 0
0.484842 0.100648 0.41451
0.0974603 0.624682 0.277858
0.0387673 0.60014 0.361093
0.0753869 0.290186 0.634427
0 0.449254 0.550746
0.128918 0.0162756 0.854806
0.0229448 0.497914 0.479141
0.964013 0.0359867 0
0.110987 0.456456 0.432556
0.0710087 0.167551 0.76144
0 0.749999 0.250001
0.14822 0.120684 0.731097
0.669556 0.330444 0
0.432916 0 0.567084
