0.126708 0.562655 0.310637
0.152638 0.597361 0.25
0.689082 0.0609181 0.25
0.240501 0.0915057 0.667994
0.478903 0.521097 0
0 0.0807491 0.919251
0.034469 0.285712 0.679819
8.96565e-17 1 0
0.60516 0.0158138 0.379026
0.59972 0.40028 0
0.16428 0.264078 0.571642
0.398663 0.601337 0
0 0 1
0.51919 0.48081 0
0.115749 0.0850039 0.799247
0.194438 0.0600068 0.745556
0.107359 0.470423 0.422218
0.475672 0 0.524328
0.00888109 0.68668 0.304439
0.432244 0.0879893 0.479767
0 0.462604 0.537396
0.117448 0.350429 0.532123
0.548705 0 0.451295
0.221517 0.528482 0.25
0.402568 0.0377988 0.559633
0.342527 0.381662 0.275811
0.438733 0.561267 0
0.391061 0.170699 0.43824
0.281394 0.136821 0.581784
0.158882 0.841118 0
0.357119 0.11091 0.531971
0.119126 0.880874 0
0.381086 0 0.618914
0.0723428 0.433717 0.493941
0.154794 0.133104 0.712102
0.12847 0.227752 0.643777
0.920299 0.0797007 0
0.0301343 0.394378 0.575488
0.0857637 0.0362629 0.877973
0.336052 0.270238 0.39371
0.285633 0.253466 0.460901
0.27843 0.72157 0
0.0396772 0.960323 0
0.241554 0.217994 0.540452
0.0918776 0.204924 0.703198
0.245126 0.333641 0.421232
0.96014 0.0398597 0
0.75 0 0.25
0.29416 0 0.70584
0.505777 0.174438 0.319785
0.0645218 0.602798 0.33268
0.201439 0.418382 0.38018
0.318286 0.0513162 0.630397
0 0.529061 0.470939
0.0837056 0.666294 0.25
0.15904 0.49669 0.344271
0.880435 0.119565 0
0 0.255139 0.744861
0.37361 0.302869 0.32352
0.509136 0.0608774 0.429986
0.244126 0.457307 0.298566
0.322188 0.186968 0.490844
0.198728 0.801272 0
0.459913 0.263938 0.276148
0.0682611 0.161424 0.770315
0.669492 0 0.330508
0.469194 0.135878 0.394928
0 0.620163 0.379837
0.0824221 0.311442 0.606136
0.760373 0.239627 0
0.559412 0.440588 0
0.287547 0.363342 0.349111
0.201952 0.301653 0.496395
0.800476 0.199524 0
0.23857 0.76143 0
0 0.187233 0.812767
0.84042 0.15958 0
0 0.75 0.25
0.639935 0.360065 0
0.593087 0.156913 0.25
0.158594 0.385661 0.455745
0.680149 0.319851 0
0 0.356202 0.643798
0.155277 0 0.844723
0.0496874 0.547773 0.402539
0.72024 0.27976 0
0.224705 0 0.775295
0.557861 0.0880902 0.354049
0.526434 0.223566 0.25
0.202013 0.17478 0.623206
0.620157 0.0946445 0.285198
0.42169 0.220261 0.358049
0.0584781 0 0.941522
0.309826 0.440174 0.25
0.0295384 0.11928 0.851181
0.318441 0.681559 0
1 0 0
0.358593 0.641407 0
0.0793814 0.920619 0
0.415746 0.334254 0.25
