0.0948752 0.0603157 0.844809
0.459743 0.167282 0.372975
0.435434 0.564566 0
0 0.0926616 0.907338
0.664686 0.335314 0
0.474369 0.525631 0
8.8901e-18 0.634878 0.365122
0.139356 0.153597 0.707047
0.410636 0.24671 0.342654
0.0109037 0.488222 0.500874
0.198592 0.301824 0.499585
0.740281 0.259719 0
0.273607 0.143598 0.582795
0.00624582 0.152162 0.841593
0.487439 0.262561 0.25
0.371315 0.378685 0.25
0.546083 0.119759 0.334159
1.05021e-17 0.75 0.25
0.322709 0.176424 0.500867
0.551125 0.448875 0
0.279115 0.720885 0
0.889427 0.110573 0
0.313755 0.0688078 0.617438
0.187937 0.500816 0.311247
0.227535 0.522465 0.25
0.368752 0.211231 0.420018
0.0106703 0.284202 0.705128
0.0697817 0.511964 0.418254
0.624851 0.089868 0.285281
0.160542 0.839458 0
1 0 0
0.411343 0.135329 0.453327
0.245103 0.337322 0.417575
0.0966436 0.653356 0.25
0.233411 0.433734 0.332855
0.187545 0.186847 0.625608
0.239686 0.760314 0
0.665878 0 0.334122
0.0629465 0.195423 0.741631
0 0.224093 0.775907
0.926306 0.0736941 0
0.58913 0.41087 0
0.594572 0.0321976 0.373231
0.106636 0.54393 0.349434
0.151296 0.265415 0.583289
0.100793 0.235944 0.663263
0.151634 0.460188 0.388178
0.396673 0.603327 0
0.282155 0.255597 0.462248
0.278593 0.374381 0.347025
0 0.4286 0.5714
0.815268 0.184732 0
0.451763 0.0625056 0.485731
0.483429 0 0.516571
0.104626 0.431097 0.464277
0.626802 0.373198 0
4.42854e-17 1.12258e-17 1
0.702725 0.297275 0
0 1 0
0.411104 0.0170899 0.571806
0.175317 0.383221 0.441462
4.98476e-18 0.355982 0.644018
0.318455 0.681545 0
0.0453502 0.0182405 0.936409
0.512774 0.487226 0
0.348953 0.337187 0.31386
0.428601 0.303555 0.267844
0.154234 0.585177 0.260589
0.362697 0 0.637303
0.556493 0 0.443507
0.235716 0.22163 0.542654
0.0402142 0.959786 0
0.50435 0.0846389 0.411011
0.510556 0.199834 0.28961
0.852201 0.147799 0
0.75 0 0.25
0.777771 0.222229 0
0.325318 0.290316 0.384365
7.85092e-18 0.560666 0.439334
0.0205117 0.690355 0.289134
0.357556 0.642444 0
0.0804795 0.91952 0
0.689634 0.0603663 0.25
0.200101 0.799899 0
0.195078 0 0.804922
0.0656435 0.316261 0.618096
0.364696 0.0982767 0.537027
0.120614 0.879386 0
0.11961 0 0.88039
0.161306 0.0806824 0.758011
0.58642 0.16358 0.25
0.963169 0.0368311 0
0.0783042 0.124379 0.797316
0.0705401 0.401904 0.527556
0.296371 0 0.703629
0.238004 0.0322533 0.729743
0.116079 0.341266 0.542655
0.0650603 0.609337 0.325602
0.298082 0.448771 0.253147
0.224042 0.107209 0.668748
