0.893114 0.106886 0
0.140854 0.0253996 0.833746
0.242758 0.507242 0.25
0.0701415 0.217124 0.712734
0.390926 0.157683 0.451391
0.785968 0.214032 0
0.283934 0.716066 0
0.75 0 0.25
0.157209 0.380354 0.462437
0.821757 0.178243 0
0.0134925 0.308145 0.678363
0.458476 0.134553 0.406971
0.0205035 0.0442628 0.935234
0.0861405 0.403381 0.510478
0.120443 0.462083 0.417475
7.22688e-17 1 0
1 0 0
0.144008 0.605991 0.25
0.647077 0.102922 0.25
0.160513 0.0762222 0.763265
0.141693 0.858307 0
0.211824 0.105693 0.682483
0.241054 0.346967 0.411979
5.43014e-18 0.249342 0.750658
0.035409 0.964591 0
0.714328 0.285672 0
0.588057 0.0190783 0.392865
0.606582 0.393418 0
0.355263 0.357188 0.287548
0.583021 0.130752 0.286227
0.275303 0.390445 0.334252
0.28359 0.267743 0.448667
0.189253 0.428614 0.382133
0.533383 0 0.466617
0.212777 0.787223 0
0.488601 0.177469 0.33393
0.0964977 0 0.903502
8.27721e-18 0.380073 0.619927
0.0700367 0.0877798 0.842183
0.355372 0.644628 0
0.478152 0.267332 0.254517
0.329502 0.306632 0.363867
0.651323 0 0.348677
0.102212 0.260652 0.637136
0.0708285 0.929172 0
0.155154 0.175047 0.669799
0.106253 0.893747 0
0 0.120253 0.879747
0.964402 0.0355983 0
0.570645 0.429355 0
0.928773 0.0712271 0
0.316476 0.433524 0.25
0.0215822 0.590114 0.388304
0.391103 0.608897 0
0.209822 0 0.790178
0.193909 0.312641 0.493451
0.371287 0.229293 0.39942
0 0.671222 0.328778
0.459405 0.0024914 0.538104
0.0166518 0.177614 0.805734
0.0657337 0.347109 0.587157
0.0394111 0.488921 0.471668
0.234099 0.234271 0.531629
0.191805 0.203428 0.604767
0.177202 0.822798 0
0.42695 0.57305 0
0.534696 0.465304 0
0.642504 0.357496 0
0.298815 0.0702813 0.630904
0.214328 0.470582 0.31509
0.426491 0.251156 0.322353
9.86664e-18 0.453057 0.546943
0.682785 0.0357308 0.281484
0.102686 0.532602 0.364711
0.34884 0.102797 0.548364
0.462876 0.537124 0
0.254687 0.0237901 0.721523
0.750163 0.249837 0
0.547602 0.0930027 0.359396
0.107156 0.142644 0.7502
0.314948 0.189102 0.49595
0.265687 0.149331 0.584982
0.545948 0.204052 0.25
0.0719864 0.678013 0.25
0.325241 0 0.674759
0.857454 0.142546 0
0.496689 0.0620609 0.44125
1.20495e-17 0.553291 0.446709
0 0.75 0.25
0.06507 0.621663 0.313267
0.678417 0.321583 0
0.165515 0.547096 0.287389
0.498749 0.501251 0
1.52682e-18 5.05149e-17 1
0.319672 0.680328 0
0.395241 0 0.604759
0.248344 0.751656 0
0.143915 0.293966 0.562118
0.421325 0.0764067 0.502268
0.414843 0.335157 0.25
