0.71552 0.28448 0
0.0782497 0.92175 0
0.305381 0.444619 0.25
0.138606 0.304111 0.557284
0.32841 0.341625 0.329964
0.675039 0.324961 0
0.37745 0.37255 0.25
0 0.75 0.25
0.256113 0.173253 0.570634
0.0222218 0.541333 0.436445
0.646141 0 0.353859
0.0391025 0.960897 0
0.233946 0.379144 0.38691
0.10559 0.622054 0.272356
0.179227 0.2083 0.612472
0.423174 0.305425 0.271401
0.358307 0.165157 0.476537
0.146431 0.535021 0.318548
0.877831 0.122169 0
0.327401 0.230343 0.442256
0.273708 0.414304 0.311988
0.235685 0.764315 0
0.572319 0.0242523 0.403429
0.158537 0.0998066 0.741656
0.837175 0.162825 0
0.394157 0.605843 0
0.537785 0 0.462215
0.634768 0.365232 0
0.283465 0.307314 0.409222
0.354463 0.645537 0
0.117462 0.882538 0
0.374498 0.268276 0.357227
0.191694 0.458879 0.349426
0 0.10933 0.89067
0.10547 0.498187 0.396343
0.063683 0.686317 0.25
0.314858 0.685142 0
0.400697 0.0844871 0.514816
0.0419157 0.360657 0.597427
0.0677334 0.455724 0.476542
0.918511 0.0814885 0
0.0887031 0.129845 0.781452
0.0692499 0.580386 0.350364
0.266504 0 0.733496
0.0847546 0.285967 0.629279
1 0 0
0.251044 0.265743 0.483212
0.323317 0.129856 0.546827
9.16286e-17 1 0
0.755978 0.244022 0
0.439974 0 0.560026
0.530019 0.149574 0.320407
0.196194 0.803806 0
0.75 0 0.25
0.59439 0.0766896 0.32892
0.417435 0.194552 0.388013
0.796493 0.203507 0
0 0.495753 0.504247
0.337327 0 0.662673
0.0766345 0.191627 0.731738
0.474028 0.525972 0
0.509581 0.0980639 0.392355
0 0.332615 0.667385
0.368741 0.0365515 0.594707
0.149192 0.418635 0.432173
3.93198e-18 1.0709e-16 1
0.151637 0 0.848363
0.194295 0.141873 0.663832
0.0989517 0.382736 0.518313
0.285109 0.0901146 0.624776
0.196098 0.0205284 0.783374
0.00479817 0.671203 0.323999
0.686387 0.0336624 0.279951
0.177385 0.572615 0.25
0.234944 0.502578 0.262478
0.0852538 0 0.914746
0 0.609237 0.390763
0.156779 0.843221 0
0.0249264 0.266873 0.7082
0.496463 0.253537 0.25
0 0.428029 0.571971
0.216125 0.244302 0.539573
0 0.222452 0.777548
0.570785 0.179215 0.25
0.554118 0.445882 0
0.102762 0.0659567 0.831281
0.475695 0.0387268 0.485579
0.514025 0.485975 0
0.464711 0.221175 0.314114
0.188352 0.342044 0.469604
0.0203943 0.0444941 0.935112
0.594441 0.405559 0
0.117993 0.21809 0.663917
0.442571 0.12596 0.431469
0.27522 0.72478 0
0.0196363 0.153419 0.826945
0.959219 0.0407811 0
0.434026 0.565974 0
0.642238 0.107762 0.25
0.238884 0.0640192 0.697097
