0.336063 0.663937 0
1.98039e-18 0.102545 0.897455
0.604934 0.395066 0
0.450466 0.549534 0
0.0870881 0 0.912912
4.95232e-18 0.168396 0.831604
0.599501 0.150499 0.25
0 0.405454 0.594546
0.192492 0.292368 0.51514
0.134333 0.615667 0.25
0.419612 0 0.580388
0.53429 0.158674 0.307036
0 0.337322 0.662678
0.210139 0.17091 0.618951
0.293198 0.400159 0.306644
0.667677 0 0.332323
0.244088 0 0.755912
0.111133 0.888867 0
0.484353 0.11726 0.398387
0.689884 0.0601162 0.25
0.223048 0.776952 0
0.0671653 0.682835 0.25
0.301053 0.12046 0.578488
0.382192 0.197013 0.420795
9.81803e-18 0.508379 0.491621
0.388439 0.0717198 0.539841
0.137707 0.0896379 0.772655
0.75 0 0.25
0.0329152 0.266382 0.700702
0.348157 0.0324365 0.619406
1 0 0
0.457357 0.18512 0.357523
0.412222 0.587778 0
0.185633 0.814367 0
0.0792015 0.468728 0.45207
2.20565e-17 0.75 0.25
0.0307852 0.550644 0.41857
0.325249 0.27442 0.400332
0.355211 0.310774 0.334015
0.260496 0.739504 0
0.081576 0.588644 0.32978
0.31699 0.43301 0.25
0.451272 0.298728 0.25
0.527251 0.472749 0
0.565848 0.434152 0
0.120353 0.220341 0.659306
0.517298 0.232025 0.250677
0.682943 0.317057 0
0.567105 0.0704677 0.362428
0.0125972 0.670549 0.316854
0.384775 0.360111 0.255114
0.0858417 0.179518 0.73464
0.0710901 0.305215 0.623695
0.17442 0 0.82558
0.243147 0.506853 0.25
0.643777 0.356223 0
0.0382862 0.433702 0.528011
0.72219 0.27781 0
0.298167 0.701833 0
0.172277 0.546958 0.280764
1.19422e-17 0.61837 0.38163
0.0623605 0.129896 0.807743
0.121123 0.513166 0.365711
0.232953 0.322456 0.444591
0.880232 0.119768 0
0.212654 0.0599176 0.727428
0.488878 0.511122 0
0.0370426 0.962957 0
0.272881 0.356744 0.370374
0.0238613 0.0393181 0.936821
0.840563 0.159437 0
0.133779 0.3793 0.486921
0.920148 0.0798518 0
0.342629 0.156845 0.500526
0.20318 0.400676 0.396144
0.249201 0.205503 0.545296
0.259925 0.0863399 0.653735
0.149207 0.438483 0.41231
0.16947 0.137279 0.693251
0.0740503 0.92595 0
0.800974 0.199026 0
0.374128 0.625872 0
0.0977038 0.346205 0.556092
6.88851e-18 0.234234 0.765766
0.96011 0.0398896 0
0.619095 0.0892905 0.291615
0.761384 0.238616 0
0.433062 0.098555 0.468383
0.313883 0 0.686117
0.148377 0.851623 0
0.596337 0 0.403663
0.488816 0 0.511184
0.523193 0.0320848 0.444722
0.213141 0.45957 0.327289
0.425015 0.255764 0.319222
0.287533 0.239701 0.472766
0.0999871 0.0485595 0.851453
6.69304e-18 4.88181e-17 1
0 1 0
0.157852 0.256461 0.585687
