3.07342e-18 0.543284 0.456716
0.345444 0.0470479 0.607508
0.551832 0.448168 0
0.0182478 0.473238 0.508514
4.45909e-18 0.315394 0.684606
0.313873 0 0.686127
0.438341 0.311658 0.25
6.6891e-18 0.0573289 0.942671
0.281794 0.213751 0.504455
0.432069 0.567931 0
3.48038e-18 0.615221 0.384779
0.0438522 0.0786792 0.877469
0.242867 0.493969 0.263164
0.234365 0.765635 0
0.269208 0.33344 0.397352
0.20288 0 0.79712
0.63245 0.36755 0
0.555966 0.0900635 0.35397
0.116972 0.883028 0
0.470508 0.128904 0.400587
0.204084 0.121583 0.674333
0.512012 0.487988 0
0.630124 0.0578682 0.312008
0.311282 0.438718 0.25
1.20145e-18 0.212379 0.787621
0.117122 0.300897 0.581981
0.67421 0 0.32579
0.030242 0.350115 0.619643
0.195147 0.804853 0
0.0837521 0 0.916248
0.028698 0.24796 0.723342
0.472178 0.527822 0
0.134982 0.475155 0.389863
8.34468e-19 0.147508 0.852492
0.15908 0.522991 0.317929
0.75 0 0.25
0.598874 0.140201 0.260926
0.713689 0.286311 0
0.185163 0.564837 0.25
0.378255 0.279897 0.341847
0.529703 0.0367466 0.43355
0.449682 0.0835611 0.466757
0.0389598 0.96104 0
0.084162 0.260451 0.655387
1.96025e-17 1 0
0.062738 0.5151 0.422162
0.392389 0.607611 0
0.077952 0.922048 0
0.79517 0.20483 0
0.59195 0.40805 0
0.245946 0.0293107 0.724743
0.132392 0.0218078 0.845801
0.165524 0.0777714 0.756705
2.38883e-18 0.422269 0.577731
0.42064 0.206411 0.372949
0.0116071 0.667712 0.320681
0.161352 0.211593 0.627055
9.43726e-17 1.66497e-17 1
0.917878 0.0821224 0
0.315093 0.134331 0.550576
0.0662628 0.180903 0.752835
0.156051 0.843949 0
0.352689 0.647311 0
0.672968 0.327032 0
0.131514 0.161509 0.706977
0.754383 0.245617 0
0.238755 0.171349 0.589896
0.877009 0.122991 0
0.498295 0 0.501705
0.508567 0.16758 0.323853
0.18687 0.385976 0.427154
1.06036e-17 0.75 0.25
0.598498 0 0.401502
0.280552 0.406667 0.312781
0.328804 0.344444 0.326752
0.212654 0.436032 0.351314
0.958916 0.0410843 0
0.066842 0.683158 0.25
0.673858 0.0761416 0.25
0.403465 0 0.596535
0.468598 0.246048 0.285354
0.425499 0.0347229 0.539778
0.154574 0.341642 0.503784
0.385058 0.107473 0.507469
0.113959 0.616422 0.26962
0.0749733 0.384515 0.540511
0.273726 0.726274 0
0.235702 0.295586 0.468711
0.367225 0.178497 0.454278
0.374656 0.368681 0.256663
0.275303 0.0862658 0.638432
0.080078 0.572995 0.346927
0.541243 0.208757 0.25
0.198176 0.255063 0.546761
0.836127 0.163873 0
0.313199 0.686801 0
0.325338 0.254006 0.420656
1 0 0
0.103889 0.43007 0.466041
0.0907178 0.108935 0.800347
