0.429683 0 0.570317
0.529573 0 0.470427
0.923813 0.0761867 0
0.0873283 0.548714 0.363958
0 0.23138 0.76862
0.167102 0.832898 0
0.40304 0.34696 0.25
0.313399 0.24799 0.438611
0.0394201 0.327561 0.633019
0.232224 0.154267 0.613509
0.0397737 0.626713 0.333513
0.502084 0.0864655 0.41145
0 0.396196 0.603804
0.429624 0.234378 0.335998
0.34948 0.164216 0.486304
0.373048 0.626952 0
0.613397 0.386603 0
0.0780031 0.423815 0.498182
0.61876 0.13124 0.25
0.542856 0.176589 0.280555
0.116639 0.133699 0.749662
0.653142 0.346858 0
0.0709129 0.00975985 0.919327
0.00550441 0.0598283 0.934667
0.127114 0.595253 0.277633
0.464889 0.0359924 0.499119
0.160195 0.185758 0.654047
0.0838974 0.0815637 0.834539
0.332126 0.667874 0
0.198007 0.235648 0.566345
0.770005 0.229995 0
0.0837037 0.916296 0
0.159534 0.384733 0.455733
0.206677 0 0.793323
0.00690801 0.453557 0.539535
0.291199 0.708801 0
0.194852 0.101412 0.703735
0 1 0
0.80858 0.19142 0
0.75 0 0.25
0.692472 0.307528 0
0.0838613 0.666139 0.25
0.30319 0.369304 0.327506
0.279953 0 0.720047
0.170351 0.317525 0.512125
0.270085 0.479915 0.25
0 0.75 0.25
0.573894 0.426106 0
0.0886781 0.242965 0.668357
1 0 0
0.885563 0.114437 0
0.731453 0.268547 0
0.260951 0.0737799 0.665269
0.534051 0.465949 0
0.354812 0 0.645188
0.125298 0.874702 0
0 0.691518 0.308482
0.510605 0.239395 0.25
0.208623 0.791377 0
0.352757 0.292777 0.354466
0.0667434 0.204533 0.728724
0.483654 0.158213 0.358133
0.446054 0.28247 0.271476
0.665828 0 0.334172
0.592885 0.0924331 0.314682
0 0.595973 0.404027
0.165926 0.0597795 0.774294
0.338408 0.407063 0.254528
0.0292528 0.163529 0.807219
0.454293 0.545707 0
0.564354 0.060986 0.37466
0.125683 0.277558 0.596759
5.88892e-17 1.07644e-16 1
0 0.299592 0.700408
0.260477 0.333457 0.406066
0.0585568 0.49989 0.441554
0.133421 0 0.866579
0.392516 0.201281 0.406203
0.210219 0.412895 0.376886
0.597722 0 0.402278
0.249958 0.750042 0
0.242817 0.449692 0.30749
0.38623 0.0835086 0.530261
0.9619 0.0381003 0
0.196376 0.553624 0.25
0 0.524451 0.475549
0.272294 0.20354 0.524166
0.413817 0.586183 0
0.304792 0.125214 0.569993
0.165547 0.50463 0.329823
0 0.125245 0.874755
0.847127 0.152873 0
0.684905 0.0561443 0.258951
0.494192 0.505808 0
0.041871 0.958129 0
0.0932049 0.356565 0.55023
0.334335 0.0553136 0.610352
0.235671 0.285022 0.479307
0.429672 0.123128 0.4472
0.129749 0.461506 0.408745
