0.0390292 0.0227919 0.938179
0.0576728 0.144936 0.797391
0.157658 0.153426 0.688916
0.682693 0.317307 0
0 0.664046 0.335954
0.801608 0.198392 0
0.75 0 0.25
0.0444205 0.684853 0.270727
0.607478 0.0627372 0.329784
0.406135 0.343865 0.25
0.0882468 0.197004 0.714749
0.0856138 0.477966 0.43642
0.420958 0.106831 0.472211
0.283389 0.716611 0
0.585096 0.145248 0.269656
0.240213 0.105456 0.654331
0.423114 0 0.576886
0.121743 0.878257 0
0 0.75 0.25
0.23407 0.218092 0.547838
0.21548 0.345164 0.439356
0.319573 0.0766235 0.603803
0.920614 0.0793858 0
0.33329 0.41671 0.25
0.563532 0.436468 0
0.166323 0.016656 0.817021
0.20813 0.471737 0.320134
0.109733 0.640267 0.25
0.112303 0 0.887697
0.331352 0.161664 0.506983
0.443817 0.556183 0
0.880954 0.119046 0
4.94483e-17 1 0
0.0129913 0.515618 0.47139
0.403881 0.596119 0
0.078333 0.291611 0.630056
0.14682 0.256114 0.597066
1.45586e-17 0.338539 0.661461
0.186618 0.29885 0.514532
7.17642e-18 0.166877 0.833123
0.761938 0.238062 0
0.127524 0.104512 0.767965
0.199225 0.550775 0.25
0.0346259 0.26888 0.696494
0.49977 0.181501 0.318729
0.722324 0.277676 0
0.0796598 0.0702253 0.850115
0.387261 0.0676735 0.545065
1 0 0
0.243156 0.756844 0
0.139062 0.386109 0.474829
0.309506 0.364906 0.325588
0.162255 0.837745 0
0.841278 0.158722 0
0.456691 0.148335 0.394974
0.053903 0.59903 0.347067
0.285676 0.02069 0.693634
0.105268 0.341106 0.553626
0.629867 0 0.370133
0.189678 0.186642 0.62368
0.0659497 0.423064 0.510987
0.363757 0.636243 0
0.265041 0.482752 0.252208
0.603206 0.396794 0
0.0811708 0.918829 0
0.0207424 0.384239 0.595018
0.37957 0.310512 0.309918
0.27406 0.248626 0.477315
2.49191e-17 0.579455 0.420545
0.235888 0 0.764112
0.323628 0.676372 0
0.523636 0.476364 0
0.280403 0.142874 0.576723
0 0.0960744 0.903926
0.372987 0.194262 0.432751
0.483744 0.516256 0
0.505021 0.0683584 0.42662
0.960302 0.0396981 0
1.9613e-17 0.456071 0.543929
0.466638 0.272507 0.260854
0.654724 0.0952758 0.25
0.284559 0.308485 0.406957
0.245603 0.399753 0.354643
0.643048 0.356952 0
0.423211 0.229696 0.347093
0.353104 0 0.646896
0.0406325 0.959368 0
0.541707 0.100405 0.357888
1.02219e-17 0.237696 0.762304
0.137982 0.567823 0.294195
0.112227 0.521163 0.36661
0.689467 0.0178948 0.292638
0.200284 0.0707026 0.729013
0.478033 0.0136327 0.508335
9.42602e-17 4.45177e-17 1
0.202767 0.797233 0
0.535589 0.214411 0.25
0.346411 0.269698 0.383891
0.553025 0 0.446975
0.166836 0.43473 0.398435
