0.0617627 0.217036 0.721201
0.872111 0.127889 0
8.2747e-17 1 0
0.183717 0.479836 0.336447
0 0.244057 0.755943
0.345927 0.14704 0.507033
0.473559 0.0152151 0.511226
0.17534 0 0.82466
0.62902 0.0760452 0.294935
0.0406559 0.959344 0
0.225899 0.265094 0.509007
0.139931 0.181081 0.678988
0.409599 0.590401 0
0.180733 0.223711 0.595556
0.258983 0.0700838 0.670933
0.192045 0.341801 0.466154
0.379397 0.370603 0.25
0.0753504 0.474664 0.449986
0.660464 0.339536 0
0.75 0 0.25
0.308949 0.226195 0.464856
0.0813145 0.918685 0
0.509709 0.179288 0.311004
0.277172 0.30378 0.419048
0.829577 0.170423 0
0.429345 0.102259 0.468395
0.693341 0.0566588 0.25
0.131412 0.0672045 0.801384
0.702646 0.297354 0
0.957337 0.0426633 0
0.473771 0.276229 0.25
0.0282363 0.445561 0.526202
1 0 0
0.0753759 0.594245 0.330379
0.0264646 0.556254 0.417281
0.418444 0 0.581556
1.50573e-17 0.621129 0.378871
1.81814e-17 0.75 0.25
0.223472 0.0190919 0.757436
0.109179 0.519002 0.37182
0 0.312086 0.687914
0.744854 0.255146 0
0 0.514084 0.485916
0.0842886 0.3663 0.549411
0.148912 0.435105 0.415983
1.40392e-17 1.37164e-17 1
0.156229 0.559111 0.28466
0 0.407755 0.592245
0.285505 0.714495 0
0.335387 0.341571 0.323042
0 0.685552 0.314448
0.43491 0.225861 0.339229
0.914703 0.085297 0
0.54432 0 0.45568
0.53465 0.46535 0
0.119641 0.391032 0.489327
0.667174 0 0.332826
0.244609 0.755391 0
0.60524 0.14476 0.25
0.0632068 0.673387 0.263406
0.539428 0.210572 0.25
0.597625 0.0175989 0.384776
0.216863 0.394031 0.389106
0 0.17596 0.82404
0.107048 0 0.892952
0.36817 0.63183 0
0.0401809 0.338604 0.621216
0.618569 0.381431 0
0.042051 0.0229484 0.935001
0.124601 0.625399 0.25
0.177432 0.102472 0.720095
0.220893 0.145614 0.633493
0.0498525 0.101746 0.848402
0.576635 0.423365 0
0.509115 0.0688191 0.422066
0.223877 0.526123 0.25
0.390374 0.185011 0.424615
0.492848 0.507152 0
0.304831 0.103804 0.591365
0.264339 0.18545 0.55021
0.357269 0.264737 0.377994
0.326764 0.673236 0
0.383969 0.0694157 0.546615
0.203493 0.796507 0
0.162675 0.837325 0
0.451105 0.548895 0
0.0937875 0.262494 0.643719
0.121973 0.878027 0
0.090215 0.143967 0.765818
0.348027 0.0169027 0.63507
0.139957 0.299126 0.560917
0.554364 0.103786 0.34185
0.787225 0.212775 0
0.273598 0.376701 0.349701
0.407897 0.303805 0.288298
0.253258 0.455266 0.291476
0.316438 0.433562 0.25
0.294656 0 0.705344
0 0.0879351 0.912065
0.469012 0.144375 0.386612
