0.0158066 0.494965 0.489229
0.0388178 0.961182 0
0.315388 0.275007 0.409605
0.179269 0.546879 0.273852
0.551848 0.448152 0
0.581265 0.168735 0.25
0.876903 0.123097 0
0.218722 0.0276288 0.753649
0.149869 0.36788 0.482251
0.26286 0.398565 0.338576
0.02925 0.139806 0.830944
2.64822e-17 3.00814e-18 1
4.52344e-18 0.565716 0.434284
1.70304e-17 0.75 0.25
0.231236 0.19748 0.571284
0.257408 0.0722991 0.670293
2.27073e-17 1 0
0.392057 0.607943 0
0 0.0999539 0.900046
0.0712355 0.406129 0.522636
0.127506 0.0844351 0.788059
0.170719 0.114395 0.714886
0.0801429 0.0624585 0.857399
0.795158 0.204842 0
0.536211 0.0315336 0.432255
0.12023 0.199798 0.679972
0.676553 0 0.323447
0.033372 0.0264687 0.940159
0.155656 0.844344 0
0.10687 0 0.89313
0.511716 0.488284 0
0.273313 0.726687 0
0.471757 0.528243 0
0.351512 0.372995 0.275493
0.233966 0.766034 0
0.0957829 0.581217 0.323
0.292128 0.339948 0.367924
0.431896 0.568104 0
0.379041 0.300628 0.320331
1 0 0
0.572342 0.0841537 0.343504
5.47553e-18 0.684788 0.315212
0.499329 0.250671 0.25
0.0281136 0.24878 0.723106
0.266225 0.245078 0.488696
0.754469 0.245531 0
0.603116 0 0.396884
0.426847 0.323153 0.25
0.713638 0.286362 0
0.592043 0.407957 0
0.75 0 0.25
0.143383 0.49764 0.358977
0.395561 0.059047 0.545392
0.370491 0.127487 0.502022
0 0.320029 0.679971
0.0678563 0.531182 0.400962
0.0776793 0.922321 0
0.0707336 0.670522 0.258744
0.917909 0.0820913 0
0.0753779 0.282203 0.64242
0.496142 0.117978 0.38588
0.29095 0 0.70905
0.107984 0.326403 0.565613
0.395168 0.236557 0.368274
0.343472 0.201823 0.454705
0.0825743 0.164033 0.753393
0.24682 0.50318 0.25
0.49689 0 0.50311
0.311933 0.0940969 0.59397
0.632458 0.367542 0
0.835986 0.164014 0
0.219059 0.464848 0.316093
0.314872 0.435128 0.25
0.184869 0.414277 0.400854
0.194759 0.805241 0
0.423012 0 0.576988
0.352258 0.647742 0
0.0200651 0.369984 0.609951
0.673057 0.326943 0
0.453411 0.0805081 0.466081
0.636941 0.059833 0.303226
0.179308 0 0.820692
0.135614 0.614386 0.25
0.103636 0.452559 0.443805
0.189102 0.285016 0.525882
0.155115 0.240023 0.604862
0.66567 0.0843298 0.25
0.537422 0.15452 0.308058
0.230353 0.326901 0.442746
0.295815 0.16474 0.539445
0.208822 0.150762 0.640417
0.46359 0.205505 0.330905
0.351194 0.010174 0.638632
0.312764 0.687236 0
0.958916 0.0410841 0
0.116645 0.883355 0
0.0179509 0.620008 0.362041
0.421036 0.160196 0.418769
0 0.208804 0.791196
1.00024e-17 0.440495 0.559505
