0.222076 0 0.777924
0.589014 0.160986 0.25
0.0979727 0.20447 0.697557
0.225447 0.774553 0
0.881124 0.118876 0
0.530322 0.469678 0
0.312357 0.240765 0.446879
0.475373 0.157852 0.366775
0.568837 0.431163 0
0.627582 0.0872962 0.285122
0.269903 0.328361 0.401736
0.920745 0.0792551 0
0.237359 0.415922 0.346718
0.263307 0.736693 0
0.960329 0.0396709 0
0.55265 0.115747 0.331603
0.303975 0.374283 0.321742
0 0.169939 0.830061
0.841664 0.158336 0
0 0.634612 0.365388
0.0709377 0.143219 0.785843
0.148854 0.339345 0.5118
0.157824 0.460249 0.381927
0 0.371439 0.628561
0.20099 0.238477 0.560533
0.131807 0.547001 0.321192
0.60754 0.39246 0
0.0308018 0.0975806 0.871618
0.646293 0.353707 0
0 0 1
0.354111 0 0.645889
0.301178 0.698822 0
0.222471 0.105555 0.671975
0.553647 0 0.446353
0.280974 0.00967924 0.709346
0.192375 0.376361 0.431264
1.20446e-17 1 0
0.11254 0.88746 0
0.0375011 0.962499 0
0.395003 0.196245 0.408753
0.690723 0.0592773 0.25
0.1724 0.177824 0.649776
0 0.0628471 0.937153
0.399259 0.350741 0.25
0.359019 0.154944 0.486037
0.02381 0.220446 0.755744
0.0227679 0.686596 0.290636
0.111127 0.062591 0.826282
0.130875 0.25685 0.612274
0.42774 0 0.57226
0.491855 0.508145 0
0.0519829 0.395508 0.552509
0.150147 0.849853 0
0.247861 0.153278 0.59886
0.4332 0.237488 0.329313
0.0749958 0.925004 0
0.110899 0.424293 0.464808
0.347616 0.280331 0.372052
0.339129 0.660871 0
0.378902 0.317429 0.303669
0.0948453 0.322556 0.582599
0 0.559482 0.440518
0 0.75 0.25
0.137698 0.114846 0.747457
0.0350384 0.48355 0.481412
1 0 0
0.167146 0.582854 0.25
0.685172 0.314828 0
0.7239 0.2761 0
0.76293 0.23707 0
0.398206 0.0702445 0.53155
0.303992 0.0659764 0.630031
0.150765 0 0.849235
0.195895 0.0697017 0.734404
0.230848 0.287517 0.481635
0.802244 0.197756 0
0.0973194 0.652681 0.25
0.519291 0.202708 0.278001
0.0442528 0.297314 0.658434
0.453672 0.546328 0
0.0628093 0.595904 0.341286
0.0834455 0.512176 0.404378
0.476998 0.273002 0.25
0.438952 0.109462 0.451586
0.187762 0.812238 0
0.328851 0.10724 0.563909
0.32137 0.42863 0.25
0.0794735 0 0.920526
0.207801 0.485268 0.306931
0.48334 0.0170912 0.499569
0.514587 0.0744683 0.410945
0.41538 0.58462 0
0.59881 0.0269307 0.374259
0.244226 0.505774 0.25
0.75 0 0.25
0 0.459735 0.540265
0.279734 0.197336 0.52293
0.667226 0 0.332774
1.91175e-18 0.278509 0.721491
0.377212 0.622788 0
