0.434181 0.290481 0.275337
0.803637 0.196363 0
0.139361 0.171337 0.689302
0.112656 0.288584 0.59876
0.216488 0.459501 0.32401
0.0808279 0 0.919172
0.0883617 0.911638 0
0 0.58498 0.41502
0.156684 0.331793 0.511523
0.611629 0.388371 0
0.598309 0.101629 0.300062
0.380999 0.154787 0.464214
0.103698 0.15498 0.741322
0.5515 0.0661472 0.382353
0.661936 0.0880639 0.25
0.0762086 0.3654 0.558392
0.217282 0.774155 0.00893416
0.643005 0 0.356995
0.455137 0 0.544863
0.189936 0.25566 0.554404
0.349592 0.319051 0.331357
0.299747 0.0774436 0.62281
0.573621 0.426379 0
0.425899 0.178262 0.39584
0.216957 0.117725 0.665318
0.0280412 0.446798 0.525161
0.53596 0.46404 0
0.0212197 0.213671 0.76511
0 0.75 0.25
0.499044 0.500956 0
0.385183 0.0226775 0.592139
0.515996 0.140653 0.343351
0.685031 0.0229137 0.292055
1.07553e-16 1 0
0.0438393 0.687601 0.26856
4.01914e-21 1.0061e-16 1
0.235867 0 0.764133
0 0.284754 0.715246
0.764707 0.235293 0
1.20893e-18 0.165558 0.834442
0.0838223 0.599264 0.316914
0 0.0587063 0.941294
1 0 0
0.0774063 0.24869 0.673903
0.420434 0.0737975 0.505768
0 0.402985 0.597015
0.166311 0.440016 0.393673
0.342084 0.112357 0.545559
0.236251 0.301414 0.462334
0.337286 0 0.662714
0.881629 0.118371 0
0.270536 0.350158 0.379306
0.165945 0.0807288 0.753327
0.259526 0.157552 0.582923
0.318073 0.431927 0.25
0.176666 0.823334 0
0.0277707 0.0922443 0.879985
0.469525 0.101891 0.428583
0.649493 0.350507 0
0.0830725 0.480537 0.436391
0.687474 0.312526 0
0.316325 0.683675 0
0 0.656831 0.343169
0.0441823 0.955818 0
0.506828 0.0189012 0.474271
0.0578607 0.554005 0.388134
0.248349 0.703863 0.0506926
0.391718 0.358282 0.25
0.573391 0.176609 0.25
0.250641 0.230959 0.5184
0.132508 0.867492 0
0.726125 0.273875 0
0.175634 0.558789 0.265576
0.24429 0.50571 0.25
0.425702 0.574298 0
0.0763035 0.118052 0.805644
0 0.513091 0.486909
0.200371 0.376003 0.423625
0.574261 0 0.425739
0.319968 0.262059 0.417974
0.75 0 0.25
0.310793 0.197123 0.492084
0.170653 0.206012 0.623335
0.352717 0.647283 0
0.392945 0.244174 0.362882
0.503536 0.246464 0.25
0.0223458 0.333296 0.644359
0.112545 0.0401082 0.847346
0.842431 0.157569 0
0.474318 0.209816 0.315866
0.960445 0.0395549 0
0.115699 0.40731 0.476992
0.261845 0.0358596 0.702295
0.118443 0.631557 0.25
0.389158 0.610842 0
0.29293 0.399511 0.307559
0.176394 0 0.823606
0.134788 0.517071 0.348141
0.462308 0.537692 0
0.920936 0.0790639 0
