0.844568 0.155432 0
0.242159 0.307018 0.450823
1.30829e-17 1 0
0.0377288 0.472652 0.489619
0.164934 0.835066 0
5.34698e-17 2.04135e-18 1
0.489644 0.510356 0
0.615671 0.134329 0.25
0.40915 0.59085 0
0.27572 0.336295 0.387986
0.129911 0.306265 0.563824
0.368892 0.631108 0
0.438086 0.278598 0.283317
0.132879 0.424168 0.442953
0.22816 0.0631333 0.708707
0.53443 0 0.46557
2.32571e-17 0.441624 0.558376
0.75 0 0.25
0.275543 0.0871553 0.637301
0.648635 0.351365 0
0.460145 0.104164 0.435691
0.609039 0.390961 0
0.805627 0.194373 0
0.476185 0.0303894 0.493426
0.246888 0.753112 0
0.0428743 0.574676 0.38245
0.688121 0.311879 0
0.0827105 0.917289 0
2.86338e-17 0.54372 0.45628
0.0578683 0.341669 0.600462
0.383442 0.149003 0.467555
0.0413417 0.958658 0
0.256474 0 0.743526
0.261721 0.455155 0.283124
0.205812 0.794188 0
0.322182 0.169158 0.50866
0.159741 0.224217 0.616042
0.406042 0.343958 0.25
0.551032 0.0467478 0.40222
0.52966 0.47034 0
0.624134 0 0.375866
0.0891829 0.500853 0.409964
0.279824 0.230308 0.489869
0.20369 0.264406 0.531904
0.588137 0.0860021 0.325861
0.287636 0.712364 0
0.334373 0.415627 0.25
0.232634 0.517366 0.25
0.18779 0.0133828 0.798828
0.0831219 0.666878 0.25
0.193676 0.142723 0.663601
0.365279 0.290601 0.34412
0.140505 0.532089 0.327405
4.23758e-18 0.0804664 0.919534
0.449432 0.550568 0
0.151857 0.100071 0.748073
0.129723 0 0.870277
0.76631 0.23369 0
0.727275 0.272725 0
0.362886 0.0314882 0.605626
1.15942e-17 0.75 0.25
0.43305 0 0.56695
0.113811 0.185327 0.700862
1.94622e-17 0.369563 0.630437
0.311859 0.118358 0.569783
0.328288 0.671712 0
0.682879 0.0671206 0.25
0.0868879 0.390556 0.522556
0.961207 0.0387926 0
0.922349 0.077651 0
0.547463 0.173613 0.278924
0.101667 0.0671191 0.831214
0.316125 0.369705 0.31417
0.670367 0.0157001 0.313933
0.234481 0.409635 0.355884
0.413888 0.191322 0.39479
0.508177 0.241823 0.25
0.459424 0.212084 0.328492
0.398709 0.0783809 0.52291
0.0269747 0.229796 0.743229
0.0188462 0.685677 0.295477
0.238972 0.179958 0.58107
0.0277197 0.112105 0.860175
0.331962 0.24784 0.420199
0.0808622 0.264455 0.654683
0.0748802 0.145837 0.779283
0.123897 0.876103 0
0.504725 0.133815 0.36146
0.0957809 0.605084 0.299135
0.327092 0 0.672908
0.169218 0.580782 0.25
0.173688 0.457458 0.368855
1.56604e-17 0.297372 0.702628
6.66315e-19 0.186063 0.813937
0.883534 0.116466 0
0.569382 0.430618 0
0.0579368 0.00868422 0.933379
8.37544e-18 0.640182 0.359818
0.172056 0.352078 0.475866
1 0 0
