0.75 0 0.25
0.215148 0 0.784852
0.0753283 0.136273 0.788399
0.630361 0.0787901 0.290849
0.346272 0.0395289 0.614199
0.507403 0.242597 0.25
0.241918 0.161308 0.596774
0.788091 0.211909 0
0.872681 0.127319 0
0.482081 0.127453 0.390467
0.15762 0.59238 0.25
0.461142 0.538858 0
0.558769 0.098897 0.342334
0.374018 0.221702 0.40428
0 0.75 0.25
0.150182 0.849818 0
0.513112 0.0602979 0.42659
0.33287 0.172937 0.494193
0.280338 0.0899808 0.629682
0.705509 0.294491 0
0.541195 0.458805 0
0.160146 0.476482 0.363372
0.477354 0.000732828 0.521913
0.125806 0.423813 0.450381
0.146124 0 0.853876
0.0242718 0.339706 0.636022
0.226498 0.773502 0
0.440305 0.309695 0.25
0.60113 0.017877 0.380993
0.188933 0.25184 0.559227
0.0798558 0.510617 0.409527
0.0856326 0.628779 0.285588
0.153786 0.343091 0.503123
0.161255 0.0862907 0.752454
0.371966 0.34671 0.281324
0.113287 0.172608 0.714105
0.549355 0 0.450645
0.19858 0.125475 0.675945
0.531289 0.174937 0.293775
0.830298 0.169702 0
0.249204 0.334006 0.41679
0.0290123 0.597893 0.373095
0.336617 0.413383 0.25
0.222088 0.294307 0.483605
0.600466 0.149534 0.25
0 0.667335 0.332665
0.746656 0.253344 0
0.668716 0 0.331284
0.501149 0.498851 0
0.0772275 0.000976179 0.921796
0 0.408326 0.591674
0.0777953 0.377616 0.544589
0.0559793 0.455621 0.4884
0.188288 0.811712 0
0.110293 0.0615991 0.828108
0.110723 0.297636 0.591641
0.664236 0.335764 0
0.0755263 0.253092 0.671382
0.412256 0 0.587744
0.436463 0.0727399 0.490797
0.0212917 0.221512 0.757196
0.382055 0.617945 0
0.957574 0.0424263 0
0.264655 0.735345 0
0 0.557211 0.442789
0.623016 0.376984 0
0.357337 0.0999495 0.542714
0 0.0629621 0.937038
0.413349 0.267224 0.319427
0.915105 0.0848953 0
0.342469 0.657531 0
0.333353 0.300049 0.366598
0.0583169 0.691683 0.25
0.287987 0.374339 0.337674
4.16334e-17 1 0
0.303458 0.696542 0
1 0 0
0 0.48267 0.51733
0 0.172026 0.827974
0.315163 0 0.684837
0.266708 0.204865 0.528427
0.246269 0.0382552 0.715476
0.692832 0.0571679 0.25
8.30361e-20 1.10939e-16 1
0.267819 0.482181 0.25
0.581903 0.418097 0
0.112639 0.887361 0
0.0749881 0.925012 0
0.453235 0.197794 0.34897
0.0288878 0.0984285 0.872684
0.421586 0.578414 0
0.239787 0.442834 0.317379
0.199298 0.524262 0.27644
1.21685e-17 0.292277 0.707723
0.407449 0.146956 0.445595
0.0374346 0.962565 0
0.15642 0.209013 0.634567
0.115436 0.553675 0.330889
0.298385 0.25385 0.447766
0.200163 0.399423 0.400414
