0.223396 0.776604 0
0.960197 0.0398031 0
0.0946327 0.252686 0.652681
0.92036 0.0796399 0
0.64431 0.35569 0
0.0145665 0.525677 0.459756
0.179768 0 0.820232
0.265968 0.414997 0.319035
0.475439 0.152694 0.371867
0.56688 0.43312 0
1.56844e-17 0.358391 0.641609
0.0671606 0.100737 0.832103
0.120374 0.590843 0.288783
0.190851 0.207217 0.601932
0.0241908 0.399987 0.575822
0.0145667 0.0310322 0.954401
0.298769 0.701231 0
0.159634 0.428543 0.411823
0.684782 0.0394196 0.275798
0.559849 0.190151 0.25
0.840889 0.159111 0
0.185533 0.475402 0.339066
0.296825 0 0.703175
0.131948 0.380946 0.487107
0.528178 0.471822 0
0.337132 0.180715 0.482153
0.527091 0.167579 0.30533
0.469717 0.0388314 0.491452
0.438908 0 0.561092
0.587749 0.0876708 0.32458
0.228849 0.0198139 0.751337
0.0680191 0.424231 0.50775
0.346659 0.375899 0.277443
0.140057 0.0660783 0.793865
0.367819 0 0.632181
0.237034 0.375682 0.387284
0.483213 0.266787 0.25
0.216394 0.330251 0.453355
0.374635 0.625365 0
0.489696 0.510304 0
0.111422 0.888578 0
0.722604 0.277396 0
5.54478e-18 0.126699 0.873301
0.413125 0.586875 0
0.267254 0.0727569 0.659989
0 0.75 0.25
2.5843e-17 0.590516 0.409484
8.62805e-18 0.197152 0.802848
0.373718 0.28722 0.339061
0.880492 0.119508 0
0.230775 0.135822 0.633403
3.01198e-17 0.68824 0.31176
0.339098 0.0627258 0.598177
0.0398174 0.619776 0.340407
0.425333 0.125782 0.448886
0.245545 0.230687 0.523768
2.05761e-17 0.470166 0.529834
0.181366 0.568634 0.25
0.145978 0.280828 0.573194
0.110277 0 0.889723
0.09403 0.147255 0.758715
0.0411172 0.0574616 0.901421
0.037114 0.962886 0
0.0846089 0.480773 0.434618
0.294127 0.265924 0.439949
0.261081 0.738919 0
0.148588 0.851412 0
0.761816 0.238184 0
0.07427 0.92573 0
0.139273 0.178573 0.682154
4.37634e-17 1 0
0.510715 0.0842979 0.404987
0.650282 0 0.349718
0.801353 0.198647 0
0.382308 0.092683 0.525009
0.444617 0.235589 0.319794
0.0423907 0.225032 0.732577
0.18309 0.101241 0.715669
0.0830566 0.666943 0.25
0.605324 0.394676 0
0.451235 0.548765 0
0.539481 0 0.460519
0.301617 0.448383 0.25
0.75 0 0.25
0.185899 0.814101 0
1 0 0
5.79697e-18 4.97142e-17 1
0.310529 0.323804 0.365666
0.336608 0.663392 0
0.290388 0.149391 0.560221
0.180386 0.30695 0.512664
0.0727534 0.327364 0.599882
0.413341 0.336659 0.25
0.636499 0.113501 0.25
0.101506 0.533539 0.364955
0.387605 0.209101 0.403294
0.580435 0.0267747 0.39279
1.28415e-17 0.293429 0.706571
0.683464 0.316536 0
0.228692 0.505344 0.265965
