0.0320368 0.689815 0.278148
0.162681 0.193763 0.643556
0.246658 0 0.753342
0.674694 0.325306 0
0.919374 0.0806264 0
0 0.311765 0.688235
0.197308 0.239935 0.562758
3.69761e-17 0.75 0.25
0.0850452 0.914955 0
0.331794 0.230556 0.43765
0.466671 0.533329 0
0.563084 0.128201 0.308716
0.375145 0.0379914 0.586864
0.508542 0.491458 0
0.370048 0.379952 0.25
0.127591 0.872409 0
0.591834 0.408166 0
0.220816 0.324433 0.45475
0.756941 0.243059 0
0.182303 0.00858761 0.809109
0.323781 0.113767 0.562452
0.424533 0.575467 0
0.0371524 0.33465 0.628197
0.838498 0.161502 0
0.0290317 0.249471 0.721497
0.436324 0.313676 0.25
0.879047 0.120953 0
0.368038 0.155851 0.476111
0.676206 0 0.323794
0.525474 0.0816448 0.392881
1 0 0
0.292134 0.0185372 0.689329
0.118842 0 0.881158
0.0425195 0.95748 0
0.340129 0.659871 0
0.461289 0.24505 0.293661
0.238856 0.156909 0.604235
0.065341 0.128715 0.805944
0.382368 0.617632 0
0.797915 0.202085 0
0.0196741 0.458806 0.52152
0.602454 0.0166884 0.380857
0.212791 0.787209 0
0.091461 0.235596 0.672943
0.110658 0.533685 0.355658
0.0728034 0.606136 0.321061
0.530895 0.219105 0.25
0.170165 0.829835 0
0.959658 0.0403421 0
0.49037 0.166007 0.343623
0.380877 0.272494 0.346629
0.119043 0.285253 0.595704
0.555637 0 0.444363
0.678075 0.0719254 0.25
0.297196 0.452804 0.25
0.284717 0.191287 0.523996
0.0871651 0.0626219 0.850213
0.633492 0.366508 0
1.42821e-17 0.647407 0.352593
0.196239 0.109115 0.694647
0.106497 0.643503 0.25
0 0.216185 0.783815
0.255299 0.744701 0
0.246018 0.263867 0.490115
0.604469 0.145531 0.25
0.151617 0.333774 0.514609
0.24981 0.378807 0.371384
0.450016 0.11869 0.431294
0.150641 0.455904 0.393454
0.297799 0.702201 0
0.272542 0.422541 0.304917
2.60315e-17 0.528007 0.471993
0.182791 0.392222 0.424987
0.621456 0.0635685 0.314976
0.75 0 0.25
0.157347 0.572101 0.270553
0 0.409458 0.590542
0.550152 0.449848 0
0.296615 0.30197 0.401415
0.194891 0.480703 0.324405
0 0 1
4.80829e-17 1 0
0.0463233 0.0151796 0.938497
0.150541 0.0807002 0.768759
0.0753771 0.372051 0.552572
0.224402 0.525598 0.25
0.356028 0 0.643972
0.408194 0.0803898 0.511416
0.269489 0.08263 0.647881
0.450859 0 0.549141
0.33606 0.343623 0.320317
0.071843 0.493659 0.434498
0.106867 0.162918 0.730215
0.489286 0.031762 0.478952
0.715922 0.284078 0
0.000737002 0.151595 0.847668
0 0.0876978 0.912302
0.105429 0.417626 0.476946
0.0195272 0.57736 0.403113
0.41358 0.197997 0.388423
