0.0641661 0.0136916 0.922142
0.721181 0.278819 0
0.288292 0.401317 0.310391
0.960579 0.0394215 0
0.502171 0.228493 0.269337
0.317069 0 0.682931
0.0930073 0.461386 0.445607
0.0440044 0.955996 0
0.451235 0.298765 0.25
0.0960763 0.653924 0.25
0.801599 0.198401 0
0.523415 0.142602 0.333983
0.881299 0.118701 0
0.168493 0.420264 0.411243
0.261589 0.738411 0
0.115434 0.114896 0.76967
0.156862 0.306314 0.536824
0.164232 0.137538 0.69823
0.244856 0.0881006 0.667044
0.662008 0.0879923 0.25
0.415933 0.0664023 0.517665
0.506876 0.0168384 0.476285
0 0.75 0.25
2.57766e-17 0.564495 0.435505
0 0.240895 0.759105
0.412965 0.272456 0.314579
0.369559 0.244688 0.385753
0.557198 0.442802 0
0.241447 0.260248 0.498305
0.0800471 0.350488 0.569465
0.109188 0.269464 0.621348
0.642884 0 0.357116
6.83095e-17 1 0
0.474083 0.525917 0
0.0161748 0.388949 0.594876
0.372612 0.137719 0.489668
0.469523 0.0969622 0.433515
0.283523 0.18028 0.536197
0.285622 0.293584 0.420795
0.218724 0.781276 0
0.685028 0.0228418 0.29213
0.213387 0.457153 0.32946
0.0781145 0.0797207 0.842165
0.385163 0.0065379 0.608299
0.0300644 0.169556 0.80038
0.241652 0 0.758348
0.0223318 0.4938 0.483868
0.432291 0.567709 0
0.598831 0.401169 0
0.193399 0.556601 0.25
0.0223424 0.690062 0.287595
0.33139 0.100128 0.568482
0.0877686 0.912231 0
0.0335649 0.283016 0.683419
0 0 1
0.129405 0.58173 0.288865
0.600329 0.102736 0.296936
0.454079 0 0.545921
0.302674 0.060128 0.637198
0.247679 0.493732 0.258589
0 0.340981 0.659019
0.761516 0.238484 0
0.390032 0.609968 0
0.126618 0 0.873382
0.515757 0.484243 0
0.31843 0.43157 0.25
0.417281 0.166663 0.416056
0.167455 0.023345 0.8092
0 0.638703 0.361297
0.326902 0.213746 0.459352
0.145656 0.196297 0.658048
0.347415 0.652585 0
0.574553 0 0.425447
0.380626 0.361813 0.257561
0.680831 0.319169 0
0.841507 0.158493 0
0.0591427 0.606783 0.334074
0.131568 0.868432 0
0.639862 0.360138 0
6.06425e-18 0.132804 0.867196
0.920997 0.0790033 0
0.231667 0.15572 0.612613
0.75 0 0.25
0 0.452849 0.547151
0.570068 0.179932 0.25
1 0 0
3.03128e-18 0.0663835 0.933617
0.304531 0.695469 0
0.175156 0.824844 0
0.246746 0.371689 0.381565
0.19407 0.229287 0.576643
0.55132 0.067138 0.381542
0.200685 0.0650595 0.734255
0.145818 0.502826 0.351356
0.0750009 0.535341 0.389658
0.456585 0.192676 0.350739
0.199529 0.340879 0.459592
0.0779143 0.205627 0.716458
0.112157 0.390611 0.497232
0.332722 0.325331 0.341947
