0.961962 0.0380382 0
0.749998 0 0.250002
0.225483 0.137932 0.636585
0.333092 0.317976 0.348932
0.0827592 0.917241 0
0.885303 0.114697 0
0.532572 0.467428 0
0.371049 0.628951 0
0.691433 0.308567 0
0.187258 0.212048 0.600695
0.371282 0.36374 0.264979
0.492352 0.507648 0
0.4887 0 0.5113
0.0814048 0.668593 0.250002
0.210748 0.316057 0.473195
0.847028 0.152972 0
0 0.576139 0.423861
0.296549 0 0.703451
0.808556 0.191444 0
0.0343466 0.283324 0.682329
0.0719132 0.534997 0.393089
0.0656508 0.384216 0.550133
0.165065 0.00348225 0.831453
0.315759 0.434239 0.250002
0.339781 0.026858 0.633361
0.136375 0.483489 0.380136
1 0 0
0 0.499035 0.500965
0.258031 0.0663377 0.675631
0.0929785 0.144391 0.762631
0.289245 0.710755 0
0 0.422117 0.577883
0.652202 0.347798 0
0.582742 0.0354809 0.381777
0.686169 0.024962 0.288869
0.417472 0.155474 0.427054
0.142078 0.184952 0.67297
0.229738 0 0.770262
0.041405 0.958595 0
0.135594 0.352158 0.512249
0.156232 0.527624 0.316144
0.553549 0 0.446451
0 0.35153 0.64847
0.0490915 0.10482 0.846089
0.0708773 0.216146 0.712976
0.107783 0.597844 0.294373
0.244262 0.24106 0.514678
0.76969 0.23031 0
9.2374e-17 1 0
0.66127 0.0887281 0.250002
0.24814 0.75186 0
0 0.687393 0.312607
0.161275 0.276397 0.562328
0.61255 0.38745 0
0.438459 0.311539 0.250002
0.285727 0.399334 0.314939
0 0.180587 0.819413
0 0.248465 0.751535
0.573383 0.099947 0.32667
0.412117 0.273195 0.314688
0.0513125 0.470543 0.478145
0.109626 0.433614 0.45676
5.54832e-17 2.79949e-20 1
0.29161 0.277112 0.431278
0.212812 0.444549 0.34264
0.165514 0.834486 0
0.370932 0.121091 0.507977
0.329846 0.198369 0.471785
0.412063 0.587937 0
0.452524 0.547476 0
0.533854 0.173534 0.292611
0.506995 0.243003 0.250002
0.416196 0.0428628 0.540941
0.647327 0 0.352673
0.0905822 0.300995 0.608423
0.599535 0.150463 0.250002
0.730665 0.269335 0
0.252564 0.356826 0.390609
0.39782 0 0.60218
0.502787 0.111278 0.385935
0.178834 0.571164 0.250002
0.278081 0.168371 0.553548
0.130399 0.068285 0.801316
0 0.749998 0.250002
0.373309 0.235038 0.391653
0.315201 0.0970561 0.587743
0.179644 0.0978496 0.722507
0.923831 0.076169 0
0.103774 0 0.896226
0.206825 0.793175 0
0.245674 0.497378 0.256949
0.462356 0.074411 0.463233
0.0390235 0.0257453 0.935231
0.12414 0.87586 0
0.572661 0.427339 0
0.027194 0.62187 0.350936
0.330114 0.669886 0
0 0.0904939 0.909506
0.17885 0.396722 0.424428
0.458483 0.196957 0.344561
