0.762941 0.237059 0
0.224354 0.775646 0
0.387141 0.0146468 0.598212
0.204083 0.480974 0.314943
0.289223 0.445476 0.2653
0.0748652 0.0680534 0.857081
0.111916 0.888084 0
0.404239 0.186342 0.409419
0.0911842 0.237693 0.671123
0.207312 0.354797 0.43789
0.0565794 0.693421 0.25
0.358167 0.391833 0.25
0.0406039 0.020201 0.939195
1.41318e-17 0.471495 0.528505
0.540139 0.128703 0.331158
0.104167 0.102876 0.792957
0.473986 0.276014 0.25
0.037307 0.962693 0
0.52358 0.00667122 0.469749
0.405389 0.321836 0.272775
4.15503e-17 8.31047e-20 1
0.29323 0.186141 0.520629
0.567867 0.432133 0
0.232354 0.517646 0.25
0.36404 0.274404 0.361556
0.881216 0.118784 0
0.586778 0.163222 0.25
0.103994 0.566406 0.3296
0 0.224157 0.775843
0.128242 0.397152 0.474606
0.622934 0.0905989 0.286467
0.013939 0.153168 0.832893
0.645278 0.354722 0
0.131887 0.510941 0.357172
0.295176 0.0677258 0.637098
0.516955 0.207333 0.275712
0.149332 0.850668 0
0.174582 0.0630876 0.762331
0.96034 0.0396604 0
0.327685 0.229156 0.443159
0.285022 0.313667 0.401312
1.99062e-17 0.664152 0.335848
0.668462 0 0.331538
0.172652 0.190915 0.636432
0.322045 0.355731 0.322224
1.63992e-17 1 0
0.218373 0.100518 0.681109
0.0830292 0.63306 0.283911
0.340522 0.100924 0.558554
0.59534 0 0.40466
0.00732559 0.397255 0.595419
0.841768 0.158232 0
0.413963 0.586037 0
0 0.0971292 0.902871
0.0746319 0.925368 0
0.0814908 0.356286 0.562224
0.688485 0.0615149 0.25
0.379474 0.141577 0.478949
1 0 0
0.193776 0 0.806224
0 0.546396 0.453604
0.117196 0.281061 0.601743
0.164671 0.315372 0.519957
0.802324 0.197676 0
0.375716 0.624284 0
0 0.75 0.25
0.299808 0.700192 0
0.437207 0.236768 0.326025
0.165093 0.436631 0.398276
0.25387 0.147732 0.598398
0.262013 0.737987 0
0.206818 0.232938 0.560244
0 0.340875 0.659125
0.458528 0 0.541472
0.0188435 0.277892 0.703265
0.606575 0.393425 0
0.247039 0.271358 0.481602
0.490688 0.509312 0
0.75 0 0.25
0.723676 0.276324 0
0.186832 0.813168 0
0.568702 0.0602026 0.371095
0.260724 0.00838264 0.730893
0.920751 0.0792489 0
0.45224 0.54776 0
0.425933 0.0668282 0.507239
0.0799038 0.490688 0.429409
0.483482 0.0892072 0.42731
0.140491 0.147014 0.712496
0.529161 0.470839 0
0.684471 0.315529 0
0.159204 0.590796 0.25
0.0580145 0.43848 0.503505
0.331225 0 0.668775
0.468867 0.160252 0.370881
0.0669508 0.185499 0.74755
0.117529 0 0.882471
0.0243142 0.592693 0.382993
0.245895 0.39982 0.354285
0.3377 0.6623 0
