0.184099 0 0.815901
0.75 0 0.25
0.221149 0.778851 0
0.110435 0.889565 0
0.192444 0.285361 0.522196
0.924859 0.0751412 0
0.429714 0.119065 0.451222
0.405749 0.594251 0
0.479429 0.520571 0
0 1 0
0.605999 0.0776923 0.316309
0.64658 0.10342 0.25
0.45554 0 0.54446
0.0685629 0.681437 0.25
0.575657 0.174343 0.25
0.849964 0.150036 0
0 0.329277 0.670723
0.738237 0.261763 0
0.178655 0.543628 0.277717
0.104808 0.335568 0.559624
0.663942 0.336058 0
0 0.619297 0.380703
0.96242 0.0375804 0
0.887346 0.112654 0
0.701196 0.298804 0
0.231856 0.0631766 0.704967
0.689659 0.0298056 0.280536
1.78563e-17 0.541567 0.458433
0.249397 0.500603 0.25
0.259789 0 0.740211
0.553121 0.446879 0
0.384986 0.0219198 0.593095
0.410758 0.334264 0.254978
0.132673 0.0818335 0.785493
0.258104 0.741896 0
0.137036 0.612964 0.25
0.362635 0.316399 0.320965
0.0400086 0.132643 0.827348
0.331934 0.668066 0
0.23602 0.196883 0.567097
0.310201 0.0769107 0.612889
0.499186 0.0709975 0.429816
0.321293 0.132999 0.545709
0.0159435 0.667605 0.316452
0.62694 0.37306 0
1 0 0
0.187595 0.165398 0.647007
0 0.208268 0.791732
0 0.75 0.25
0.349138 0.174943 0.475919
0.184217 0.815783 0
0.645829 0 0.354171
0.0600784 0.52756 0.412361
0.0973722 0.457236 0.445392
0.476506 0.273494 0.25
0.52702 0 0.47298
0.402922 0.080356 0.516722
0.34954 0.40046 0.25
0.036761 0.963239 0
0.375917 0.210785 0.413297
0.368854 0.631146 0
0 0.108431 0.891569
0.149399 0.369858 0.480743
0.318481 0.283893 0.397626
0.160641 0.118433 0.720927
0.255008 0.118439 0.626553
0.138823 0.497961 0.363216
0.292117 0.424066 0.283816
0.46148 0.163037 0.375483
0.0202674 0.257626 0.722106
0.147309 0.852691 0
0.0123041 0.387827 0.599869
0.775437 0.224563 0
0.108765 0.211301 0.679933
0.0712988 0.293335 0.635366
0.335469 0 0.664531
0.0671679 0.418963 0.513869
0.271746 0.367903 0.360351
0.152305 0.248215 0.599479
0.0878772 0.581991 0.330132
0.812724 0.187276 0
0.295012 0.704988 0
0.51628 0.48372 0
0.536725 0.118174 0.345101
0.0789221 0.168188 0.75289
0.442598 0.557402 0
0.505992 0.204393 0.289615
0.0216059 0.0434495 0.934945
0.27584 0.236144 0.488016
0 0 1
0.0735896 0.92641 0
0.23458 0.323803 0.441617
0.184499 0.411195 0.404306
0.216796 0.455022 0.328182
0.102709 0.0421916 0.8551
0.577603 0.0216843 0.400713
0.0866378 0 0.913362
0.590018 0.409982 0
0 0.463739 0.536261
0.418877 0.244538 0.336586
