0.00332621 0.206166 0.790508
0.75 0 0.25
0.0270255 0.599542 0.373432
0.285392 0 0.714608
0.374618 0.375382 0.25
0.283033 0.360352 0.356614
0.0570288 0.118037 0.824934
0.331034 0.668966 0
0.328699 0.153611 0.517691
0.35392 0.326107 0.319973
0.279632 0.238762 0.481606
0.535806 0 0.464194
0.589838 0.0123355 0.397826
0.922086 0.0779137 0
0.236517 0.32171 0.441774
0.0836602 0.91634 0
0.0826516 0 0.917348
0.0683665 0.515181 0.416452
0.655872 0 0.344128
0.688616 0.311384 0
0.193743 0.397578 0.408679
0.610083 0.389917 0
0.303783 0.445744 0.250474
0.0849196 0.628091 0.286989
0.166663 0.833337 0
0.161982 0.244449 0.593569
0.961027 0.0389733 0
0 0.487769 0.512231
0 1 0
0.0904345 0.159568 0.749998
0.727578 0.272422 0
0.247055 0.0755462 0.677399
0.125405 0.874595 0
0.329354 0.0281566 0.64249
0.39507 0.234971 0.369958
0.76657 0.23343 0
0.491811 0.508189 0
0.633502 0.116498 0.25
0.103999 0.335104 0.560897
0.0829341 0.289381 0.627685
0.411982 0.588018 0
0.318797 0.277613 0.40359
0.244261 0.198538 0.5572
0.290238 0.709762 0
0.686172 0.0433453 0.270483
0 0.75 0.25
0.19487 0.285218 0.519912
0.462036 0.097593 0.440371
5.77271e-18 0.138656 0.861344
0.361909 0.187959 0.450132
0.248955 0.751045 0
0 0.557261 0.442739
0.132284 0.0756658 0.79205
0.230247 0.519753 0.25
0.447536 0.302464 0.25
0.0605522 0.237833 0.701615
0.365804 0.0831879 0.551008
0.171249 0.11281 0.715941
0.805454 0.194546 0
0.112319 0.551692 0.335989
1.38892e-17 0.276089 0.723911
0.207865 0.157624 0.634511
0.246844 0.426636 0.32652
0.592959 0.0857461 0.321294
0.146275 0.366454 0.487271
0.287605 0.114163 0.598232
0.19332 0.499845 0.306836
0 0.396068 0.603932
0.215722 0.0208087 0.763469
0.844313 0.155687 0
0.0993625 0.442196 0.458442
0.207788 0.792212 0
1 0 0
0.43117 0.16746 0.401369
0.132176 0.198242 0.669583
0.432492 0.0637425 0.503765
0.0481153 0.416268 0.535617
0.570905 0.429095 0
0.0585531 0.691447 0.25
0.531982 0.0784936 0.389524
0.156116 0.593884 0.25
0.465673 0 0.534327
0.883177 0.116823 0
0.531336 0.468664 0
0.39547 0 0.60453
0.434708 0.257124 0.308168
0.500473 0.152934 0.346593
0.000309776 0.0670209 0.932669
0.451903 0.548097 0
0 0 1
0.041812 0.958188 0
0.649317 0.350683 0
0.165167 0 0.834833
0.371358 0.628642 0
0.0719762 0.0521212 0.875903
0 0.668127 0.331873
0.0128945 0.333191 0.653915
0.559073 0.16858 0.272348
0.151518 0.470225 0.378258
0.520905 0.229095 0.25
