0.084395 0.1456 0.770005
0.391619 0.0939638 0.514417
0.0159313 0.313685 0.670383
0.0374993 0.962501 0
0.124506 0.600678 0.274815
0.468399 0.194814 0.336787
0.432089 0 0.567911
0.261685 0.738315 0
0.65006 0 0.34994
0.102422 0.266529 0.63105
0.224329 0.775671 0
0.75 0 0.25
0.594128 0.405872 0
0.499833 0 0.500167
6.38745e-18 0.62873 0.37127
0.198363 0.323504 0.478132
0 0.385479 0.614521
0.418431 0.268001 0.313568
0.336644 0.312597 0.350758
0.198557 0.551443 0.25
0.291977 0.274237 0.433786
0 0 1
0.335971 0.664029 0
0.282533 0.174763 0.542704
0.0881295 0.661871 0.25
0.423117 0.150997 0.425886
0.630913 0.369087 0
0.101834 0.0653742 0.832792
0.365098 0.0298053 0.605096
0.192097 0.0109001 0.797003
0.15798 0.0843712 0.757648
0.741528 0.258472 0
0.079511 0.57162 0.348869
0.667774 0.332226 0
0.0209682 0.55777 0.421262
7.05701e-17 1 0
0 0.186584 0.813416
0.298886 0.701114 0
0.255839 0 0.744161
0.143315 0.183286 0.673399
0.147958 0.303535 0.548507
0.778422 0.221578 0
0.557305 0.442695 0
0.0709946 0.349491 0.579514
0.112355 0.887645 0
0.686338 0.0389799 0.274682
0.963104 0.0368964 0
0 0.258986 0.741014
0.250761 0.352318 0.396921
0.187014 0.812986 0
0.0749589 0.925041 0
0 0.509672 0.490328
0 0.0826146 0.917385
0.574793 0 0.425207
0.520488 0.479512 0
0.195799 0.106576 0.697625
0.409977 0.590023 0
0.373046 0.626954 0
0.560915 0.160746 0.278339
0.0994255 0.403262 0.497312
0.0168285 0.440817 0.542355
0.322285 0.427715 0.25
0.240635 0.24848 0.510885
0.338242 0.190388 0.47137
0.0565989 0.00968908 0.933712
0.324962 0 0.675038
0.852292 0.147708 0
0.889245 0.110755 0
0.0173898 0.682031 0.300579
0.161954 0.515235 0.322811
0.379208 0.357137 0.263655
0.232671 0.146472 0.620857
0.44986 0.30014 0.25
0.507715 0.123444 0.368841
0.465139 0.071578 0.463283
0.211617 0.433789 0.354595
0.133171 0.467921 0.398908
0.521864 0.228136 0.25
0.321411 0.108888 0.569701
0.0299079 0.11468 0.855412
0.0652216 0.221557 0.713221
0.129526 0 0.870474
1 0 0
0.926192 0.0738079 0
0.635502 0.114498 0.25
0.0702091 0.484686 0.445104
0.251625 0.480816 0.26756
0.149682 0.850318 0
0.704623 0.295377 0
0.289833 0.391126 0.319042
0.277345 0.0689047 0.653751
0.59603 0.0789724 0.324997
0.815331 0.184669 0
0.378539 0.23038 0.391081
0.18887 0.222351 0.588779
0.483683 0.516317 0
0.543804 0.0549211 0.401275
0.446818 0.553182 0
0.168944 0.389633 0.441423
0 0.75 0.25
