0.171149 0.374151 0.454701
1.30838e-17 0.649291 0.350709
0.191693 0.174926 0.633381
0.159367 0 0.840633
0.114779 0.635221 0.25
0.230669 0.519331 0.25
0.164162 0.560359 0.275478
0.475781 0.524219 0
0.349293 0.205961 0.444747
0.240137 0.759863 0
0.311347 0.167499 0.521153
0.778765 0.221235 0
0.668078 0 0.331922
0.273953 0.12535 0.600697
0.147964 0.437891 0.414145
0.0227205 0.283417 0.693862
0.0784068 0.187749 0.733845
0.592377 0.0799684 0.327655
0.279468 0.720532 0
0.0404474 0.959553 0
0.0859228 0.103862 0.810215
0.0794339 0.597848 0.322719
0.32214 0.034236 0.643624
0.319009 0.680991 0
0.394767 0 0.605233
0.75 0 0.25
0 0.13345 0.86655
0.201287 0.462663 0.33605
0.68362 0.0532047 0.263175
0.815971 0.184029 0
0.20069 0.79931 0
0.470873 0.200253 0.328874
7.22479e-18 0.358534 0.641466
0.889796 0.110204 0
0.741659 0.258341 0
0.38408 0.244391 0.371529
0.507008 0 0.492992
0.430705 0.161455 0.40784
0.666575 0.333425 0
0.038695 0.68686 0.274445
0.627768 0.122232 0.25
0.436791 0.563209 0
0.92658 0.0734202 0
0 0.75 0.25
0.516946 0.233054 0.25
0.590653 0.409347 0
0.00967323 0.421923 0.568404
0.0878585 0.403197 0.508945
0.224179 0.000900708 0.774921
0.154622 0.260519 0.58486
0.51373 0.119381 0.366889
0.179118 0.0665764 0.754305
0.0639265 0 0.936073
0.514187 0.485813 0
0.0271606 0.172812 0.800027
0.397583 0.602417 0
0.301083 0.448917 0.25
0.60839 0 0.39161
0.353842 0.0819059 0.564252
0.55254 0.44746 0
9.34571e-25 1.11022e-16 1
5.55112e-17 1 0
0.0985708 0.0346555 0.866774
0.117059 0.33914 0.543801
0.0710583 0.315486 0.613455
0.0538854 0.546847 0.399267
0.19961 0.299132 0.501258
0.328749 0.339896 0.331356
1 0 0
0.628707 0.371293 0
0 0.571514 0.428486
0.160787 0.839213 0
0.124347 0.513973 0.36168
0.546259 0.0350608 0.41868
0.0102347 0.0720258 0.91774
0.557358 0.164283 0.278359
0.23364 0.213267 0.553093
0.30758 0.296709 0.395711
0.271958 0.25705 0.470993
0.469009 0.08052 0.450471
0.852877 0.147123 0
0.358342 0.641658 0
0.704261 0.295739 0
0.0805942 0.919406 0
4.85706e-18 0.241034 0.758966
0.392252 0.11959 0.488159
0.24133 0.354786 0.403884
0.147843 0.140055 0.712102
0.289864 0 0.710136
0 0.493643 0.506357
0.437285 0.0277288 0.534986
0.371222 0.378522 0.250256
0.0705999 0.472023 0.457377
0.963309 0.0366914 0
0.413027 0.280954 0.30602
0.235077 0.0872526 0.67767
0.443992 0.306008 0.25
0.271825 0.413348 0.314827
0.109892 0.22929 0.660819
0.12075 0.87925 0
