2.87823e-18 0.495758 0.504242
0.913161 0.0868389 0
0.164673 0.835327 0
0.462652 0.0995369 0.437811
0.171923 0.30178 0.526297
0.0288802 0.429041 0.542079
0.522763 0.477237 0
6.13925e-18 0.321731 0.678269
0.131722 0.868278 0
0.652739 0.347261 0
0.539483 0.0644094 0.396108
0.684981 0.016834 0.298185
0.383973 0.273393 0.342633
0.584955 0.0931773 0.321868
7.44524e-18 0.390172 0.609828
7.03289e-17 1 0
0.500869 0.010434 0.488697
1.2042e-17 0.631068 0.368932
0.0987738 0.901226 0
0.0880562 0.33563 0.576314
0.161476 0 0.838524
0.304703 0.31153 0.383767
0.566083 0.433917 0
0.609421 0.390579 0
0.227893 0.76366 0.00875076
0.199525 0.0642935 0.736182
0.668054 0.0819456 0.25
0.271995 0.146465 0.58154
1.07508e-17 0.563401 0.436599
0.14478 0.4988 0.35642
0.0659563 0.286548 0.647496
0.09028 0.0398225 0.869897
0.0209778 0.668617 0.310405
0.739524 0.260476 0
0.0329063 0.967094 0
0.21832 0.232246 0.549434
0.423033 0.326967 0.25
0.255188 0.392661 0.352151
2.84576e-18 0.149134 0.850866
0.138037 0.611963 0.25
0.158209 0.375288 0.466503
0.479509 0.520491 0
0.35133 0.0995658 0.549104
0.501552 0.144203 0.354246
0.493393 0.256607 0.25
0.031894 0.253435 0.714671
0.696136 0.303864 0
4.79714e-18 0.218855 0.781145
0.636866 0 0.363134
0.132561 0.239945 0.627495
0.0872036 0.179086 0.733711
0.421686 0.185736 0.392577
0.060124 0.121276 0.8186
0.177269 0.539151 0.28358
3.85233e-21 1.11018e-16 1
0.304455 0.188276 0.507269
0.30744 0.69256 0
0.183614 0.431535 0.384851
0.0658369 0.934163 0
0.069045 0.680955 0.25
0.0900061 0.584526 0.325468
0.363091 0 0.636909
0.0624596 0.537227 0.400314
0.266512 0.446518 0.28697
0.129586 0.0891577 0.781256
0.418561 0.0631103 0.518329
0.539844 0.186103 0.274053
1 0 0
0.383406 0.145951 0.470643
0.393108 0.606892 0
0.318389 0.0659035 0.615708
0.331813 0.418187 0.25
0.289877 0.0106856 0.699437
0.437518 0 0.562482
0.75 0 0.25
0.102881 0.394082 0.503037
0.196597 0.18828 0.615122
0.0630192 0 0.936981
0.238359 0.51164 0.25
0.34929 0.353385 0.297325
0.225813 0.343132 0.431055
0.0877189 0.467217 0.445064
0.869729 0.130271 0
0.568108 0 0.431892
0.826321 0.173679 0
0.782945 0.217055 0
0.604193 0.145807 0.25
0.26039 0.269276 0.470334
0.342726 0.230543 0.426731
0.197669 0.802331 0
4.61169e-19 0.0794336 0.920566
0.231703 0 0.768297
0.24413 0.729581 0.0292673
0.239745 0.10054 0.659715
0.159264 0.147167 0.693569
0.350168 0.649832 0
2.87436e-17 0.75 0.25
0.956576 0.0434238 0
0.456684 0.227965 0.315351
0.436242 0.563758 0
