0.303767 0.323697 0.372536
1.71783e-18 0.132134 0.867866
0.0179672 0.685377 0.296656
0.093331 0.605865 0.300804
0.0600834 0.00511132 0.934805
0.0113076 0.0702775 0.918415
0.163884 0.058684 0.777432
0 0.429227 0.570773
0.0838346 0.495772 0.420394
0.318956 0.15459 0.526454
0.122177 0.877823 0
0.344706 0.373834 0.28146
0.0584124 0.330449 0.611138
0.684492 0.0488977 0.266611
0.0371536 0.573481 0.389365
0.0815583 0.918442 0
0.3603 0.204514 0.435186
0.839544 0.160456 0
0.53028 0.0998613 0.369858
1 0 0
0.0318284 0.466272 0.5019
0 0.35457 0.64543
0.135037 0.298914 0.566048
0.0848627 0.381736 0.533401
0.213261 0.263008 0.523731
0.484561 0.0715604 0.443878
0.305172 0.0311697 0.663658
0.959877 0.0401225 0
0 1 0
0.040739 0.959261 0
0.283698 0.716302 0
0.404831 0.230367 0.364803
0.421698 0.0557708 0.522531
0.245698 0.186366 0.567936
0.082624 0.667376 0.25
0.363681 0.636319 0
0.443854 0.150838 0.405308
0.163323 0.165834 0.670843
0.0567266 0.166572 0.776701
0.260098 0.406701 0.333201
0.3942 0.123722 0.482078
0.759855 0.240145 0
0.879615 0.120385 0
0.459308 0.265954 0.274737
0.127512 0.532818 0.33967
0.56177 0.43823 0
0.604743 0.0547931 0.340464
0.203315 0.796685 0
0.720094 0.279906 0
0.403541 0.596459 0
0.238936 0.511064 0.25
0.374146 0 0.625854
0 0.205947 0.794053
0.125158 0 0.874842
0.488001 0.183685 0.328313
0.16841 0.451105 0.380485
0.482815 0.517185 0
0.20722 0.484034 0.308746
0.75 0 0.25
0.64071 0.35929 0
0.6356 0.1144 0.25
0.443238 0.556762 0
0.29206 0.231644 0.476296
0.16275 0.83725 0
0 0.638563 0.361437
0.26746 0 0.73254
2.14452e-23 8.32667e-17 1
0.919681 0.0803185 0
2.83682e-18 0.279849 0.720151
0.415598 0.334402 0.25
0.799637 0.200363 0
0.530213 0.219787 0.25
0.680357 0.319643 0
0.30926 0.44074 0.25
0.214201 0.374814 0.410985
0.263221 0.115483 0.621296
0.127768 0.129996 0.742236
0.123817 0.418771 0.457413
0 0.537206 0.462794
0.168626 0.581374 0.25
0.323744 0.676256 0
0.171225 0.340589 0.488186
0.196164 0 0.803836
0.446445 0 0.553555
0.584293 9.11103e-05 0.415616
0.601216 0.398784 0
0.0752983 0.219602 0.7051
0.569641 0.146758 0.283601
0.522336 0.477664 0
0.344717 0.07927 0.576013
0.179262 0.215682 0.605056
0.667974 0 0.332026
0.0828601 0.0849842 0.832156
0.217088 0.0832314 0.699681
0.373669 0.29478 0.331551
0.258346 0.298076 0.443578
0.243628 0.756372 0
9.75051e-18 0.75 0.25
0.0982751 0.258436 0.643289
0.518794 0 0.481206
