0.063735 0.147783 0.788482
0.615471 0.384529 0
0.228882 0.771118 0
0.260528 0.180354 0.559118
0.232152 0.131933 0.635915
0.311596 0.199388 0.489016
0.48812 0.00366516 0.508215
0.348061 0.128177 0.523762
0.152299 0.847701 0
0.453894 0.16766 0.378447
0.215446 0.283763 0.500791
0.576692 0.423308 0
0 0.343475 0.656525
0.121355 0.557366 0.321278
0.96177 0.0382303 0
0.17183 0.373059 0.455111
0.421629 0.578371 0
0.0748307 0.522791 0.402378
0.332612 0.302485 0.364903
0.225484 0.524516 0.25
0.285715 0.262889 0.451396
0.181184 0.239396 0.57942
0.73135 0.26865 0
0 0.41848 0.58152
0.137284 0.330724 0.531992
0.402856 0.150357 0.446787
0.190539 0.809461 0
0.145598 0.0610396 0.793363
0.388926 0.0584587 0.552615
0.157739 0.592261 0.25
0.683374 0 0.316626
0.923543 0.0764574 0
0.171097 0.489638 0.339265
0.533568 0.126572 0.339859
0.190305 0.086708 0.722987
0.537895 0.462105 0
0 0.554312 0.445688
0.344306 0.655694 0
0.245731 0 0.754269
0.161554 0.155657 0.682788
0.0900348 0.299642 0.610324
0.0272828 0.601149 0.371569
0.419429 0 0.580571
0.260085 0.458189 0.281726
0.592206 0.0902127 0.317581
0 0.243547 0.756453
0.333231 0.416769 0.25
0.0778639 0.079077 0.843059
0.367855 0.224674 0.407471
0.524641 0.225359 0.25
0.692738 0.307262 0
0 0.173568 0.826432
0 0.103522 0.896478
0.559548 0 0.440452
0.305683 0.694317 0
0.346298 0 0.653702
0.492286 0.201584 0.30613
0.382967 0.617033 0
0.601313 0.148687 0.25
0.267278 0.732722 0
0.75 0 0.25
0.0896076 0.185731 0.724662
0.00883463 0.482879 0.508287
0.114205 0.885795 0
0.10255 0 0.89745
0.808393 0.191607 0
0 0.66802 0.33198
0.274804 0.0399138 0.685282
0.460318 0.539682 0
0.0857373 0.630174 0.284089
0.0384989 0.271761 0.68974
0.885222 0.114778 0
0.0877236 0.423628 0.488649
0.654047 0.345953 0
0.443191 0.0855577 0.471252
0.292695 0.378379 0.328926
0.211733 0.416386 0.37188
0.499121 0.500879 0
0.128959 0.222498 0.648543
0.0380534 0.961947 0
1 0 0
0.174094 0 0.825906
0.309226 0.0879745 0.6028
8.72979e-17 1 0
0.673245 0.0760216 0.250734
0 0.75 0.25
0.413218 0.257278 0.329505
0.615974 0.0158111 0.368215
0.448147 0.301853 0.25
0.250104 0.337618 0.412278
0.0761081 0.923892 0
0.0577829 0.692217 0.25
0.846905 0.153095 0
0.0309927 0.032018 0.936989
0.769905 0.230095 0
0.124115 0.454921 0.420964
0.514636 0.0703554 0.415009
1.1088e-16 1.42338e-19 1
0.0603412 0.378109 0.56155
0.37843 0.345571 0.276
