0.392008 0.607992 0
0.216251 0 0.783749
1.75056e-17 0.503449 0.496551
0.616472 0 0.383528
0.146624 0.427468 0.425907
0.164444 0.196287 0.639269
0.430818 0.569182 0
3.00393e-17 0.75 0.25
0.207278 0.227244 0.565478
0.237579 0.432338 0.330083
0.621706 0.128294 0.25
0.397503 0 0.602497
0.429532 0.166666 0.403802
0.468281 0.0826336 0.449085
0.259583 0.14123 0.599187
0.887589 0.112411 0
0.388726 0.125613 0.485661
0.549301 0.0311374 0.419562
0.51758 0.23242 0.25
0.451053 0.298947 0.25
0.0494766 0.360885 0.589638
0.275043 0.724957 0
0.0778404 0 0.92216
0.546715 0.453285 0
0.386815 0.352701 0.260483
0.962558 0.0374415 0
0.850009 0.149991 0
0.073234 0.244676 0.68209
0.176586 0.35512 0.468294
0.511271 0.121042 0.367687
0.333116 0.416884 0.25
0.120403 0.164097 0.7155
0.472349 0.206025 0.321627
0.0280022 0.208483 0.763515
0.623105 0.376895 0
0.1574 0.8426 0
0.235818 0.764182 0
0.35074 0.324531 0.324729
0.106816 0.280354 0.61283
0.0661085 0.598649 0.335243
0.089983 0.660017 0.25
0.0317947 0.0937824 0.874423
0.311645 0.285824 0.402531
0.150871 0.308525 0.540603
0 1 0
0.925071 0.074929 0
0.255679 0.25637 0.48795
0.34976 0.0897922 0.560447
0.774728 0.225272 0
0.0785251 0.130308 0.791167
5.7734e-18 0.166039 0.833961
0.23538 0.329581 0.435039
0.66117 0.33883 0
0.307948 0 0.692052
0.146963 0 0.853037
0.588839 0.0791439 0.332017
0.75 0 0.25
0.683229 0 0.316771
0.212729 0.115394 0.671877
1.1875e-17 0.341516 0.658484
0.699203 0.300797 0
0.812412 0.187588 0
0.112995 0.0592628 0.827742
0.584944 0.415056 0
0.396492 0.250017 0.353491
0.222472 0.527528 0.25
0.0171338 0.687882 0.294984
0.316344 0.0513175 0.632339
0.165532 0.0835019 0.750966
0.507432 0 0.492568
0.347279 0.209783 0.442938
0.670757 0.065203 0.26404
2.53263e-17 0.632331 0.367669
0.0650444 0.466299 0.468656
0.134953 0.552166 0.312881
0.469509 0.530491 0
1.50594e-17 0.433098 0.566902
0.175419 0.472344 0.352237
0.0114982 0.561214 0.427288
0.156187 0.593813 0.25
0.271368 0.369216 0.359416
2.1448e-18 0.061683 0.938317
9.57797e-18 0.275456 0.724544
0.118103 0.881897 0
0.0787499 0.92125 0
0.24845 0.0416891 0.70986
0.435563 0.0321881 0.532249
4.43874e-17 7.15447e-19 1
0.314186 0.685814 0
0.353144 0.646856 0
0.0393756 0.960624 0
0.737202 0.262798 0
0.269562 0.463978 0.26646
1 0 0
0.50814 0.49186 0
0.0945564 0.513613 0.391831
0.0950163 0.391412 0.513572
0.30113 0.175522 0.523348
0.553889 0.164111 0.282
0.19666 0.80334 0
