0.35451 0.130576 0.514914
0.162651 0 0.837349
6.9467e-18 0.25681 0.74319
0.116931 0.0782379 0.804831
0.422809 0.577191 0
0.75 0 0.25
0.769194 0.230806 0
0.10984 0.507428 0.382733
0.425897 0.0810901 0.493013
0.80774 0.19226 0
0.0301325 0.116862 0.853005
0.381939 0.319273 0.298788
0.223962 0.277886 0.498152
0.461146 0.538854 0
0.652371 0 0.347629
0.0772124 0.922788 0
0.499309 0.162162 0.338529
0.422051 0.214975 0.362974
0.0385978 0.961402 0
0.463287 0.246723 0.28999
0.0938873 0.199196 0.706916
0.49959 0.50041 0
0.0743362 0.388915 0.536749
0.0247912 0.686872 0.288337
5.06598e-18 0.187282 0.812718
0.307871 0.692129 0
0.518127 0 0.481873
0.167438 0.352186 0.480376
0.0588815 0 0.941118
0.0203045 0.470959 0.508736
0.0741345 0.596758 0.329107
0.278914 0.433987 0.287098
0.194956 0.46714 0.337904
0.0685555 0.157785 0.773659
0.114407 0.250236 0.635357
0.653526 0.346474 0
0.22864 0.388939 0.382421
0.0307434 0.560592 0.408665
0.687602 0.0360674 0.276331
0.269537 0.730463 0
0.730664 0.269336 0
0.467159 0.114381 0.41846
0.262664 0.124017 0.613319
0.152547 0.422872 0.42458
2.705e-17 1 0
0.26235 0.313 0.42465
0.84625 0.15375 0
0.961624 0.0383761 0
0.540807 0.0671408 0.392052
0.572607 0.146741 0.280651
0.241422 0.0730736 0.685504
0.0981621 0.321788 0.58005
0.308538 0.225228 0.466234
0.231205 0.768795 0
0.155901 0.112663 0.731436
0.154294 0.845706 0
0.585298 3.41209e-05 0.414668
0.279211 0 0.720789
0.595584 0.0784817 0.325935
0.14796 0.544215 0.307824
1.1424e-17 0.42233 0.57767
0.173035 0.576965 0.25
0.0361527 0.289888 0.673959
0.351233 0.398767 0.25
0.451331 0.0143734 0.534295
0 0 1
0.189984 0.251834 0.558183
0.614997 0.385003 0
0.384475 0.615525 0
0.327724 0.0903995 0.581876
0.923195 0.0768054 0
2.31067e-17 0.75 0.25
0.0994074 0.650593 0.25
0.171253 0.213579 0.615168
0.538053 0.461947 0
0.345832 0.267905 0.386263
9.66525e-18 0.35731 0.64269
1.72348e-17 0.637147 0.362853
0.0895805 0.0309895 0.87943
0.39856 0 0.60144
0.576538 0.423462 0
0.884755 0.115245 0
0.44278 0.30722 0.25
0.192587 0.151582 0.655831
0.334179 0.0177686 0.648052
0.271844 0.186844 0.541311
0.307055 0.35318 0.339765
0.115756 0.884244 0
0.387952 0.173219 0.438829
0 0.0803062 0.919694
0.246921 0.503079 0.25
0.692081 0.307919 0
0.192798 0.807202 0
0.536481 0.213519 0.25
0.207023 0.0238996 0.769078
0.642725 0.107275 0.25
0.346186 0.653814 0
1 0 0
1.43711e-17 0.53128 0.46872
0.0897287 0.448874 0.461398
