0.0850995 0 0.9149
0.369443 0.362558 0.267999
0.70005 0.29995 0
0.449432 0.0751056 0.475462
0.676697 0.0733034 0.25
0.67327 0 0.32673
2.49607e-17 0.661557 0.338443
0.455996 0.198626 0.345379
0.603379 0.146621 0.25
0.281354 0.397331 0.321315
5.30705e-17 1.08259e-16 1
0.156837 0.408899 0.434265
0.170027 0.283243 0.54673
0.813023 0.186977 0
0.236453 0.763547 0
0.563671 0.0871551 0.349174
0.30604 0.140167 0.553794
2.2041e-17 0.584174 0.415826
0.775413 0.224587 0
0.0305323 0.431253 0.538214
0.246913 0.481277 0.271811
0.081119 0.33266 0.586221
0.203981 0.323158 0.472861
0.156908 0.226428 0.616665
0.0159767 0.0497675 0.934256
0.75 0 0.25
0.431584 0.568416 0
0 0.342866 0.657134
0.31765 0.43235 0.25
0.392849 0.607151 0
0.5967 0 0.4033
0.406676 0.0277655 0.565558
0.887909 0.112091 0
0.202541 0.547459 0.25
4.85723e-17 1 0
0.0951805 0.258404 0.646416
0.0280188 0.160558 0.811423
0.737726 0.262274 0
0.254176 0.234712 0.511112
1.92467e-17 0.510114 0.489886
0.925309 0.074691 0
0.0793995 0.0784 0.842201
0.0208229 0.281381 0.697796
0.508738 0.241262 0.25
0.850527 0.149473 0
0 0.401925 0.598075
0.118285 0.881715 0
0.21872 0.0716917 0.709588
0.0393906 0.960609 0
4.48386e-18 0.11884 0.88116
0.307593 0.0210815 0.671326
0.116328 0.373792 0.50988
0.146343 0 0.853657
0.547474 0.452526 0
0.662123 0.337877 0
0.2888 0.277877 0.433323
0.0714646 0.197643 0.730893
0.438499 0.311501 0.25
0.962699 0.0373012 0
0.624011 0.375989 0
0.530241 0.0273048 0.442455
0.370996 0.235216 0.393788
0.35403 0.64597 0
0.328661 0.318472 0.352867
0.314855 0.685145 0
0 0.230273 0.769727
0.135484 0.614516 0.25
0.0706896 0.465312 0.463998
0.370465 0 0.629535
0.281537 0.0954725 0.622991
0.254249 0 0.745751
0.0522031 0.692887 0.25491
0.199125 0.4454 0.355474
0.470452 0.529548 0
0.412212 0.154669 0.433119
0.491624 0.117719 0.390656
0.632424 0.0575489 0.310027
0.0801554 0.55982 0.360024
0.410476 0.273871 0.315653
1 0 0
0.585738 0.414262 0
0 0.75 0.25
0.200592 0.138662 0.660746
0.120841 0.111938 0.767221
0.197144 0.802856 0
0.333737 0.191779 0.474483
0.242142 0.361199 0.396659
0.138444 0.165148 0.696408
0.0788037 0.921196 0
0.482631 0 0.517369
0.229523 0.18608 0.584397
0.509093 0.490907 0
0.157442 0.524297 0.318261
0.111268 0.491007 0.397725
0.178693 0.0303232 0.790983
0.15772 0.84228 0
0.0645096 0.628011 0.30748
0.534894 0.169867 0.295239
0.37336 0.104729 0.521911
0.275731 0.724269 0
