0 0.75 0.25
0.000962508 0.47395 0.525087
0.201343 0.170803 0.627854
0.0776307 0.283255 0.639114
0.195916 0.804084 0
0.650084 0 0.349916
0.22527 0.219267 0.555463
0.356183 0 0.643817
0.274787 0.725213 0
0 0.203309 0.796691
0.0645025 0.0572781 0.878219
0.033801 0.690198 0.276001
0.75 0 0.25
0.139695 0.39045 0.469855
1 0 0
0.0217732 0.579622 0.398605
0.0154538 0.135943 0.848603
0 0.649924 0.350076
0.227843 0 0.772157
0.115245 0.208394 0.676362
0 0.313205 0.686795
0.314512 0.685488 0
0.0651931 0.428629 0.506178
0.174692 0.434461 0.390847
0.0838094 0.481023 0.435167
0.192692 0.0619195 0.745389
0.155217 0 0.844783
0.257119 0.276772 0.466109
0 0.53813 0.46187
0.0776064 0 0.922394
0.563805 0.185665 0.25053
0.15437 0.511497 0.334133
0.363529 0.166726 0.469745
0.0276103 0.246325 0.726065
0.0766285 0.60739 0.315981
0.434036 0.565964 0
0.316537 0.433463 0.25
0.182084 0.306373 0.511543
0.490589 0.259411 0.25
0.0314194 0.355146 0.613435
0.377983 0.285206 0.336812
0.174451 0.570656 0.254893
0.222144 0.468254 0.309602
0.959594 0.0404059 0
0.262994 0.396588 0.340418
0.245334 0.0946586 0.660008
0 0.410825 0.589175
0.107859 0.642141 0.25
0.688822 0.0369758 0.274202
0.0982774 0.536876 0.364847
0.797579 0.202421 0
0.675849 0.324151 0
0.105179 0.340597 0.554224
0.484145 0.065402 0.450453
0.716457 0.283543 0
0.635401 0.364599 0
0.534689 0.0986216 0.366689
0.244955 0.505045 0.25
0.156524 0.843476 0
0.29811 0.134999 0.56689
0.326622 0.0679424 0.605435
0.300074 0.321091 0.378836
0 0.0760578 0.923942
0.447288 0.133342 0.41937
0.514225 0.485775 0
0.412615 0.204221 0.383165
0.354142 0.645858 0
0.390835 0.0970375 0.512127
0.75701 0.24299 0
0.078179 0.921821 0
0.603666 0.0802919 0.316043
0.532932 0 0.467068
0.23533 0.76467 0
0.333966 0.242904 0.42313
0.0757537 0.164699 0.759547
0.0390054 0.960995 0
0.346564 0.365619 0.287817
0.838085 0.161915 0
1.00789e-16 6.92195e-19 1
0.157061 0.132453 0.710485
0.878593 0.121407 0
0.394091 0.605909 0
0.111148 0.0882954 0.800556
0.637495 0.112505 0.25
0.416905 0.333095 0.25
0.919126 0.0808744 0
0.150938 0.254401 0.594661
0.286296 0.012499 0.701205
0.455382 0.236828 0.307791
0.464525 0 0.535475
0.406263 0.0235943 0.570143
0.473995 0.526005 0
0.579749 0.0200301 0.400221
0.28833 0.200159 0.511511
0 1 0
0.219397 0.355133 0.425469
0.117275 0.882725 0
0.594787 0.405213 0
0.554567 0.445433 0
0.503785 0.164794 0.331421
