0.287834 0.0795528 0.632613
0.532042 0.467958 0
0.364759 0.0557755 0.579465
0.581606 0 0.418394
0.158606 0.564639 0.276755
0.689285 0 0.310715
0.250426 0.1599 0.589673
0.215683 0 0.784317
0.564929 0.185069 0.250002
0.110383 0.639616 0.250002
0.0909407 0.238975 0.670085
0.112291 0.887709 0
1.03189e-16 7.28858e-17 1
0.609697 0.390303 0
0.33258 0.352646 0.314774
0.116528 0.105011 0.778461
0.284261 0.322207 0.393532
0.333877 0.240061 0.426063
0.155491 0.0287844 0.815725
0.0374798 0.687619 0.274901
0.0228637 0.152674 0.824462
6.56508e-18 0.459414 0.540586
0.0748122 0.925188 0
0.37676 0.158541 0.464699
0.0398856 0.321581 0.638533
0.258115 0.392461 0.349424
0.804807 0.195193 0
0.0735129 0.0723482 0.854139
0.229903 0.468802 0.301295
0.570894 0.429106 0
0.108198 0 0.891802
0.187528 0.812472 0
0 0.749998 0.250002
0.726473 0.273527 0
0.423424 0.311673 0.264903
0.461196 0.225613 0.313191
0.64827 0.35173 0
5.57891e-18 0.390403 0.609597
0.0816861 0.597108 0.321205
0.189145 0.417649 0.393207
0.216132 0.533866 0.250002
0.102541 0.466908 0.430551
0.225362 0.774638 0
0.41621 0.58379 0
4.16192e-18 0.291245 0.708755
0.371167 0.378831 0.250002
0.391326 0 0.608674
0.1475 0.38658 0.46592
0.0159887 0.511444 0.472567
0.465085 0.1123 0.422614
0.961022 0.0389778 0
0.0916564 0.353963 0.55438
0.667529 0.0824694 0.250002
0.210958 0.1121 0.676942
0.510179 0.152239 0.337582
1.0349e-18 0.221064 0.778936
0 0.651996 0.348004
1 0 0
0.510307 0.0253536 0.46434
0.316317 0 0.683683
0.249025 0.289981 0.460995
0.625551 0.0299882 0.34446
0 0.581227 0.418773
0.0640076 0.54722 0.388772
0.172471 0.197677 0.629851
0.263235 0.736765 0
0.377761 0.622239 0
0.41997 0.0791332 0.500897
0.149818 0.850182 0
0.376333 0.27528 0.348386
0.493322 0.506678 0
0.212063 0.241605 0.546333
0.922026 0.0779736 0
0.0327029 0.0284939 0.938803
0.0373967 0.962603 0
0.454768 0.545232 0
0.144058 0.504105 0.351837
1.07957e-17 1 0
0.241692 0.0367607 0.721547
4.8674e-19 0.103972 0.896028
0.749998 0 0.250002
0.30127 0.69873 0
0.130559 0.279635 0.589806
0.843909 0.156091 0
0.302733 0.447265 0.250002
0.065767 0.424654 0.509579
0.493763 0.256235 0.250002
0.143692 0.146605 0.709703
0.596888 0.115196 0.287916
0.290944 0.204779 0.504278
0.0667369 0.190425 0.742838
0.687377 0.312623 0
0.330092 0.126254 0.543654
0.765607 0.234393 0
0.466375 0 0.533625
0.882973 0.117027 0
0.420197 0.192183 0.387619
0.178059 0.320689 0.501252
0.339442 0.660558 0
0.546106 0.0768112 0.377083
