0.588429 0.0820795 0.329492
0.683614 0.0661772 0.250209
0.75 0 0.25
0.109505 0.356894 0.533601
0.385418 0.250759 0.363823
0.309574 0.191698 0.498728
0.372723 0 0.627277
0.155804 0.844196 0
0.425465 0.167961 0.406574
0.14489 0.292309 0.562801
0.34248 0.219118 0.438402
0.439064 0.289707 0.271229
0.550188 0.170483 0.279329
0.924575 0.075425 0
0.241482 0.129319 0.629199
1.64403e-17 0.453247 0.546753
0.198969 0.0278824 0.773149
0.0789707 0.670377 0.250652
0.505623 0.494377 0
0.311781 0.688219 0
0.670647 0.0129048 0.316449
0.544117 0.455883 0
0.356979 0.319285 0.323736
0.233798 0.766202 0
0.234036 0.372719 0.393245
0.0175199 0.508006 0.474474
0.116857 0.883143 0
0.466978 0.085198 0.447824
0.0280195 0.62266 0.34932
0.109054 0.575006 0.315941
0.0869604 0.0355948 0.877445
0.350704 0.649296 0
0.186653 0.21568 0.597667
0 0.0830451 0.916955
0.196704 0.325361 0.477936
0.380651 0.133561 0.485787
0.198581 0.532194 0.269226
0 0.265213 0.734787
0.509868 0.123543 0.36659
0.886883 0.113117 0
0.444391 0 0.555609
0 0.191797 0.808203
0.0732345 0.426503 0.500263
0.0389317 0.961068 0
0.224798 0.0816101 0.693592
0.303968 0.0348513 0.661181
0.0728103 0.537818 0.389372
0.276212 0.163699 0.560089
0.268471 0 0.731529
0.849052 0.150948 0
0 0 1
1 0 0
0.272814 0.727186 0
0.582546 0.417454 0
0.333394 0.0870366 0.579569
0.466979 0.205625 0.327397
0.550984 0.0348975 0.414118
0.232719 0.249741 0.51754
0.619597 0 0.380403
0.282 0.292482 0.425517
0.194787 0.805213 0
0 0.577823 0.422177
0.112781 0.46483 0.422389
0.0273796 0.380145 0.592475
0.516059 0 0.483941
0.161562 0.120361 0.718077
0.773321 0.226679 0
0.962263 0.0377372 0
0.0309448 0.122366 0.84669
0.295363 0.351811 0.352826
0.318676 0.411619 0.269705
0.117581 0.0821463 0.800273
0.620938 0.379062 0
0.0778888 0.922111 0
0.157464 0.48909 0.353446
0.0823147 0.159453 0.758232
9.31164e-17 1 0
0.158752 0 0.841248
0.811284 0.188716 0
0.69716 0.30284 0
0.508294 0.241706 0.25
0 0.33865 0.66135
0.0597064 0.234002 0.706291
0.225534 0.445918 0.328548
0 0.75 0.25
0.389607 0.610393 0
0.466917 0.533083 0
0.389395 0.360605 0.25
0.0588313 0 0.941169
0.139479 0.191496 0.669025
0.148903 0.601097 0.25
0.268608 0.481392 0.25
0.617359 0.132641 0.25
0.0874986 0.279403 0.633098
0.428228 0.571772 0
0.159306 0.398813 0.441881
0.659071 0.340929 0
2.49348e-17 0.687435 0.312565
0.413426 0.0599018 0.526672
0.735225 0.264775 0
