1 0 0
0.692029 0 0.307971
0.249684 0.237433 0.512883
0.3358 0.137435 0.526765
0.399609 0.280628 0.319762
0.310814 0.689186 0
0.15458 0.0117325 0.833688
0 0.194136 0.805864
0.166643 0.0999519 0.733405
0.132589 0.354497 0.512914
0.479593 0.109235 0.411172
0.7647 0.2353 0
0.172625 0.274643 0.552732
0.120719 0.620701 0.25858
0.350198 0.649802 0
0.882511 0.117489 0
0.315651 0.205785 0.478564
0.359651 0.243314 0.397034
0.0589525 0.242689 0.698358
0.598338 0.122292 0.27937
0.0698409 0.507893 0.422267
0 0.549257 0.450743
0.197694 0.460266 0.34204
0.0616432 0.385244 0.553113
0.205711 0.323556 0.470732
0.8434 0.1566 0
1.25734e-17 0.75 0.25
0.435868 0.314131 0.25
0.395717 0.162732 0.441551
0.0802929 0.15648 0.763227
0.00294406 0.340892 0.656164
0.486119 0.243111 0.27077
0 0.0935906 0.906409
0.239533 0.370112 0.390355
0.0177466 0.604472 0.377781
0.556164 0.193836 0.25
0.552724 0.0741761 0.3731
0.406529 0.550411 0.0453884
0.116561 0.0766003 0.806838
0.568623 0.431377 0
0.289328 0.102475 0.608196
0.960902 0.039098 0
0.275571 0.408519 0.315911
0.68599 0.31401 0
0.595326 0 0.404674
0.725298 0.274702 0
0.0384723 0.961528 0
0.921785 0.0782151 0
1.04287e-17 1 0
0.0881697 0.306187 0.605643
0.271474 0.728526 0
0.434001 0.472083 0.099421
0.466982 0.0136264 0.519392
0.128554 0.515016 0.35643
0.00753756 0.47812 0.514343
0.622019 0.346079 0.0334875
0.43021 0.0855131 0.484277
0.193282 0.806718 0
0.40834 0 0.59166
0.231469 0.499724 0.268807
0.75 0 0.25
0.667306 0.082694 0.25
0.202229 0.145064 0.652707
0.530478 0 0.469522
0.282193 0.287171 0.430637
0.538901 0.461099 0
0.38674 0.605651 0.00785992
0.115602 0.884398 0
6.93084e-18 0.413424 0.586576
0.479465 0.520535 0
0.287675 0 0.712325
0.322068 0.328687 0.349245
0.305153 0.444847 0.25
0.373711 0.065936 0.560353
0.245441 0.0667998 0.68776
0.516885 0.155653 0.327462
0.0770252 0.922975 0
0.804099 0.195901 0
0 0.269308 0.730692
0.101346 0 0.898654
0.187195 0.562805 0.25
0.628379 0.0370719 0.33455
0.143929 0.232962 0.623109
0.0376018 0.117138 0.84526
0.12459 0.188477 0.686933
0.163064 0.412266 0.42467
0.234524 0.184976 0.5805
0.336925 0.0179344 0.64514
1.12197e-17 0.669253 0.330747
0.0363898 0.0285298 0.93508
0.365303 0.372737 0.26196
0.59956 0.40044 0
0.154402 0.845598 0
0.232283 0.767717 0
0.219381 0 0.780619
0.0908815 0.584135 0.324983
0.093714 0.439282 0.467004
7.5141e-17 1.0874e-16 1
0.0627908 0.687209 0.25
0.441352 0.198713 0.359935
