0.114605 0.0175424 0.867853
0.155224 0.301458 0.543318
0.0955959 0.203751 0.700653
0.206153 0.207546 0.586302
0.0978743 0.399712 0.502414
0.0738393 0.926161 0
0.680389 0.319611 0
6.20609e-18 0.19869 0.80131
0.18451 0.343869 0.471621
0.0766017 0.350815 0.572583
0.501978 0.163633 0.334389
0.17744 0.48788 0.33468
0.129632 0.252804 0.617564
0.0895133 0.519487 0.390999
0.959833 0.0401665 0
0.919515 0.0804846 0
0.60219 0.39781 0
0.605509 0.0685565 0.325934
0.351708 0.243534 0.404758
0.390952 0.286501 0.322547
0.316515 0 0.683485
0 0.633076 0.366924
0.259306 0.740694 0
0.334361 0.665639 0
0.342425 0.407575 0.25
0.318579 0.196359 0.485063
0.0368769 0.963123 0
0.0691015 0.162195 0.768704
0.563234 0.436766 0
0.269588 0.283862 0.44655
0.150614 0.0714498 0.777936
0 0.559438 0.440562
0.641146 0.358854 0
0.636526 0 0.363474
0.0801428 0.0947293 0.825128
0.222109 0.777891 0
0.305109 0.322943 0.371948
0.216452 0.422025 0.361523
1.01793e-17 0.325893 0.674107
0.538374 0.0878362 0.373789
0.0624906 0.598967 0.338542
0.4605 0 0.5395
0.386373 0.162887 0.450741
0.29587 0.152256 0.551875
0.529031 0.201458 0.269511
0.65828 0.0917202 0.25
0.320243 0.369005 0.310752
0.0129704 0.0686449 0.918385
0.524714 0.475286 0
0.407116 0.0883679 0.504517
0.271543 0.449338 0.279119
0.110777 0.889223 0
0.75 0 0.25
0.184891 0.815109 0
0.133061 0.557682 0.309257
0.24406 0.011192 0.744748
0.372199 0.627801 0
0.44792 0.55208 0
0.00471428 0.393144 0.602142
0.879304 0.120696 0
0.461214 0.120777 0.418009
0.185671 0 0.814329
0.284571 0.0599316 0.655498
0.431525 0.208942 0.359533
0 0.75 0.25
1.43466e-17 0.459312 0.540688
0.689533 0.0193675 0.2911
0.594116 0.155884 0.25
0.234752 0.364224 0.401024
0.486476 0.513524 0
0.719929 0.280071 0
0.0419957 0.486381 0.471624
0.147782 0.852218 0
0.838974 0.161026 0
0.163563 0.586437 0.25
0.799152 0.200848 0
4.09306e-18 0.131041 0.868959
0.410078 0.589922 0
0.0663953 0 0.933605
0.34937 0.0728932 0.577737
3.65957e-17 1 0
0.23411 0.51589 0.25
0.759372 0.240628 0
0.195084 0.0967808 0.708135
0.0610871 0.290916 0.647997
0.164327 0.167725 0.667949
0.0926546 0.657345 0.25
0.236713 0.247299 0.515988
0.496993 0.03539 0.467617
0.248155 0.127852 0.623993
4.95662e-17 6.14561e-17 1
0.296819 0.703181 0
0.136372 0.438945 0.424683
1 0 0
0.390723 0 0.609277
0.566532 0 0.433468
0.416029 0.333971 0.25
0.483339 0.266661 0.25
0.0114032 0.254579 0.734017
0.0189307 0.68799 0.293079
