0.039697 0.0244298 0.935873
0.530518 0.0985108 0.370971
1.15874e-17 0.75 0.25
0.326454 0.175921 0.497625
0.396681 0.603319 0
0.0512135 0.105386 0.843401
0.298137 0.247259 0.454605
0.276163 0 0.723837
0.183349 0.566651 0.25
0.55466 0.44534 0
0.177844 0.484376 0.33778
0.204161 0.0311863 0.764652
0.238699 0.761301 0
0.462895 0.126132 0.410973
0.422976 0.243672 0.333352
0.460098 0 0.539902
0.384922 0.335183 0.279895
0.515082 0.484918 0
0 1 0
0.0816033 0.216534 0.701862
0.836506 0.163494 0
0.795887 0.204113 0
0.492153 0.182065 0.325781
0.103729 0 0.896271
0.621986 0 0.378014
0.918011 0.0819889 0
0.0629491 0.474483 0.462568
0.634345 0.365655 0
0.347222 0 0.652778
0.244701 0.0682798 0.687019
0.0797566 0.920243 0
0.617155 0.107742 0.275103
0.398589 0.151716 0.449695
0.423069 0.0772201 0.499711
3.37318e-17 0.67052 0.32948
0.13419 0.550609 0.315201
8.54746e-18 0.169906 0.830094
0.223574 0.14152 0.634906
0.75542 0.24458 0
0.259852 0.323741 0.416407
0.180076 0.356917 0.463007
0 0.257415 0.742585
0.674543 0.00927157 0.316186
0.497214 0.0381197 0.464666
0.877192 0.122808 0
0.260257 0.188302 0.55144
0.436115 0.563885 0
0.342685 0.407315 0.25
0.559111 0 0.440889
0.217343 0.401468 0.381189
0.389254 0.0258515 0.584895
0.30172 0.0877598 0.61052
0.0532974 0.17603 0.770673
0.0612881 0.688712 0.25
0.714939 0.285061 0
0.299534 0.368736 0.331729
0.119597 0.880403 0
0.317788 0.682212 0
0.0437743 0.602689 0.353537
0.247096 0.447137 0.305767
0.0994161 0.395066 0.505518
0.0894606 0.521404 0.389135
0.958871 0.0411295 0
0.107904 0.265075 0.627021
0.223017 0.274113 0.502869
0.674582 0.325418 0
0.1692 0 0.8308
0 0.376406 0.623594
0.578971 0.171029 0.25
0.475534 0.524466 0
0.039867 0.960133 0
0.75 0 0.25
0.144393 0.119698 0.735909
2.89097e-17 0.574667 0.425333
0.263033 0.486967 0.25
3.39336e-17 0.0885132 0.911487
0.119185 0.0739026 0.806913
0.104946 0.627162 0.267893
0.157599 0.175057 0.667345
0.0216425 0.305499 0.672858
1 0 0
0.357269 0.642731 0
0.452924 0.297076 0.25
0.199159 0.800841 0
0.278303 0.721697 0
0.345899 0.111538 0.542563
0.15939 0.84061 0
0.589668 0.0682919 0.342041
0.340868 0.292688 0.366444
0.378653 0.21801 0.403337
0.594443 0.405557 0
0.140028 0.438774 0.421198
7.77863e-18 0.503475 0.496525
0.0695679 0.345286 0.585146
6.96496e-17 1.73045e-19 1
0.684124 0.0658762 0.25
0.145352 0.31051 0.544138
0.0135711 0.433705 0.552724
0.511743 0.229721 0.258536
0.185603 0.227925 0.586472
