0.566071 0.433929 0
0.191078 0 0.808922
0.580299 0 0.419701
0 0.134653 0.865347
0 0.42979 0.57021
0.361137 0.0523791 0.586483
0.352053 0 0.647947
0.309488 0.13895 0.551561
0.219547 0.191196 0.589258
0.685768 0 0.314232
0.121975 0 0.878025
0.0404405 0.959559 0
0.509338 0 0.490662
0.121385 0.878615 0
0.20583 0.54417 0.25
0.646124 0.353876 0
0.0431996 0.525972 0.430828
0.3239 0.6761 0
0.0789183 0.0855707 0.835511
0.29947 0.269057 0.431473
0.0164959 0.367401 0.616103
0.420225 0.329775 0.25
0.226137 0.292932 0.48093
0.843812 0.156188 0
0.445247 0.195572 0.359181
0.242835 0.757165 0
0.404932 0.595068 0
0.215598 0.440186 0.344216
0.190852 0.347208 0.461939
0.527395 0.0826072 0.389998
5.38899e-18 0.311628 0.688372
8.28379e-18 1 0
0.159001 0.414844 0.426155
0.75 0 0.25
0.0606114 0.276138 0.663251
0.13518 0.61482 0.25
0 0.75 0.25
0.445466 0.554534 0
0.882881 0.117119 0
0.250774 0.3595 0.389726
4.1318e-18 0.238929 0.761071
0.293115 0.0395395 0.667346
0 0.686657 0.313343
0.210693 0.0821872 0.707119
0.345875 0.180571 0.473554
0.172733 0.158305 0.668962
0.525992 0.474008 0
0.364411 0.635589 0
0.0313848 0.61849 0.350125
0.332847 0.318203 0.34895
0.485774 0.514226 0
0 0.496011 0.503989
0.120194 0.129175 0.750631
0.394824 0.0935413 0.511635
0.261977 0.11198 0.626044
0.804545 0.195455 0
0.17021 0.275525 0.554265
0.0724186 0.669122 0.25846
0.0858792 0.202149 0.711972
1.11075e-18 5.44004e-17 1
0.264187 0.221346 0.514467
0.398244 0.282688 0.319068
0.921947 0.0780531 0
0.0809144 0.919086 0
0.283335 0.716665 0
0.110787 0.373334 0.515879
0.135157 0.236577 0.628266
0.17322 0.515537 0.311243
0.158638 0.0583753 0.782987
0.0333445 0.16998 0.796676
0.0995396 0.56949 0.330971
0.344527 0.405473 0.25
0 0.0673199 0.93268
0.088532 0.325977 0.585491
0.269634 0.474776 0.25559
0.765012 0.234988 0
0.429597 0.138892 0.431511
0.20232 0.79768 0
0.579157 0.108846 0.311997
0.260129 0 0.739871
0.299901 0.388285 0.311814
0 0.588716 0.411284
0.606193 0.393807 0
0.619475 0.0315755 0.34895
0.161826 0.838174 0
0.960899 0.0391009 0
0.0744215 0.448113 0.477465
0.725478 0.274522 0
0.506824 0.160866 0.33231
1 0 0
0.474198 0.0612284 0.464574
0.538292 0.211708 0.25
0.67209 0.0754468 0.252463
0.373941 0.228197 0.397862
0.68592 0.31408 0
0.43816 0 0.56184
0.606723 0.143277 0.25
0.0620506 0.0186594 0.91929
0.474802 0.254553 0.270646
0.1238 0.487466 0.388733
