0.212722 0.303425 0.483853
0.093649 0.57703 0.329321
9.92204e-18 1 0
0.107081 0.408545 0.484375
0.844167 0.155833 0
0.0804713 0.0632584 0.85627
0.617242 0.132758 0.25
0.106293 0 0.893707
0.612899 0.0310501 0.356051
0.0147462 0.684385 0.300869
1 0 0
0 0.436226 0.563774
0.091735 0.277931 0.630334
0.130228 0.198567 0.671205
0.382854 0.346698 0.270447
0.337955 0.186036 0.476008
0.0863896 0.164213 0.749397
0.15138 0.84862 0
0.520687 0.0841173 0.395195
0.75 0 0.25
0.143198 0.606802 0.25
0.39083 0.105431 0.503739
0.24145 0.239875 0.518675
0.0303886 0.141189 0.828423
0.29798 0.264273 0.437746
0.178781 0 0.821219
0.128664 0.0856783 0.785658
0.21819 0.153497 0.628313
0.0342728 0.56534 0.400388
0 0.633539 0.366461
0.38375 0.218292 0.397958
0.475127 0.169579 0.355294
0.688798 0.311202 0
0.075488 0.924512 0
0.174093 0.116543 0.709364
0.0377377 0.962262 0
0.468927 0.0590983 0.471975
0.170885 0.51248 0.316635
0.92206 0.0779405 0
0.380081 0.619919 0
0 0.531723 0.468277
0.332315 0.417685 0.25
0.552486 0.197514 0.25
0.296967 0.381671 0.321362
0.288189 0 0.711811
0.34177 0.65823 0
0.344514 0.0123735 0.643113
0.495064 0.224201 0.280735
0.0350437 0.459631 0.505325
0.265483 0.734517 0
0.650081 0.349919 0
0.533982 0.466018 0
0.805266 0.194734 0
0 0.75 0.25
0.494516 0 0.505484
0.113388 0.886612 0
0.032498 0.0277968 0.939705
0.261409 0.469338 0.269254
0.611334 0.388666 0
0 0.310834 0.689166
0.766427 0.233573 0
0.30355 0.69645 0
0 0.210453 0.789547
0.88309 0.11691 0
5.88188e-17 1.07715e-16 1
0.456808 0.543192 0
0.66806 0.0699226 0.262017
0.219789 0.426643 0.353568
0.256161 0.0736555 0.670183
0.451236 0.298764 0.25
0.178971 0.380502 0.440527
1.00806e-18 0.101598 0.898402
0.0809331 0.666075 0.252992
0.227414 0.772586 0
0.0696663 0.35241 0.577924
0.27717 0.171282 0.551547
0.178094 0.23145 0.590456
0.14424 0.465094 0.390666
0.189417 0.810583 0
0.303401 0.104035 0.592564
0.572654 0.427346 0
0.038902 0.243815 0.717283
0.495404 0.504596 0
0.418523 0.581477 0
0.4308 0.138677 0.430522
0.0046403 0.371064 0.624296
0.257097 0.342896 0.400007
0.340384 0.302616 0.357
0.568012 0.111518 0.32047
0.369949 0.0688923 0.561159
0.571278 0 0.428722
0.0804607 0.495778 0.423761
0.727565 0.272435 0
0.14204 0.32109 0.536869
0.418384 0.257022 0.324593
0.212369 0.537631 0.25
0.680892 0 0.319108
0.961008 0.0389919 0
0.417694 0 0.582306
0.21718 0.029332 0.753488
