0.169272 0 0.830728
0.118698 0.165456 0.715845
0.852121 0.147879 0
0.145991 0.197359 0.656649
0.889344 0.110656 0
0.172993 0.572596 0.25441
0.436758 0.313242 0.25
0.11733 0.31627 0.5664
0.486349 0.10028 0.413371
0 0.380701 0.619299
0.26089 0.306558 0.432553
0.1715 0.235641 0.592859
0.223251 0.137539 0.63921
0.301285 0.0923037 0.606411
0.434965 0.565035 0
0.408347 0.155048 0.436606
0.537961 0.0229939 0.439045
0.0890563 0.133861 0.777083
0.457955 0.202046 0.339999
0.0648329 0.298653 0.636514
0.509303 0.240697 0.25
0.127947 0.531508 0.340545
0.473834 0.526166 0
0.340433 0 0.659567
0.62209 0.12791 0.25
0.48986 0 0.51014
0.68178 0.0596966 0.258523
0 1 0
0.317749 0.682251 0
0.168653 0.344234 0.487113
0.141653 0.0582886 0.800058
0.0969645 0 0.903036
0.0705053 0.387444 0.542051
0.406255 0.276593 0.317152
0.32873 0.181493 0.489777
0.665103 0.334897 0
0.512518 0.487482 0
0.0797802 0.92022 0
0.815055 0.184945 0
0.159447 0.840553 0
0.173157 0.44944 0.377403
0.702826 0.297174 0
0.0684915 0.23992 0.691588
0.255369 0.188665 0.555966
0 0.111635 0.888365
0 0.539145 0.460855
0.270267 0.401848 0.327886
0.119629 0.880371 0
0.356898 0.643102 0
0.238853 0.761147 0
0 0.459914 0.540086
0.55171 0.171647 0.276642
0.278333 0.721667 0
0.199202 0.800798 0
0.0798523 0.60474 0.315408
0.131885 0.414595 0.45352
0 0.647148 0.352852
0.0675082 0.0795251 0.852967
0 0.305866 0.694134
0.220982 0.375015 0.404003
0.295642 0.2459 0.458458
0.926231 0.0737687 0
0.67033 0.00295632 0.326714
1 0 0
0 0 1
0.606577 0 0.393423
0.395935 0.604065 0
0.039899 0.960101 0
0.589393 0.410607 0
0.370104 0.232824 0.397073
0.381391 0.0554287 0.56318
0.777639 0.222361 0
0.439038 0.0749957 0.485966
0.318315 0.431685 0.25
0.627333 0.372667 0
0.320219 0.322664 0.357116
0.0160592 0.168441 0.8155
0.269016 0.0427535 0.68823
0.588863 0.0767615 0.334375
0.348002 0.122733 0.529265
0.740296 0.259704 0
0.364509 0.363469 0.272022
0.0310657 0.576271 0.392663
0.186612 0.0885804 0.724808
0.212424 0.479238 0.308338
0.0554184 0.450404 0.494178
0.0317978 0.689186 0.279016
0.0231515 0.0378195 0.939029
0.75 0 0.25
0.105826 0.644174 0.25
0.51567 0.128805 0.355525
0 0.23099 0.76901
0.241646 0 0.758354
0.212181 0.270693 0.517126
0.245171 0.504829 0.25
1.29034e-17 0.75 0.25
0.415107 0 0.584893
0.0868333 0.495701 0.417465
0.550795 0.449205 0
0.963194 0.0368057 0
