0.347248 0.652752 0
4.33699e-17 1 0
0.617015 0.382985 0
0.471484 0.278516 0.25
0.231399 0.768601 0
0.636017 0.0589541 0.305029
0.770726 0.229274 0
0.27001 0.72999 0
0.961834 0.0381663 0
0.732354 0.267646 0
0.0631733 0.686827 0.25
0 0.75 0.25
0.252951 0.15985 0.587198
0.675706 0 0.324294
0 0.108032 0.891968
0.398092 0.351908 0.25
0.375763 0.0323449 0.591892
0.515269 0.211314 0.273417
0.208077 0.251773 0.54015
0 0.237392 0.762608
0.149973 0.025176 0.824851
0.169887 0.49875 0.331363
0.569811 0.064231 0.365958
0.655491 0.344509 0
0.159541 0.590459 0.25
0.32472 0.42528 0.25
0.0958758 0.617246 0.286878
0.0932761 0.513132 0.393592
0.17879 0.0792457 0.741964
0.693923 0.306077 0
0.455679 0.0427142 0.501607
0.389972 0.204453 0.405575
0.219128 0 0.780872
0.368513 0.325271 0.306216
0.217265 0.1179 0.664835
0 0.540782 0.459218
0.262711 0.0259618 0.711328
0.544345 0.130796 0.324859
0.424397 0.575603 0
0.3403 0.107465 0.552236
0.66963 0.08037 0.25
0.308633 0.691367 0
0.192798 0.807202 0
0.243846 0.285637 0.470517
0.294032 0.0774853 0.628483
0.75 0 0.25
0.129062 0.438886 0.432052
2.91866e-17 0.672968 0.327032
0.435425 0 0.564575
0.288516 0.377381 0.334103
0 0.44201 0.55799
0.468299 0.166962 0.364739
0.361688 0.153742 0.48457
0.0672973 0.576276 0.356427
0.923649 0.0763514 0
0.578528 0.421472 0
0 0 1
0.808998 0.191002 0
0.100771 0.120279 0.778949
0.427295 0.119657 0.453048
0.169264 0.353223 0.477514
0 0.3692 0.6308
0.285912 0.197908 0.51618
0.462936 0.537064 0
0.0623205 0.339751 0.597928
0.33323 0.291839 0.374931
0.425131 0.246516 0.328353
0.885496 0.114504 0
0.0662741 0.203609 0.730117
0.139666 0.164465 0.695869
0.173558 0.208885 0.617557
0.31343 0.243947 0.442623
0.499941 0.0851288 0.41493
0.239194 0.345789 0.415017
0.0410797 0.474119 0.484802
0.0696612 0.0771895 0.853149
0.22284 0.52716 0.25
0.0949472 0.255474 0.649579
0.332989 0 0.667011
0.253947 0.459155 0.286897
0.385818 0.614182 0
0.0770659 0.922934 0
0.530164 0 0.469836
0.54003 0.45997 0
0.115632 0.884368 0
0.589266 0.160734 0.25
0.501505 0.498495 0
0.204706 0.418464 0.376831
0.0385456 0.961454 0
0.0105171 0.297898 0.691585
0.135464 0.300708 0.563828
0.601332 0 0.398668
0.012953 0.166461 0.820586
0.0889115 0.39196 0.519128
0.847278 0.152722 0
0.103994 0 0.896006
0.154206 0.845794 0
1 0 0
0.00083024 0.606482 0.392688
0.0286376 0.0326663 0.938696
