0.261189 0 0.738811
0.0862159 0.461663 0.452121
0.436134 0.197718 0.366148
0.19777 0.467077 0.335154
9.57346e-20 0.509115 0.490885
0.737715 0.262285 0
0.251653 0.250029 0.498318
0.303665 0.446335 0.25
0.581799 0.104652 0.313549
0.49541 0.0134462 0.491144
0.0610804 0.407794 0.531125
0.294185 0.705815 0
0 0.437038 0.562962
0.210788 0.202354 0.586858
0.109886 0.890114 0
0.17133 0.286219 0.542451
0.683579 0.0588409 0.25758
0.849455 0.150545 0
0.109915 0 0.890085
0.475301 0.239756 0.284943
0.9247 0.0752998 0
0.887055 0.112945 0
1.64311e-20 0.0873801 0.91262
0.45046 0.54954 0
0.376185 0.372809 0.251007
0.146505 0.853495 0
0.383627 0.571846 0.048328
0 0.300262 0.699738
0.202901 0.0775602 0.719539
0.327127 0.0854527 0.58742
0.664379 0.335621 0
0.337718 0.337757 0.324525
0.529547 0.0727575 0.397696
0.289013 0.168401 0.542586
0.180724 0.569276 0.25
0.00639034 0.366295 0.627314
0.383594 0.268797 0.347609
0.0732637 0.926736 0
0.365601 0.13453 0.499869
0.520736 0.479264 0
0.247595 0.119855 0.632549
0.405531 0.170388 0.424081
0.133743 0.370612 0.495646
0.24595 0.37538 0.37867
1.15506e-19 0.614257 0.385743
0.115525 0.614159 0.270317
0.591832 0.408168 0
0.0671411 0.682859 0.25
0.109233 0.123547 0.76722
0.545892 0.204108 0.25
0.0336987 0.544989 0.421313
0.404825 0.0621343 0.533041
0.43737 0 0.56263
0.331604 0.217995 0.450401
0.295646 0.295006 0.409348
0.197285 0 0.802715
0.165501 0.157671 0.676828
0.183127 0.816873 0
0.610587 0.0295341 0.359878
0.556103 0.443897 0
0.618694 0.131306 0.25
0.211511 0.331317 0.457172
0.124373 0.50948 0.366147
0.75 0 0.25
0.442639 0.307361 0.25
0.0113582 0.22752 0.761122
0.774681 0.225319 0
0.962318 0.0376822 0
0.0441335 0.0216054 0.934261
0.0366351 0.963365 0
3.27599e-20 0.174216 0.825784
0.135878 0.0487491 0.815373
0.133759 0.238378 0.627863
0.292165 0.0356052 0.672229
0.565171 0 0.434829
0.669927 0 0.330073
0.0914394 0.325784 0.582777
0.165513 0.419689 0.414798
0.231116 0.506145 0.262738
0.628078 0.371922 0
0.00939667 0.67001 0.320593
0.277849 0.413294 0.308857
0 1 0
0.0792056 0.582071 0.338723
0.364184 0 0.635816
0 0.75 0.25
0.0841712 0.19516 0.720668
0.0621079 0.273503 0.664389
0.454446 0.0981164 0.447437
0.0525263 0.0999145 0.847559
0.256973 0.743027 0
1 0 0
0.700844 0.299156 0
0.48556 0.51444 0
0.220223 0.779777 0
0.331518 0.668482 0
0.363152 0.622091 0.0152133
0.507205 0.151327 0.341468
0.81185 0.18815 0
1.10184e-16 8.38252e-19 1
