0.198645 0.270152 0.531203
0.811516 0.188484 0
0.251079 0.305986 0.442935
0.35171 0.64829 0
2.05998e-17 0.473815 0.526185
0.412898 0.229067 0.358035
0.544953 0.455047 0
0.0307181 0.129716 0.839566
0.0621502 0.428895 0.508955
2.36718e-17 0.544473 0.455527
0.143496 0.0144538 0.84205
0.0139379 0.598359 0.387703
0.250748 0.422062 0.32719
0.84928 0.15072 0
0.75 0 0.25
0.117486 0.882514 0
0.09937 0.309126 0.591504
0.659667 0.340333 0
0.638471 0 0.361529
0.216096 0 0.783904
0.243905 0.190186 0.565909
0.57195 0.17805 0.25
1.08949e-17 0.306197 0.693803
0.15838 0.466397 0.375222
0.583393 0.416607 0
0.31282 0.68718 0
0.0634205 0.628746 0.307834
0.420648 0.329352 0.25
0.962329 0.0376706 0
0.150775 0.239547 0.609678
0.282665 0.00604411 0.711291
0.415497 0.103584 0.48092
0.495214 0.254786 0.25
0.187015 0.0608316 0.752153
0.034219 0.246782 0.718999
0.0783361 0.921664 0
0.38284 0.300028 0.317132
0.449291 0.139349 0.411361
0.516012 0.0975347 0.386454
0.152907 0.597093 0.25
0.347491 0 0.652509
0.524549 0 0.475451
0.156643 0.843357 0
0.0391591 0.960841 0
0.245739 0.0784155 0.675846
0.296731 0.345415 0.357854
0.105922 0.0871519 0.806926
0.118898 0.433219 0.447883
0.286383 0.228449 0.485167
0.370069 0.187023 0.442908
0.29201 0.103361 0.604629
0.924683 0.0753167 0
0.548141 0.14475 0.307109
0.477987 0.193979 0.328035
0.234824 0.765176 0
0.0303219 0.0351399 0.934538
0.506492 0.493508 0
0.207527 0.386035 0.406438
0.563323 0.0222037 0.414473
0.108069 0.364738 0.527193
0.0737024 0.508579 0.417719
0.332456 0.266617 0.400927
4.34765e-17 1 0
0.687402 0.026188 0.28641
0.0764375 0.673562 0.25
0.153315 0.130226 0.716459
0.697714 0.302286 0
0.172229 0.341789 0.485982
0 0.673644 0.326356
0.095767 0 0.904233
0.192309 0.500617 0.307074
0.200386 0.158672 0.640942
0.225695 0.524305 0.25
0.0340253 0.337586 0.628389
0.298499 0.451501 0.25
0 0.204907 0.795093
0.648696 0.101304 0.25
0.887038 0.112962 0
0.0762355 0.165876 0.757889
0.371163 0.0675876 0.561249
0.598614 0.0709073 0.330479
0.735714 0.264286 0
0.390658 0.609342 0
0.329195 0.147607 0.523198
0.418385 0 0.581615
1 0 0
0.273864 0.726136 0
0.621591 0.378409 0
0.773651 0.226349 0
0 0.403079 0.596921
0.461068 0.0300165 0.508916
0.467968 0.532032 0
0.108965 0.552174 0.338861
0 0.75 0.25
0.110284 0.212173 0.677543
3.57871e-18 0.100578 0.899422
0.195762 0.804238 0
0 0 1
0.429231 0.570769 0
0.346113 0.384192 0.269696
