0.924463 0.0755368 0
0.481389 0.238901 0.27971
0.599193 0.123813 0.276995
0.810976 0.189024 0
0.215866 0.474025 0.310109
0.195657 0.804343 0
0.14861 0.510013 0.341377
0.84889 0.15111 0
0.428118 0.212507 0.359375
0 0.172853 0.827147
0.0152715 0.506853 0.477876
0.363165 0.137761 0.499075
0.505519 0.494481 0
0.117466 0.882534 0
0.697109 0.302891 0
0.554101 0.0823687 0.36353
0.77307 0.22693 0
0.75 0 0.25
0.658983 0.341017 0
0.582575 0.417425 0
0 0.75 0.25
0.440155 0.0860047 0.47384
0.11248 0 0.88752
0.273646 0.726354 0
0 0.577819 0.422181
0.413351 0.0352623 0.551387
0.305981 0.444019 0.25
5.2077e-18 0.246321 0.753679
0.120951 0.256709 0.62234
0.341513 0.0573559 0.601131
0.513452 0.161033 0.325515
0.250338 0.27035 0.479312
0.102103 0.464907 0.43299
0.0605419 0.143057 0.796402
0.389874 0.610126 0
0.394869 0.355131 0.25
0.234744 0.765256 0
0.620662 0.379338 0
0.141154 0.380696 0.47815
1.45489e-17 0.688153 0.311847
0.467108 0.532892 0
0.230644 0.519356 0.25
0.45074 0.29926 0.25
0.263143 0.0773791 0.659477
0.378888 0.284132 0.33698
0.0852461 0.0656248 0.849129
0.544157 0.455843 0
0.185991 8.25966e-17 0.814009
0 0.452749 0.547251
0.0411817 0.280552 0.678266
0.0269711 0.62381 0.349219
0.281251 0.193259 0.52549
0.156548 0.843452 0
0.155287 0.594713 0.25
0.138117 0.0894278 0.772455
0 0.343579 0.656421
0.59116 0 0.40884
0.31259 0.68741 0
0.171899 0.302521 0.525579
0.735096 0.264904 0
0.182002 0.11386 0.704138
0.108012 0.579899 0.31209
0.0783675 0.921633 0
0.311678 0.117985 0.570337
0.037701 0.0247177 0.937581
0.886677 0.113323 0
0.218483 0.347897 0.43362
0.33277 0.368284 0.298946
0.555501 0.194499 0.25
0.428471 0.571529 0
0.329452 0.231919 0.438629
0.29964 0 0.70036
0.233143 0.152237 0.614619
0.378048 0 0.621952
0.0391669 0.960833 0
0.35128 0.64872 0
0.0847847 0.196745 0.71847
0.691359 0 0.308641
0.0699806 0.539986 0.390034
0.0234997 0.379664 0.596836
0.258377 0.396172 0.345451
0.962231 0.0377689 0
0.080493 0.669507 0.25
0.069498 0.416798 0.513704
0 0.0995108 0.900489
0.298466 0.313756 0.387778
0.17921 0.427872 0.392918
0.399072 0.176508 0.42442
1 0 0
1.25062e-17 9.85161e-17 1
0.201004 0.227355 0.571641
0.628652 0.0353469 0.336001
0.476823 0.123102 0.400075
0.667674 0.082326 0.25
0.483487 0 0.516513
0.522021 0.0313861 0.446593
0.227578 0.0269881 0.745434
0.0966066 0.332532 0.570862
0 1 0
0.155028 0.180932 0.66404
