0.111472 0.638528 0.25
0.41112 0.306175 0.282705
0.032089 0.572602 0.39531
0.683392 0.0666076 0.25
0.115133 0.884867 0
0.00838377 0.164422 0.827194
0.850058 0.149942 0
0 0.648942 0.351058
0.0837839 0 0.916216
0.108618 0.522496 0.368886
0.812413 0.187587 0
0.153769 0.846231 0
0.426718 0.573282 0
0.0197094 0.0443461 0.935944
0.505012 0.494988 0
0.145137 0.00321809 0.851645
0.617511 0.120928 0.261561
0.5254 0.163788 0.310812
0.582368 0.417632 0
0.202621 0.121234 0.676146
0.925226 0.0747743 0
0.698072 0.301928 0
0.368333 0.261696 0.36997
5.24674e-17 3.04372e-18 1
0.297703 0.189848 0.512449
5.63785e-17 1 0
0.22834 0.235212 0.536448
0.122365 0.34177 0.535865
0.192515 0.807485 0
0.32172 0.341849 0.336431
0 0.228826 0.771174
0.413789 0.173162 0.413049
0.0771505 0.601604 0.321245
0.231076 0.387387 0.381537
0.465833 0.534167 0
0.0766522 0.923348 0
1.32439e-18 0.353329 0.646671
0.239619 0.0410153 0.719366
4.06377e-19 0.108416 0.891584
0.621133 0.378867 0
0.0340754 0.386594 0.579331
0.384742 0.127412 0.487846
0.0881027 0.414225 0.497672
0.481821 0.268179 0.25
0.157649 0.0865471 0.755804
0.493994 0.122486 0.38352
0.373459 0.376541 0.25
0.387131 0.0419891 0.57088
0.774514 0.225486 0
0.226037 0.523963 0.25
0.362221 0 0.637779
0.38761 0.61239 0
0.251436 0.155746 0.592818
0.072784 0.136817 0.7904
0.580276 0.0801395 0.339584
0.328562 0.222697 0.44874
0 0.457624 0.542376
0.514294 0 0.485706
0.73651 0.26349 0
0.34837 0.65163 0
0.887666 0.112334 0
0.448996 0.217302 0.333702
0.189836 0.477066 0.333098
0.0360817 0.688221 0.275697
0.15297 0.268037 0.578993
0.451573 0 0.548427
0.157903 0.565468 0.27663
0.66884 0.0118168 0.319343
0.269898 0.421262 0.308841
0.0841698 0.300199 0.615632
0.337758 0.108959 0.553283
0.65956 0.34044 0
0.231387 0.768613 0
0.460164 0.0784432 0.461392
0.112251 0.170667 0.717081
0.0485473 0.486735 0.464717
0.545091 0.035239 0.41967
2.05353e-18 0.547854 0.452146
0.75 0 0.25
1.56125e-17 0.75 0.25
0.139114 0.44596 0.414926
0.0382023 0.961798 0
0.207259 0.307519 0.485223
0.616084 0 0.383916
0.302979 0 0.697021
0.270155 0.729845 0
0.281306 0.296867 0.421828
0.962612 0.0373883 0
0.209755 0 0.790245
0.09895 0.0678541 0.833196
0.289008 0.0790253 0.631967
0.175637 0.371001 0.453361
0.299724 0.450276 0.25
0.073924 0.243802 0.682274
0.309217 0.690783 0
1 0 0
0.00771643 0.287152 0.705132
0.16842 0.198709 0.632871
0.543734 0.456266 0
0.555919 0.194081 0.25
