0.378 0.0894942 0.532505
0.0756588 0.589453 0.334888
0 0.226925 0.773075
0.26083 0.426527 0.312643
0.136183 0.432282 0.431535
0.396046 0.603954 0
0.369654 0.378176 0.25217
0.0402702 0.263849 0.695881
0.777645 0.222355 0
0 0.426616 0.573384
0.0232042 0.15591 0.820886
0.673474 0.0765263 0.25
0.514373 0.235627 0.25
0.413839 0 0.586161
0.317004 0.267487 0.41551
0.207302 0 0.792698
0.495463 0.11093 0.393607
0.080096 0.919904 0
0 0.499502 0.500498
1 0 0
0.208198 0.162961 0.628842
0.160019 0.839981 0
0.511963 0.488037 0
0.533784 0.0245453 0.441671
0.0831806 0.392209 0.524611
0.318054 0.681946 0
0.626737 0.373263 0
0.889428 0.110572 0
0.245569 0.196775 0.557656
0.0722193 0.0753154 0.852465
0.120086 0.879914 0
0.299688 0.450312 0.25
0.105407 0.512725 0.381868
0.121613 0.102257 0.77613
0.14907 0.0275767 0.823354
0.550514 0.449486 0
0.27991 0.227398 0.492692
0.196993 0.277672 0.525335
0.85237 0.14763 0
0.702598 0.297402 0
0.0634162 0.466331 0.470253
0.451237 0.0664195 0.482343
0.473427 0.526573 0
0.304278 0 0.695722
0 1 0
0.75 0 0.25
0.126235 0.623765 0.25
0.156964 0.554594 0.288442
0.740171 0.259829 0
0.23926 0.76074 0
0.539966 0.164461 0.295573
0.664726 0.335274 0
0.46419 0.191058 0.344752
0.926407 0.0735926 0
0.225706 0.0421939 0.7321
0.169735 0.127996 0.702268
0.588645 0.411355 0
0.241997 0.313261 0.444742
0.486038 0 0.513962
0.815084 0.184916 0
0.227107 0.522893 0.25
0.441793 0.308207 0.25
0.301364 0.122291 0.576346
0.118921 0.214832 0.666247
0.027478 0.0337809 0.938741
0.600466 0 0.399534
0.0606899 0.684174 0.255136
0.0354826 0.35276 0.611758
0.347983 0.174304 0.477713
0.631367 0.0462356 0.322397
0.350793 0.31914 0.330068
0.00787361 0.67111 0.321017
0.154272 0.244846 0.600882
0.210791 0.392901 0.396308
0.278951 0.721049 0
0.183881 0.474078 0.342042
0.0803918 0.179404 0.740204
0 0.32624 0.67376
0.101999 0 0.898001
0.565327 0.0844872 0.350185
0.421133 0.268734 0.310133
0.607475 0.142525 0.25
0.161355 0.354037 0.484607
0 0.108302 0.891698
0.344673 0.032317 0.62301
0.109582 0.314816 0.575601
0.357139 0.642861 0
0.259803 0.0837538 0.656443
0.420026 0.144018 0.435956
7.74443e-17 8.90892e-17 1
0.690495 0 0.309505
0.386003 0.225603 0.388394
0.434648 0.565352 0
0.0221796 0.549339 0.428481
0.0400868 0.959913 0
0.199666 0.800334 0
0.286872 0.355165 0.357963
0 0.75 0.25
0 0.614889 0.385111
0.96325 0.0367503 0
