0.445136 0.111921 0.442943
0.75 0 0.25
0.0720926 0.398482 0.529425
0.76562 0.23438 0
0.405307 0.594693 0
1 0 0
0.133065 0.0418355 0.825099
0.324118 0.675882 0
0 1 0
0.180345 0.278393 0.541262
0.726082 0.273918 0
0.672652 0.0773481 0.25
1.17999e-17 0.309189 0.690811
0.0833837 0.666616 0.25
0.231567 0.168417 0.600016
0.80494 0.19506 0
0.439042 0 0.560958
0.686509 0.313491 0
0.206877 0.522525 0.270598
0.0687858 0.275756 0.655458
0.249346 0.0280284 0.722626
0.40949 0.179218 0.411292
0.164917 0.585083 0.25
1.65949e-17 0.434832 0.565168
0.276056 0.189647 0.534297
0.11549 0.519931 0.364579
0 0.63475 0.36525
0.511549 0.090534 0.397917
0.37263 0.307495 0.319875
0.0784598 0.135883 0.785657
0.486274 0.513726 0
0.246132 0.255858 0.49801
0.173647 0.482804 0.343548
0.105842 0.451796 0.442363
0.368662 0.0208262 0.610512
0.445817 0.554183 0
0.646844 0.353156 0
4.09376e-18 0.539404 0.460596
2.22464e-18 0.177994 0.822006
0.283595 0.716405 0
0.282312 0.0774501 0.640238
0.684598 0.00663211 0.30877
0.320342 0.110291 0.569367
0.1621 0.8379 0
0.883319 0.116681 0
0.121622 0.878378 0
0.217039 0.335927 0.447034
0.335035 0.399607 0.265357
0.961132 0.0388683 0
0.0405004 0.562545 0.396954
0.207993 0.120434 0.671573
0.0448035 0.0201589 0.935038
0.323365 0.221665 0.45497
0.165524 0.0847371 0.749739
0.505947 0.244053 0.25
0.620403 0 0.379597
0.361314 0.14797 0.490715
0.0171302 0.683785 0.299084
6.45121e-19 0.0850027 0.914997
0 0.75 0.25
0.0405581 0.959442 0
0.403244 0.346756 0.25
0.280817 0.302828 0.416355
0.359657 0.257584 0.382759
0.441028 0.27611 0.282862
0.401203 0.0731419 0.525656
0.614221 0.104536 0.281244
0.207798 0 0.792202
0.248026 0.43232 0.319654
0.139635 0.166486 0.693879
0.279586 0.470414 0.25
0.109643 0 0.890357
0.145499 0.36653 0.487971
0.0839095 0.203109 0.712982
0.583637 0.0627847 0.353578
0.526504 0.473496 0
0.0304415 0.479961 0.489597
0.295466 0.355061 0.349473
0.202607 0.797393 0
0.153946 0.225561 0.620492
0.00902781 0.237205 0.753767
0.044808 0.0995085 0.855683
0.243061 0.756939 0
0.573311 0.176688 0.25
0.31994 0 0.68006
0.194039 0.406661 0.3993
0.844267 0.155733 0
0.922347 0.0776529 0
0.104142 0.318281 0.577577
8.3232e-17 3.47613e-20 1
0.483861 0.0275314 0.488607
0.549438 0 0.450562
0.606759 0.393241 0
0.0811208 0.918879 0
0.566582 0.433418 0
0.364705 0.635295 0
0.0916121 0.599975 0.308413
0.0162922 0.36448 0.619227
0.459265 0.198817 0.341919
0.533076 0.147915 0.319009
