0.470556 0.279444 0.25
0.962123 0.0378771 0
0.365035 0.290239 0.344726
0.54318 0.45682 0
0.400973 0.34268 0.256347
0.2597 0.217966 0.522335
0.494662 0.0386201 0.466718
0.0855204 0.47648 0.437999
0.641252 0 0.358748
0.255314 0.494686 0.25
0.50481 0.49519 0
0.466371 0.533629 0
0.350645 0.649355 0
0.156303 0.843697 0
0.0782103 0.92179 0
0.145407 0.0622245 0.792368
0.658142 0.341858 0
0.311906 0.688094 0
0.160222 0.266838 0.572941
1 0 0
0 0.511763 0.488237
0.105301 0.133908 0.760791
0.0700507 0.312083 0.617866
0.16859 0 0.83141
0.528086 0.0899877 0.381926
0.75 0 0.25
0 0.582898 0.417102
0.465087 0 0.534913
0.848336 0.151664 0
7.36762e-18 1.03655e-16 1
0.209814 0.188929 0.601257
0.350139 0.0678267 0.582035
0.0214949 0.275998 0.702507
0.567085 0 0.432915
0.399194 0.207225 0.393581
0.602258 0.0641793 0.333562
0.162896 0.441174 0.39593
0.099381 0.351059 0.54956
0.31277 0.380036 0.307194
0.0618858 0.107177 0.830937
0.0973683 0.0281728 0.874459
0.109572 0.600039 0.290389
0.312627 0.246561 0.440812
0.304871 0.141509 0.55362
0.581611 0.418389 0
0.646577 0.103423 0.25
0.772345 0.227655 0
0 0.152162 0.847838
0.259291 0.313729 0.42698
0.734296 0.265704 0
0.619883 0.380117 0
3.96937e-18 0.225254 0.774746
0.389331 0.610669 0
0.33526 0 0.66474
0.234228 0.765772 0
0.924195 0.0758048 0
0.241727 0.410108 0.348166
0.254425 0.111124 0.634451
0 0.690396 0.309604
0.441616 0.244952 0.313432
0.573307 0.141386 0.285307
0.886261 0.113739 0
0.240751 0 0.759249
0.211016 0.476838 0.312146
0.427896 0.572104 0
0.688018 0.028389 0.283593
0.355472 0.168897 0.475631
0.114529 0.234489 0.650982
0.399237 0.00187354 0.59889
0.273062 0.726938 0
0 0.0792487 0.920751
0.207092 0.292338 0.50057
0.33204 0.41796 0.25
0.48875 0.169521 0.341728
0.541339 0.208661 0.25
0.810386 0.189614 0
0 0.343028 0.656972
7.23842e-18 0.410766 0.589234
0.0722786 0.197518 0.730204
0.445347 0.12626 0.428394
0.0613347 0 0.938665
0.180278 0.569722 0.25
0 0.75 0.25
0.197788 0.0849637 0.717248
0.195258 0.804742 0
0.0808986 0.669101 0.25
0.276699 0.0375279 0.685773
0.188753 0.365724 0.445523
0.0391035 0.960897 0
1.76218e-17 1 0
0.137394 0.519729 0.342877
0.065078 0.549967 0.384955
0.0273512 0.627986 0.344663
0.404596 0.087161 0.508243
0.0372461 0.440363 0.522391
0.117295 0.882705 0
0.696266 0.303734 0
0.290591 0.335719 0.37369
0.122245 0.395422 0.482333
0.161756 0.158273 0.679971
