0.0743986 0.202539 0.723062
0.168147 0.508215 0.323638
0.633631 0.366369 0
0.246955 0.354919 0.398126
0.466866 0.533134 0
0.194886 0.206431 0.598683
0.303377 0 0.696623
0.161728 0.0396663 0.798606
0.201627 0.319694 0.478679
0.112297 0.123034 0.764668
0.0237357 0.168584 0.80768
0.404128 0.0424536 0.553418
0 0.551404 0.448596
0.0209251 0.288426 0.690649
0.0749616 0.0815721 0.843466
0.273768 0.0581855 0.668046
0.496724 0.253276 0.25
0.504354 0.0193268 0.476319
0.114704 0.360638 0.524657
0.279887 0.164198 0.555915
1.00808e-17 0.239118 0.760882
0.298835 0.701165 0
0.644313 0.105687 0.25
0.323851 0.0854128 0.590736
0.0887832 0.548881 0.362336
0.380023 0.252079 0.367897
0.373745 0 0.626255
0.35709 0.195474 0.447436
0 0.473425 0.526575
0.383204 0.616796 0
0.252595 0.471747 0.275658
0.508689 0.491311 0
0.207483 0.432398 0.360119
0.387646 0.362354 0.25
0.0742715 0.321537 0.604191
0.450723 0.0918638 0.457413
0.209313 0.540687 0.25
1 0 0
0 0.358538 0.641462
0.756516 0.243484 0
0.304281 0.213956 0.481763
0.319889 0.430111 0.25
0.466254 0 0.533746
1.45354e-17 0.75 0.25
0.0245934 0.404718 0.570688
0.0626938 0.610922 0.326384
0.171207 0.828793 0
0 0 1
0.349511 0.32866 0.321829
0.919143 0.0808569 0
0.163145 0.394592 0.442262
0.838184 0.161816 0
0.423033 0.16596 0.411006
0.370409 0.122886 0.506705
2.65298e-17 0.629291 0.370709
0.12847 0.87153 0
4.21583e-17 1 0
0.959583 0.0404171 0
0.425081 0.574919 0
0.110409 0.245032 0.644558
0.499103 0.127608 0.37329
0.592044 0.407956 0
0.54168 0.0606819 0.397638
0.235625 0.24738 0.516994
0.256353 0.743647 0
0.75 0 0.25
0.291423 0.288199 0.420377
0.213764 0.786236 0
0.235738 0.129698 0.634564
0.12841 0.469697 0.401893
0.0107981 0.0549223 0.93428
0.570521 0.179479 0.25
0.141354 0.588774 0.269871
0.154498 0.164299 0.681203
0.0856193 0.914381 0
0.576853 0 0.423147
0.0547906 0.51293 0.432279
0.232954 0 0.767046
0.715692 0.284308 0
0.0793566 0.00120117 0.919442
0.648264 0 0.351736
0.0800039 0.43549 0.484506
0.0427887 0.957211 0
0.284747 0.384907 0.330346
0.341275 0.658725 0
0.797439 0.202561 0
0.674742 0.325258 0
0.429063 0.292991 0.277946
0.0155549 0.690372 0.294073
0.138001 0 0.861999
0.53926 0.155643 0.305096
0.459503 0.210153 0.330344
0.595625 0.0792596 0.325116
0.154917 0.283545 0.561538
5.20614e-18 0.12349 0.87651
0.0921383 0.657862 0.25
0.550271 0.449729 0
0.878658 0.121342 0
0.687389 0.033321 0.27929
0.195765 0.0848336 0.719401
