0.888608 0.111392 0
0.568443 0.119786 0.311771
0.132586 0.40589 0.461525
0.454032 0 0.545968
0.687731 0 0.312269
0.700706 0.299294 0
0.0785899 0.92141 0
0.526546 0.214975 0.258479
0.276187 0.241412 0.482401
0.0640421 0.685958 0.25
0.355287 0.184779 0.459934
2.6115e-17 0.470446 0.529554
5.55107e-17 4.1892e-22 1
0.329418 0.420582 0.25
0.0906206 0.498776 0.410604
0.138329 0.0961319 0.765539
4.16334e-17 0.75 0.25
0.30723 0.273696 0.419074
0.174221 0.0232586 0.802521
0.155414 0.26991 0.574676
0.440456 0.140603 0.418942
0.00179977 0.669441 0.328759
0.110468 0.232515 0.657017
0.776304 0.223696 0
0.470642 0.529358 0
0.392553 0.607447 0
0.586292 0.413708 0
0.0798567 0.120886 0.799257
0.669079 0.0809209 0.25
0.235686 0.764314 0
0.136042 0 0.863958
0.624732 0.375268 0
0.431716 0.568284 0
0.161939 0.588061 0.25
3.37333e-18 1 0
0.484307 0.174105 0.341588
0.597121 0.152879 0.25
8.69186e-18 0.156579 0.843421
0.274964 0.725036 0
0.182073 0.522994 0.294933
0.393272 0.349285 0.257443
0.0710804 0.57101 0.357909
0.0203385 0.399508 0.580154
0.0196641 0.279244 0.701092
1.67188e-17 0.602358 0.397642
0.349979 0.308271 0.34175
0.192594 0.380395 0.427011
0.66281 0.33719 0
0.227559 0.434457 0.337984
0.393156 0.222109 0.384735
0.0738069 0.311493 0.6147
0.92572 0.0742801 0
0.155293 0.470348 0.374359
0.00920757 0.533432 0.45736
0.620114 0.0392823 0.340604
0.300023 0.387405 0.312572
0.400875 0.0991223 0.500003
1 0 0
0.0651098 0.440725 0.494165
1.93953e-17 0.349394 0.650606
0.314233 0.685767 0
0.75 0 0.25
0.109465 0.354013 0.536522
0.0978626 0.615162 0.286976
0.530293 0.0864421 0.383264
0.0479505 0.079241 0.872808
0.0392942 0.960706 0
0.211063 0.0731202 0.715816
0.237243 0.21203 0.550727
0.46409 0.28591 0.25
0.117892 0.882108 0
0.157196 0.842804 0
0.589516 0 0.410484
1.81095e-18 0.0652464 0.934754
0.482104 0.062732 0.455164
0.738574 0.261426 0
0.247046 0 0.752954
0.509447 0.490553 0
0.357241 0 0.642759
0.0722889 0.00340346 0.924308
0.308064 0.15421 0.537727
0.196425 0.803575 0
0.257322 0.492678 0.25
0.431643 0.255219 0.313138
0.291531 0.0273701 0.681099
0.249938 0.114226 0.635835
0.262226 0.346036 0.391738
0.962831 0.0371688 0
0.325324 0.0835558 0.59112
0.353413 0.646587 0
0.0686746 0.194067 0.737258
0.521787 0 0.478213
0.201668 0.304896 0.493436
0.548238 0.451762 0
0.389733 0.0382475 0.572019
0.813666 0.186334 0
1.26477e-17 0.227841 0.772159
0.158249 0.15195 0.689801
0.851191 0.148809 0
0.198905 0.186204 0.614891
