0.0863442 0.545945 0.36771
0.560116 0.189884 0.25
0.654517 0 0.345483
0.745625 0.254375 0
0.15149 0.178527 0.669983
0.872478 0.127522 0
0.369302 0.630698 0
0.436298 0.214093 0.349609
0.122458 0.877542 0
0.102837 0.266092 0.631071
0.585617 0.0148063 0.399577
0.15844 0.395298 0.446262
0.112678 0.618787 0.268535
1.15678e-17 0.75 0.25
0.163437 0.836563 0
0.619487 0.380513 0
0.516746 0.170625 0.312629
0.75 0 0.25
0.311221 0.0890519 0.599727
0.238957 0.493874 0.267169
0.0456908 0.610919 0.34339
0.0670799 0.349705 0.583215
1 0 0
4.70144e-17 1 0
0.0878196 0.0958918 0.816289
0.245537 0.754463 0
0.914949 0.085051 0
0.197084 0.0908514 0.712064
0.0652481 0.684752 0.25
0.466734 0.138384 0.394882
0.393861 0 0.606139
0.184799 0.565201 0.25
0.545762 0.101406 0.352832
0.274274 0.0580827 0.667643
0.359313 0.373518 0.267169
0.500294 0.0646064 0.435099
0.0733911 0.22013 0.706479
0.535772 0.464228 0
0.185032 0.331675 0.483293
0.199698 0.444041 0.356261
0.634758 0.115242 0.25
0.957446 0.0425536 0
0.117562 0.135829 0.746608
0.0895951 0.406946 0.503458
0.143898 0 0.856102
0.410776 0.589224 0
1.78898e-17 0.380518 0.619482
0.346312 0.136771 0.516917
0.270695 0.29175 0.437555
2.27967e-18 0.147802 0.852198
9.71161e-17 6.94174e-17 1
0.493987 0.506013 0
0.577571 0.422429 0
0.268061 0.174943 0.556996
3.96439e-18 0.257032 0.742968
0.308672 0.214467 0.47686
0.0290389 0.184724 0.786237
0.0407703 0.95923 0
0.787889 0.212111 0
0.428147 0.321853 0.25
0.42596 0.0928652 0.481175
0.394388 0.287748 0.317864
0.141074 0.306498 0.552428
1.04099e-17 0.674928 0.325072
0.452394 0.547606 0
0.830175 0.169825 0
0.609249 0.0738097 0.316941
0.0689567 0.0488834 0.88216
0.328044 0.671956 0
0.229455 0.137727 0.632818
0.0577861 0 0.942214
0.185037 0.221699 0.593264
0.126993 0.46696 0.406047
0.703498 0.296502 0
0.390011 0.17426 0.435729
0.00825543 0.443207 0.548537
0.286823 0.713177 0
0.532003 0 0.467997
0.170191 0.0408317 0.788977
7.91107e-18 0.512915 0.487085
0.273962 0.406188 0.31985
1.21217e-18 0.0785908 0.921409
0.30749 0.44251 0.25
0.0595755 0.489071 0.451354
0.155392 0.523018 0.32159
0.0170093 0.31004 0.672951
9.01323e-18 0.584373 0.415627
0.486344 0.253816 0.25984
0.316134 0.329908 0.353957
0.463493 0.00512638 0.53138
0.0815372 0.918463 0
0.378 0.0609645 0.561036
0.226694 0.255584 0.517722
0.241503 0 0.758497
0.661549 0.338451 0
0.204419 0.795581 0
0.317654 0 0.682346
0.234801 0.36592 0.39928
0.352448 0.251112 0.396441
0.690245 0.0396682 0.270087
