0.885292 0.114708 0
0.413266 0.586734 0
0.430375 0 0.569625
0.459603 0.192586 0.347811
0.136817 0 0.863183
0.288483 0 0.711517
0.307533 0.131825 0.560641
5.28308e-17 1.82929e-17 1
0.0835925 0.916407 0
0.222087 0.512887 0.265026
0.297119 0.360854 0.342027
0.215971 0.382406 0.401623
0.0160403 0.227426 0.756534
0.134414 0.540313 0.325274
0.533903 0.149817 0.31628
0.422923 0.144264 0.432813
0.187646 0.249375 0.562979
0.387565 0.0940904 0.518345
1.51432e-17 0.436472 0.563528
0.249943 0.750057 0
0.271603 0.0857716 0.642626
0.923561 0.0764392 0
0.408385 0.275918 0.315697
0.175874 0.464863 0.359263
0.383223 0.222616 0.394162
1.5343e-17 0.368527 0.631473
0.104171 0.0638718 0.831957
0.581684 0.071097 0.347219
0.671146 0.00675266 0.322101
0.0890193 0.388729 0.522252
0 0.535954 0.464046
0.0713151 0.330889 0.597796
0.497459 0.243716 0.258826
0.0723521 0.624477 0.303171
0.652436 0.347564 0
0.533741 0.466259 0
0.15003 0.093004 0.756966
0.612114 0 0.387886
0.0386942 0.46814 0.493166
0.685739 0.0642611 0.25
1.23712e-17 0.297145 0.702855
2.11202e-17 0.60875 0.39125
0.691572 0.308428 0
2.83786e-17 0.681631 0.318369
0.808305 0.191695 0
0.226057 0.0490349 0.724908
0.186602 0.134721 0.678677
0.846947 0.153053 0
0.24353 0.300942 0.455528
0.063799 0.266802 0.669399
0.332096 0.667904 0
0.0895713 0.499703 0.410726
0.175362 0.341657 0.482981
0.138215 0.223225 0.63856
0.372698 0.627302 0
0.254803 0.428137 0.317061
0.46026 0.0657105 0.47403
0.0830975 0.666902 0.25
0.125392 0.874608 0
0.544603 0.0221385 0.433259
0.226636 0.171603 0.601761
0.0417947 0.958205 0
0.202786 0 0.797214
0.344901 0.177281 0.477818
1.04214e-16 0.0634181 0.936582
0.131624 0.423972 0.444404
0.432566 0.317434 0.25
0.336816 0.302619 0.360565
0.291196 0.708804 0
1 0 0
0.75 0 0.25
0.573796 0.426204 0
0.0568287 0.572904 0.370267
0.166169 0.583831 0.25
0.493935 0.506065 0
0.359297 0.380881 0.259822
4.16334e-17 1 0
0.266129 0.216654 0.517217
0.568336 0.181664 0.25
0.730709 0.269291 0
0.357055 0.047945 0.595
0.102964 0.181713 0.715323
0 0.173772 0.826228
0.621388 0.109304 0.269309
0.0719136 0.0053719 0.922714
2.97152e-18 0.75 0.25
0.308025 0.259853 0.432121
0.142841 0.308631 0.548529
0.208645 0.791355 0
0.0250078 0.101706 0.873287
0.769654 0.230346 0
0.61313 0.38687 0
0.498842 0 0.501158
0.343246 0 0.656754
0.45362 0.54638 0
0.0702871 0.140188 0.789525
0.295589 0.454411 0.25
0.961785 0.0382146 0
0.167109 0.832891 0
0.500764 0.105574 0.393662
