0.0863503 0.327796 0.585854
0.732794 0.267206 0
0.446403 0.303597 0.25
0.615555 0.384445 0
0.0834494 0.666551 0.25
0.252332 0.197167 0.550501
0.620673 0.106952 0.272375
0.156954 0.511158 0.331888
0.0910205 0.174978 0.734002
0.434518 0.13821 0.427272
0 0.298009 0.701991
0.496278 0.503722 0
9.67627e-18 0.464833 0.535167
0.0841683 0.915832 0
0.297714 0.113016 0.58927
0.381534 0.0802272 0.538239
0.0487746 0.490124 0.461102
0.377323 0.179714 0.442963
0.68557 0.0644299 0.25
0.112846 0 0.887154
0.0946461 0.411338 0.494016
0.771164 0.228836 0
0.608377 0 0.391623
0.576083 0.423917 0
0.330205 0.325825 0.34397
0 0.606508 0.393492
0.75 0 0.25
0.344145 0.0266441 0.629211
0.173871 0.373258 0.452871
1.08935e-16 5.75982e-17 1
0.503871 0.0996579 0.396471
0.452224 0.19534 0.352436
0.124502 0.595107 0.280392
0.207261 0.430361 0.362379
0.962208 0.0377925 0
0.292795 0.707205 0
0.407871 0.276862 0.315267
0.217933 0.278758 0.503309
0.257468 0.077902 0.66463
0.536404 0.463596 0
0.247162 0.359613 0.393226
0.337458 0.150362 0.512181
1.14619e-17 0.550609 0.449391
0.37597 0.37403 0.25
0.299608 0.398603 0.301789
1 0 0
0.848135 0.151865 0
0.226968 0.0277428 0.745289
0.809859 0.190141 0
0.289356 0.460644 0.25
0.299386 0.22779 0.472824
1.44324e-17 0.693312 0.306688
0.886312 0.113688 0
0.415586 0.584414 0
0.0606542 0.133303 0.806043
0.358794 0.248929 0.392276
0.0863948 0.0619081 0.851697
0.48516 0 0.51484
0.0441855 0.626193 0.329621
1.97366e-17 0.75 0.25
0.0421284 0.957872 0
0.693905 0.306095 0
0.654919 0.345081 0
0.498892 0.234714 0.266393
0.126131 0.873869 0
0.540961 0.015521 0.443518
0.271329 0.297297 0.431374
0.209762 0.790238 0
0.412888 0 0.587112
0.127625 0.459595 0.412779
0.581022 0.068119 0.35086
0.0121173 0.229359 0.758524
0.192926 0.557074 0.25
0.671266 0.00456781 0.324166
0.456015 0.543985 0
0.0390308 0.0224933 0.938476
0.251327 0.748673 0
0.454711 0.0632737 0.482016
9.24661e-17 1 0
0.0817023 0.544503 0.373794
0.570363 0.179637 0.25
0.211721 0.161292 0.626987
0.140842 0.0841457 0.775012
0.299134 0 0.700866
0.0375288 0.397603 0.564868
0.532525 0.147415 0.32006
2.53497e-18 0.0963301 0.90367
0.3748 0.6252 0
4.46636e-18 0.169724 0.830276
0.176698 0.120109 0.703193
0.333746 0.666254 0
0.164512 0.244214 0.591274
0.186498 0 0.813502
0.924194 0.0758062 0
0.168066 0.831934 0
0.125445 0.205824 0.668731
7.64342e-18 0.367178 0.632822
0.232043 0.481288 0.28667
0.146207 0.317059 0.536734
0.0686553 0.275662 0.655683
