0.848202 0.151798 0
0.496372 0.503628 0
0.336944 0.413056 0.25
0.962308 0.0376921 0
0.521951 0.0891703 0.388879
0.0650544 0.201307 0.733638
0.417093 0.136893 0.446014
0.211957 0.302924 0.485119
0.0381314 0.092304 0.869565
0.150731 0.46236 0.386909
0.250891 0.749109 0
0.256014 0.343102 0.400884
0 0.352305 0.647695
0.296808 0.384769 0.318422
0.426109 0.0229588 0.550932
0.327987 0.0401067 0.631907
0.144029 0.163563 0.692408
0.120522 0.0607528 0.818725
0.0420971 0.957903 0
0.118256 0.536284 0.34546
0 0.445353 0.554647
0.509054 0.155571 0.335375
0.0842148 0.915785 0
0.563516 0.00610465 0.430379
0.175066 0.574934 0.25
0.389837 0 0.610163
0.369185 0.21901 0.411805
0.163104 0.271446 0.56545
0 0.54535 0.45465
0.615934 0.384066 0
0.0301325 0.473021 0.496846
1 0 0
0 0.612882 0.387118
0.199456 0.506702 0.293843
0.732908 0.267092 0
0.415532 0.584468 0
0.655359 0.344641 0
0.0879031 0.131157 0.78094
0.251252 0.217879 0.530868
0.125982 0.874018 0
0 0 1
0.175686 0.0893072 0.735007
0.2968 0.123459 0.579741
0.11089 0.617933 0.271177
0.408204 0.261258 0.330539
0.446896 0.178636 0.374468
0.464684 0.0668358 0.46848
0.153912 0 0.846088
0.333229 0.303111 0.363659
0.484117 0.234718 0.281165
0.688381 0.0216278 0.289992
0.0744845 0.507441 0.418075
0.195194 0.198971 0.605835
0.536179 0.463821 0
0.209522 0.790478 0
0.576186 0.423814 0
0.292358 0.707642 0
0.550388 0.199612 0.25
0.128775 0.348697 0.522528
0.102444 0.424458 0.473097
0 0.75 0.25
0.373793 0.0964387 0.529769
0.446113 0.303887 0.25
0.0221877 0.283963 0.693849
0.291626 0 0.708374
0.0651434 0.684857 0.25
0.22595 0.427451 0.346599
0 0.164063 0.835937
0 0.0629943 0.937006
0.167556 0.832444 0
0.49944 0 0.50056
0.0653242 0.596674 0.338002
0.0806373 0.31153 0.607832
0.180183 0.3839 0.435917
0.924534 0.0754657 0
0.0434608 0.385292 0.571247
0.378227 0.344795 0.276978
0.291396 0.260393 0.448211
0.33364 0.66636 0
8.1322e-17 1 0
0.810077 0.189923 0
0.601196 0.0634047 0.3354
0.253251 0.0676638 0.679085
0.65422 0.0957798 0.25
0.886547 0.113453 0
0.636111 0 0.363889
0.771746 0.228254 0
0.583693 0.133582 0.282725
0.219416 0.00616934 0.774415
0.268874 0.481126 0.25
0 0.235633 0.764367
0.374864 0.625136 0
0.694012 0.305988 0
0.0812627 0 0.918737
0.00365472 0.676134 0.320211
0.22464 0.136531 0.638828
0.456219 0.543781 0
0.110154 0.238799 0.651048
0.33142 0.175685 0.492894
0.75 0 0.25
