0.032285 0.0905741 0.877141
0.526015 0.0594964 0.414489
0.0206286 0.213904 0.765467
0.480841 0 0.519159
0.963412 0.0365883 0
0.0311667 0.688362 0.280472
0.481026 0.518974 0
0 0.0597682 0.940232
0.63107 0.36893 0
0.668356 0.331644 0
0.890168 0.109832 0
0.42294 0.32706 0.25
0.292749 0.307885 0.399366
0.443301 0.556699 0
0.219697 0.780303 0
0.192769 0 0.807231
0.75 0 0.25
0.0233155 0.571941 0.404744
0.146041 0.853959 0
0.256708 0.743292 0
0.247542 0.139792 0.612666
0.330034 0.0897488 0.580217
0.518747 0.481253 0
0.683009 0.0669915 0.25
0.270559 0 0.729441
0.287268 0.17839 0.534342
0.623338 0 0.376662
2.07475e-17 0.643792 0.356208
0.075913 0.369657 0.55443
0.120299 0.0317284 0.847973
0 0.286174 0.713826
0.29697 0.45303 0.25
0.11567 0.411382 0.472948
0.0764875 0.122619 0.800893
0.552109 0 0.447891
0.33081 0.66919 0
0.265047 0.256354 0.478599
0.201904 0.480469 0.317626
0.157049 0.337834 0.505117
0.191895 0.227416 0.580689
0.853475 0.146525 0
0.448885 0.0864201 0.464695
0.405704 0.594296 0
0.375679 0 0.624321
0 1 0
0.926783 0.0732172 0
0.0754612 0.602039 0.3225
0 0 1
0.0738283 0.247896 0.678276
0.457404 0.263074 0.279522
0.182689 0.817311 0
0.337613 0.217515 0.444872
0.152989 0.199694 0.647317
0.228101 0.521899 0.25
0.0727766 0.927223 0
0.303695 0.0373431 0.658962
0.74276 0.25724 0
0.293737 0.706263 0
0.112475 0.290106 0.597419
0.108809 0.16619 0.725
0.521395 0.228605 0.25
0.556222 0.443778 0
0.779734 0.220266 0
0.106731 0.643269 0.25
0.118409 0.525918 0.355673
0.211442 0.356416 0.432143
2.41703e-17 0.75 0.25
1 0 0
0.109458 0.890542 0
0.203764 0.276675 0.519561
0.0829448 0 0.917055
5.31313e-18 0.164865 0.835135
1.3122e-17 0.407173 0.592827
0.368125 0.631875 0
0.0218555 0.335916 0.642229
0.411949 0.0364303 0.551621
0.616033 0.133967 0.25
0.668096 0.0171072 0.314797
0.816657 0.183343 0
0.0363868 0.963613 0
0.32913 0.350182 0.320688
0.0240975 0.454896 0.521006
0.369976 0.129222 0.500801
0.705497 0.294503 0
0.493104 0.132049 0.374847
0.194422 0.123647 0.68193
0.542487 0.165074 0.29244
0.593674 0.406326 0
0.164647 0.440659 0.394694
0.0782443 0.487708 0.434047
0.582671 0.0843275 0.333002
0.252445 0.399877 0.347678
0.41109 0.171313 0.417597
0.375018 0.267939 0.357043
0.44585 0.21075 0.3434
0.160344 0.570977 0.268679
0.357402 0.387463 0.255135
0.232122 0.060125 0.707753
1.69234e-17 0.52513 0.47487
0.153537 0.0822764 0.764187
