0.0639031 0.142238 0.793859
0.605057 0.121024 0.273919
5.6457e-17 5.45653e-17 1
0.273183 0.19347 0.533347
0.0296696 0.689474 0.280856
0.368327 0.631673 0
0.396749 0 0.603251
0.482504 0.132484 0.385012
0.0509307 0.305403 0.643666
0.0909448 0.186105 0.722951
0.229543 0.27823 0.492226
0.270318 0.313576 0.416105
0.322592 0.427408 0.25
0.683035 0.0159014 0.301063
0.688159 0.311841 0
0.328042 0.671958 0
0.123594 0.876406 0
0.407949 0.0515609 0.54049
0.329512 0.328148 0.34234
0.0676 0 0.9324
0.315886 0.227715 0.456399
0.414827 0.294961 0.290212
0.629761 0 0.370239
0.485902 0.264098 0.25
0.84483 0.15517 0
0.148539 0.575144 0.276317
7.95443e-18 0.2401 0.7599
0.0932204 0.0683238 0.838456
0.0824726 0.917527 0
0.96127 0.0387298 0
0.72757 0.27243 0
0.0655435 0.484802 0.449655
0.112306 0.283909 0.603784
0.101774 0.529865 0.368361
2.13635e-17 0.644844 0.355156
0.52966 0.47034 0
3.17114e-17 0.75 0.25
0.0216297 0.0577763 0.920594
0.300081 0 0.699919
0.097206 0.409416 0.493378
0.0166086 0.27822 0.705171
0.16462 0.83538 0
0.520949 0.165499 0.313552
0.0534809 0.377082 0.569437
0.48946 0.51054 0
0.222733 0.40782 0.369448
0.359525 0.140932 0.499542
0.408862 0.591138 0
0.401251 0.177117 0.421632
0.178732 0.491044 0.330224
0.444283 0.216667 0.339051
0.00041931 0.176621 0.82296
4.80357e-18 0.113608 0.886392
0.556917 0 0.443083
0.766702 0.233298 0
0.922569 0.0774312 0
0.556707 0.193293 0.25
0.75 0 0.25
0.189488 0.241533 0.568978
2.61962e-17 0.522062 0.477938
0.14334 0.445836 0.410823
0.389276 0.360724 0.25
0.103837 0.646163 0.25
0.229118 0.0375758 0.733306
0.199578 0 0.800422
0.338255 0.036435 0.62531
0.134106 0.00101004 0.864883
0.805784 0.194216 0
0.575472 0.0782371 0.346291
0.215587 0.534413 0.25
1 0 0
0.261178 0.0840273 0.654794
0.256152 0.465468 0.27838
0.443483 0.0912459 0.465271
0.0412477 0.958752 0
0.179591 0.129754 0.690655
2.27168e-17 0.452722 0.547278
0.205526 0.794474 0
0.224534 0.16284 0.612626
0.185763 0.363762 0.450475
0.246575 0.753425 0
0.287305 0.712695 0
0.313221 0.111433 0.575346
0.449251 0.550749 0
0.664793 0.0852074 0.25
0.293703 0.387608 0.318688
0.134467 0.213091 0.652442
0.648805 0.351195 0
0.14525 0.0911835 0.763566
0.569517 0.430483 0
3.31296e-17 1 0
0.88377 0.11623 0
0.60921 0.39079 0
0.143771 0.327462 0.528768
0.0697984 0.60491 0.325292
0.0158974 0.574053 0.410049
0.484093 0 0.515907
0.522034 0.0581914 0.419774
0.362198 0.257966 0.379836
1.84033e-17 0.366759 0.633241
