0.07802 0.92198 0
0.420823 0.329175 0.250002
0.46452 0.53548 0
0.117267 0.432121 0.450611
0.0830917 0.388523 0.528385
0.0586174 0.257209 0.684173
0.0661525 0.683846 0.250002
0.349157 0.650843 0
0.387727 0.612273 0
0.617684 0.382316 0
0.127249 0.211973 0.660778
0.579449 0.420551 0
0.0873454 0.170721 0.741933
0.42785 0 0.57215
0 0 1
0.502867 0.497133 0
0.0671596 0.325346 0.607494
0 0.610339 0.389661
1 0 0
0.425144 0.214919 0.359937
0 0.364442 0.635558
0.110942 0.617558 0.2715
0.238245 0 0.761755
0.0315644 0.474229 0.494207
0.00637475 0.671149 0.322476
0.38918 0.0767235 0.534097
0 0.150953 0.849047
0.169705 0.130488 0.699807
0.305864 0.111142 0.582993
0 0.542235 0.457765
0.0610143 0.116891 0.822095
0.182894 0.567105 0.250002
0.923453 0.0765472 0
0 0.434984 0.565016
0.233216 0.766784 0
0.643214 0 0.356786
0.259105 0.192166 0.548729
0.599047 0.0724413 0.328512
0.34528 0.373012 0.281708
0.234157 0.439868 0.325975
0.732318 0.267682 0
0.46637 0.258508 0.275122
0.517643 0.097009 0.385348
0.346263 0.151315 0.502422
0.161789 0.526386 0.311825
0.336386 0.267719 0.395895
0.25352 0.493823 0.252657
0.770532 0.229468 0
0.687619 0.0304435 0.281938
0.534721 0.215278 0.250002
0.961724 0.038276 0
0.572507 0.146583 0.280911
0.299312 0.229982 0.470706
0.215461 0.271003 0.513537
0.694115 0.305885 0
0.149539 0.47599 0.374471
0.469736 0.0349051 0.495359
0.116904 0.883096 0
0.749998 0 0.250002
0.568728 0.0224634 0.408809
0.271895 0.728105 0
0.379397 0.295937 0.324666
0.426163 0.573837 0
0.164712 0 0.835288
0.262112 0.0793651 0.658522
0.134242 0.305008 0.56075
6.97107e-17 1 0
0.35515 0.0247478 0.620102
0.216417 0.158979 0.624604
0.438768 0.116143 0.445089
0.0815378 0.513743 0.404719
0.169188 0.237822 0.59299
0.209146 0.0569344 0.73392
0.194555 0.805445 0
0.251752 0.312397 0.435851
0.808756 0.191244 0
0 0.29045 0.70955
0.0625649 0 0.937435
0.0687536 0.582519 0.348727
0.541157 0.458843 0
0.093183 0.0357375 0.87108
0.133505 0.0831491 0.783346
0.644698 0.1053 0.250002
0.0040224 0.217215 0.778763
0.311931 0 0.688069
0.885203 0.114797 0
0.203109 0.394103 0.402788
0.846979 0.153021 0
0.167217 0.351306 0.481477
0.289648 0.352754 0.357597
0.0390672 0.960933 0
0.493293 0.170464 0.336243
0 0.0798903 0.92011
0.310471 0.689529 0
0.318935 0.431064 0.250002
0 0.749998 0.250002
0.387234 0.186699 0.426067
0.155762 0.844238 0
0.655909 0.344091 0
0.531415 0 0.468585
