0.885822 0.114178 0
0.0373693 0.684856 0.277775
0.316674 0.683326 0
0.168112 0.581888 0.25
0 0.56039 0.43961
0.522788 0.0265976 0.450614
0.0870023 0.140069 0.772929
0.166565 0.468159 0.365276
0.603198 0.396802 0
0.355614 0.365772 0.278614
0.236347 0.763653 0
0.0413614 0.594637 0.364001
0.555483 0.0810903 0.363427
0.477913 0 0.522087
0.553524 0.196476 0.25
0.10276 0.64724 0.25
0.599847 0.124328 0.275825
0.629158 0.034918 0.335924
0.0782771 0.921723 0
0.157026 0.842974 0
1 0 0
6.21853e-17 2.64742e-19 1
0.0793224 0.372264 0.548413
0.276416 0.723584 0
1.6362e-17 0.344123 0.655877
0.561589 0.438411 0
0.271229 0.171058 0.557713
0.0837931 0.510303 0.405904
0.392953 0.285011 0.322036
0.479016 0.520984 0
0.847768 0.152232 0
0.254142 0.418188 0.327671
0.515884 0.161495 0.322622
0.367971 0 0.632029
0.772203 0.227797 0
0.734345 0.265655 0
0.323338 0.426662 0.25
0.406013 0.0297485 0.564238
0.201308 0.510633 0.288059
0.644909 0.355091 0
3.81639e-17 1 0
0.298078 0 0.701922
0.0798944 0.226127 0.693979
0 0.0644854 0.935515
0.11967 0.269186 0.611144
0.219899 0.267172 0.512929
0.146159 0.315081 0.53876
0.0359311 0.0968974 0.867171
0.214826 0.385276 0.399898
0.809978 0.190022 0
0.260869 0.305515 0.433617
0.31713 0.0865698 0.596301
0.482589 0.249784 0.267626
0.262321 0.0667348 0.670944
0.590924 0 0.409076
0.352974 0.251456 0.39557
0.287118 0.230411 0.482471
0.0589666 0.454978 0.486055
0.440346 0.0782756 0.481378
1.97472e-17 0.415321 0.584679
0.481332 0.116605 0.402063
0.437936 0.562064 0
0.119858 0.55604 0.324102
0.226267 0.140327 0.633406
1.2971e-17 0.272805 0.727195
0.172635 0.35223 0.475135
0.923732 0.0762677 0
0.306056 0.336754 0.357189
0.191072 0.222164 0.586764
2.95082e-17 0.75 0.25
0.0786098 0.00251576 0.918874
0.356683 0.643317 0
0.222639 0 0.777361
0.129475 0.423908 0.446617
0.0561217 0.312743 0.631135
0.0391203 0.96088 0
0.439064 0.205828 0.355108
0.961813 0.0381865 0
0.75 0 0.25
0.114962 0.0686505 0.816388
0.0294115 0.207178 0.76341
0.147231 0 0.852769
0.11746 0.88254 0
0.682564 0.299169 0.0190095
0 0.657058 0.342942
0.429909 0.320091 0.25
0.406813 0.159978 0.433209
0.196187 0.05229 0.751523
0.361165 0.118452 0.520383
0.339378 0.195308 0.465314
0.263855 0.486145 0.25
0.168149 0.114458 0.717393
0.691488 0 0.308512
0 0.167071 0.832929
0.397084 0.602916 0
0.667674 0.0823261 0.25
2.04987e-19 0.487852 0.512148
0.520278 0.479722 0
0.196575 0.803425 0
0.145602 0.185091 0.669307
