0.122053 0.877947 0
1.14098e-17 0.254343 0.745657
0.469766 0.066492 0.463742
0.0689574 0.514806 0.416237
0.345041 0.315679 0.33928
0.605121 0.394879 0
0.176887 0.279915 0.543198
0.0577617 0.28747 0.654768
0.228148 0.521852 0.25
0.162658 0.837342 0
0.203237 0.796763 0
0.126632 0.126954 0.746414
0.304163 0.274021 0.421816
2.07873e-17 0.689966 0.310034
0.512926 0.222952 0.264122
0 1 0
0.344331 0.191383 0.464286
0.251789 0.126472 0.621738
0.134902 0.24196 0.623139
1 0 0
0.0915998 0.322338 0.586062
0.102217 0 0.897783
0.215959 0.201703 0.582338
0.45672 0.29328 0.25
0.388026 0 0.611974
0.0407141 0.959286 0
0.221618 0.316324 0.462058
0.243757 0.756243 0
0.525299 0.474701 0
0.261847 0.354698 0.383456
0.340808 0.0786945 0.580497
2.2596e-17 0.75 0.25
0.960732 0.0392682 0
0.668747 0 0.331253
2.6865e-17 0.598867 0.401133
0.110068 0.564847 0.325085
0.170175 0.164179 0.665646
0.0814569 0.668543 0.25
0.0644503 0.388323 0.547227
0.56955 0 0.43045
0.0401398 0.619958 0.339902
0.295529 0.396007 0.308464
0.882059 0.117941 0
0.28664 0.0567195 0.65664
0.38656 0.109419 0.504021
0.324342 0.675658 0
3.60856e-18 2.4147e-17 1
0.428392 0.146605 0.425003
0.0814355 0.918564 0
0.921447 0.0785532 0
0.02943 0.0339655 0.936605
0.246466 0 0.753534
0.149435 0.600565 0.25
0.306824 0.443176 0.25
0.548045 0.131007 0.320948
0.20822 0.0838744 0.707906
0.499613 0 0.500387
0.0147586 0.469267 0.515975
4.78709e-18 0.106713 0.893287
0.445095 0.554905 0
0.260856 0.236875 0.502269
0.384761 0.365239 0.25
0.565293 0.434707 0
0.5826 0.1674 0.25
0.0860232 0.208222 0.705754
0.056766 0.15636 0.786874
0.644907 0.355093 0
0.803341 0.196659 0
2.39258e-17 0.533347 0.466653
0.72434 0.27566 0
0 0.331443 0.668557
0.684667 0.315333 0
0.842757 0.157243 0
0.152476 0.0572708 0.790253
0.143782 0.476722 0.379496
0.421976 0.265309 0.312715
0.364674 0.635326 0
0.59872 0.0401674 0.361112
0.627208 0.0946638 0.278128
0.174237 0 0.825763
0.0773887 0.0791686 0.843443
0.485212 0.514788 0
1.83267e-17 0.408533 0.591467
0.404924 0.595076 0
0.763909 0.236091 0
0.514502 0.0924076 0.393091
8.1027e-18 0.180623 0.819377
0.141599 0.35713 0.501271
0.42956 0.0247602 0.54568
0.300522 0.157099 0.54238
0.284008 0.715992 0
0.317166 0 0.682834
0.182373 0.398443 0.419183
0.227513 0.439364 0.333122
0.186953 0.507704 0.305343
0.0989188 0.436775 0.464306
0.469713 0.182582 0.347705
0.75 0 0.25
0.384717 0.228709 0.386575
0.690069 0.0599306 0.25
