0.210718 0.477273 0.312008
0.133439 0.404563 0.461998
0 0.165649 0.834351
0.163117 0.333255 0.503627
0.51668 0.12304 0.36028
0.476596 0.0867273 0.436677
0.154414 0.845586 0
0.192076 0.274327 0.533597
0.733758 0.266242 0
0.346392 0.220765 0.432843
0.193132 0.806868 0
0.301642 0.304703 0.393654
0.549186 0.200814 0.25
0.348118 0.651882 0
0.309327 0.690673 0
0.265403 0.260073 0.474524
0.339486 0.344098 0.316416
0.618751 0.381249 0
0.541759 0.458241 0
0.387504 0.264094 0.348402
9.8508e-18 0.47022 0.52978
0.0637482 0.572286 0.363966
0.0635867 0.686413 0.25
0.230818 0.0296279 0.739554
0.0819206 0 0.918079
0.485174 0.252647 0.262179
0.0770898 0.92291 0
0.88624 0.11376 0
0.16015 0.199177 0.640673
0.462737 0.211014 0.32625
8.50567e-18 5.37212e-18 1
6.75136e-05 0.670228 0.329704
0.464434 0.535566 0
0.18874 0 0.81126
0.218226 0.216062 0.565712
0.924231 0.0757685 0
0.117393 0.03309 0.849517
0.0765182 0.123146 0.800336
0.695545 0.304455 0
0.137266 0.52922 0.333514
0.571993 0.144683 0.283324
0.152319 0.081506 0.766175
0.344654 0.0960276 0.559318
0.241132 0.508868 0.25
0.33187 0.0354893 0.63264
0.0271177 0.3291 0.643783
0.600727 0.0725031 0.32677
0.810219 0.189781 0
0.657188 0.342812 0
0.433195 0.316805 0.25
0.296992 0 0.703008
0.0105137 0.530938 0.458548
0.580232 0.419768 0
0.503165 0.496835 0
0.115402 0.287384 0.597215
0.060733 0.439616 0.499651
0.463529 0 0.536471
0.425706 0.574294 0
0.0822733 0.364136 0.55359
0.0967651 0.619457 0.283777
8.32562e-18 0.397417 0.602583
0.426316 0.0623116 0.511373
0.0774334 0.244627 0.677939
5.95128e-18 0.28408 0.71592
0.531261 0 0.468739
0.259163 0.392801 0.348036
0.302475 0.178612 0.518913
0.75 0 0.25
0.031018 0.0917293 0.877253
0.688022 0.0261288 0.285849
0.168393 0.581607 0.25
0.270561 0.729439 0
0.565444 0.0311271 0.403428
0.175001 0.439259 0.38574
0.297717 0.437605 0.264678
0.771987 0.228013 0
0.231829 0.768171 0
0.848229 0.151771 0
0.0935568 0.489197 0.417247
0.11569 0.88431 0
0 0.0598595 0.94014
0.386912 0.613088 0
0.193779 0.120224 0.685997
1.5712e-17 0.75 0.25
0.365084 0.384916 0.25
1.25698e-17 0.600008 0.399992
7.75368e-17 1 0
0.648976 0.101024 0.25
0.639318 0 0.360682
0.428843 0.172122 0.399035
0.266864 0.0797889 0.653347
0.219916 0.352274 0.42781
0.0385335 0.961467 0
0.395869 0 0.604131
0.96214 0.0378596 0
0.250317 0.146365 0.603318
0.111438 0.165729 0.722833
0.0229552 0.21252 0.764525
0.385861 0.138272 0.475866
1 0 0
