0.19284 0 0.80716
0 0.160291 0.839709
0.431485 0.0472947 0.52122
0 0.391419 0.608581
0.114987 0.390412 0.494601
0.505598 0 0.494402
0 0.75 0.25
0.114629 0.273385 0.611986
0.356221 0.0275303 0.616248
0.730313 0.269687 0
0.287943 0.295379 0.416678
0.923101 0.076899 0
0.0241055 0.437696 0.538198
0.468845 0.0923789 0.438776
0.381968 0.618032 0
0 0.0587111 0.941289
0 0.274584 0.725416
0.536668 0.463332 0
0.462415 0.194379 0.343206
0.200883 0.343056 0.456061
0.0678968 0.670777 0.261326
0.159246 0.191309 0.649446
0.276968 0.0737799 0.649252
0.459299 0.540701 0
0.0764343 0.351999 0.571567
0.151989 0.848011 0
0.266699 0.733301 0
0.0781384 0.468988 0.452873
0.75 0 0.25
0.159817 0.426359 0.413825
0.511144 0.232776 0.25608
0.159565 0.307686 0.532749
0.0235413 0.32084 0.655619
0.308493 0.441507 0.25
0.118069 0.510394 0.371537
0.289156 0.179848 0.530995
0.330502 0.331369 0.338129
0.30503 0.69497 0
0.446279 0.303721 0.25
0.0379593 0.962041 0
0.113982 0.886018 0
0.691703 0.308297 0
0.0761836 0.23556 0.688257
0.245787 0.260856 0.493357
0.121389 0.0282747 0.850336
0.190048 0.809952 0
0.380045 0.129961 0.489994
0.0337388 0.0873715 0.87889
0.66773 0.0822705 0.25
0.63131 0.0628039 0.305886
0.278494 0.412317 0.309189
0.114101 0.15732 0.728579
3.15884e-17 1 0
0.13206 0.61794 0.25
0 0 1
0.241379 0.0219978 0.736623
0.156928 0.0755084 0.767564
0.605185 0 0.394815
0.0802924 0.588439 0.331268
0.242245 0.377485 0.38027
0.41483 0 0.58517
0.961544 0.0384562 0
0.310203 0 0.689797
0.0250213 0.203645 0.771334
0.228328 0.771672 0
0.413419 0.275124 0.311456
0.420603 0.579397 0
0.807546 0.192454 0
0.530047 0.148394 0.321559
0 0.50821 0.49179
0.343446 0.656554 0
0.497966 0.502034 0
0.846085 0.153915 0
0.423803 0.164324 0.411874
0.614203 0.385797 0
0.0790763 0.116677 0.804247
0.55959 0.087531 0.352879
0.201458 0.227515 0.571027
0.243024 0.148177 0.608799
0.332206 0.101387 0.566407
0.575415 0.424585 0
0.166252 0.549755 0.283992
0.769011 0.230989 0
0.198731 0.110188 0.691081
0.374827 0.37034 0.254833
0.0291976 0.551072 0.41973
0.884629 0.115371 0
0.585474 0.164526 0.25
0.677584 0 0.322416
0.538423 0.0369648 0.424612
0.08188 0 0.91812
0.200366 0.465844 0.33379
1 0 0
0.0759743 0.924026 0
0.372808 0.245544 0.381649
0.00142539 0.68352 0.315055
0.652964 0.347036 0
0.236084 0.513916 0.25
0 0.618417 0.381583
0.333223 0.211424 0.455353
