0.403739 0.346261 0.25
0.431181 0.0777931 0.491026
0.366485 0.301536 0.331978
0.0268755 0.150794 0.82233
0.168561 0.234364 0.597075
0.584656 0 0.415344
0.231418 0.768582 0
0 0.75 0.25
0.23812 0.104866 0.657014
0.222817 0.501259 0.275924
0.140303 0.53065 0.329047
0.304366 0.204069 0.491566
0.507577 0.492423 0
0.314003 0.074469 0.611528
0.874899 0.125101 0
0.440063 0.274105 0.285832
0.172098 0.459265 0.368637
0.427846 0.572154 0
0.093551 0.262697 0.643752
0.628864 0.0282958 0.342841
0.115253 0.10653 0.778217
0.527738 0.152449 0.319813
0.46342 0.190794 0.345786
0.669658 0.330342 0
0.0744371 0.575892 0.349671
0.75 0 0.25
0.474864 0.113843 0.411293
0.38592 0.161146 0.452934
0.399414 0.0236944 0.576891
6.22748e-17 7.11418e-18 1
0 0.619123 0.380877
0.066054 0.683946 0.25
0.160929 0.0171592 0.821912
0.60463 0.110608 0.284762
0.352521 0.114595 0.532884
0.108941 0.618363 0.272696
0.833905 0.166095 0
0.153885 0.846115 0
0.252594 0.419458 0.327948
0.0755732 0.0707711 0.853656
0.547678 0.452322 0
0.348826 0.651174 0
0.293157 0.339741 0.367103
0.272868 0.157511 0.569621
0.192558 0.807442 0
0.213062 0.378877 0.408061
0.0820666 0.185211 0.732722
0.033967 0.251837 0.714196
0.150909 0.15464 0.694451
0.270394 0.729606 0
0.515845 0.0250869 0.459068
0 0.318334 0.681666
0.0384015 0.961598 0
0.309529 0.690471 0
0.0262474 0.554527 0.419226
0.916555 0.0834445 0
0.106629 0 0.893371
0.388114 0.611886 0
0.0188117 0.443416 0.537772
0.223145 0.251678 0.525177
0.504115 0.245885 0.25
0.128983 0.421374 0.449643
0.230506 0 0.769494
0.282181 0.0182562 0.699562
0.335394 0.386964 0.277642
0.115355 0.884645 0
0.958237 0.0417628 0
0.333143 0.252354 0.414504
0.352571 0 0.647429
0.79282 0.20718 0
0.67119 0.0788097 0.25
0.690543 0 0.309457
0.0835058 0.488185 0.42831
0.0625295 0.345204 0.592267
2.54899e-17 1 0
0.176827 0.338773 0.4844
0.57095 0.17905 0.25
0.469828 0 0.530172
0.199776 0.179069 0.621155
0.404222 0.216758 0.37902
0.710587 0.289413 0
0.751761 0.248239 0
0.55207 0.0766388 0.371291
0.193265 0.0726807 0.734055
4.71141e-18 0.104993 0.895007
0.179267 0.570733 0.25
0.467689 0.532311 0
0.5881 0.4119 0
0.0768632 0.923137 0
0 0.216576 0.783424
0.292706 0.457294 0.25
0.0929984 0.390754 0.516248
0.0115068 0.66985 0.318644
0.136234 0.306199 0.557567
1 0 0
0.628658 0.371342 0
2.29087e-17 0.510518 0.489482
0 0.391031 0.608969
0.031395 0.0297683 0.938837
0.257284 0.294315 0.448401
