0.411291 0.338709 0.25
0.0948386 0.0312271 0.873934
0.84468 0.15532 0
0.509147 0.240853 0.25
0.226458 0.279807 0.493734
0.207633 0.542367 0.25
0.353307 0.0268296 0.619864
0.311791 0 0.688209
0.39179 0.0708874 0.537323
0.447175 0.0837727 0.469052
0.101135 0.157138 0.741727
0.339693 0.410307 0.25
0.268662 0.477212 0.254125
0.58889 0 0.41111
4.49188e-18 0.0821483 0.917852
0.75 0 0.25
0.883664 0.116336 0
0.766393 0.233607 0
0.0261313 0.325174 0.648695
0.327026 0.672974 0
0.439078 0.270784 0.290138
0.0822026 0.358706 0.559091
0.0269142 0.50889 0.464196
0.16391 0.83609 0
0.0639068 0.429638 0.506455
0.408035 0.591965 0
0.528799 0.471201 0
0.608622 0.391378 0
0.238487 0 0.761513
1.53533e-17 0.280784 0.719216
0.92251 0.0774904 0
0.367584 0.632416 0
0.620531 0.0295681 0.349901
0.267023 0.0801479 0.652829
0 0.647295 0.352705
0.493333 0 0.506667
0.189319 0.239998 0.570683
0.687609 0.312391 0
0.96131 0.0386905 0
2.01526e-17 1 0
0.312535 0.245653 0.441812
0.063083 0.60753 0.329387
8.96944e-17 2.13279e-17 1
0.159401 0.325589 0.51501
0.543308 0.172628 0.284065
0.147762 0.200389 0.651849
0.448414 0.551586 0
0.0859873 0.537362 0.376651
0.245664 0.754336 0
0.805563 0.194437 0
0.0741365 0.239824 0.68604
0.206927 0.390637 0.402436
0.423768 0 0.576232
0.130968 0.0811558 0.787876
0.389008 0.222966 0.388026
0.168054 0.489367 0.342579
0.165428 0 0.834572
0.286318 0.713682 0
0.670319 0.0735774 0.256103
0.138495 0.398999 0.462506
0.527682 0.0399145 0.432404
9.55885e-18 0.174814 0.825186
0.500761 0.119299 0.37994
0.350531 0.163738 0.485731
0.0308802 0.68982 0.2793
2.54226e-17 0.464933 0.535067
0.312846 0.115593 0.571561
0.611988 0.138012 0.25
0.180015 0.125329 0.694656
0.0270016 0.206845 0.766153
0.287628 0.339834 0.372538
0.111702 0.283232 0.605066
0.568854 0.431146 0
0.488439 0.511561 0
0.271859 0.199711 0.528431
0.113122 0.464983 0.421895
0.122995 0.877005 0
0.421055 0.148963 0.429982
0.248046 0.319015 0.432939
0.204837 0.795163 0
0.0607946 0 0.939205
0 0.75 0.25
0.317401 0.376363 0.306236
0.726972 0.273028 0
0.0465473 0.111428 0.842025
0.210631 0.0565109 0.732858
0.229578 0.15941 0.611012
0.141052 0.57408 0.284869
0.465794 0.194623 0.339583
0.648147 0.351853 0
0.360395 0.2975 0.342105
0.239732 0.435122 0.325146
2.14908e-17 0.393028 0.606972
0.687701 0 0.312299
0.575613 0.0968851 0.327502
3.14535e-17 0.575226 0.424774
0.0820317 0.917968 0
0.104013 0.645987 0.25
1 0 0
0.0410109 0.958989 0
