0.231576 0.119616 0.648808
0.0771041 0.922896 0
0.749999 0 0.250001
0.102891 0.255494 0.641615
0.834128 0.165872 0
0.0863439 0.663656 0.250001
0.277684 0.433353 0.288963
0.641402 0 0.358598
0.151524 0.163244 0.685233
0.396406 0.107762 0.495831
0.958496 0.041504 0
0.17044 0.353342 0.476218
0.548806 0.451194 0
0.130614 0.4382 0.431185
0.0737663 0.0911705 0.835063
0.139218 0.301954 0.558828
0.0197005 0.683438 0.296862
0 0.636487 0.363513
0.060526 0.472632 0.466842
0.685812 0.0195247 0.294664
0 0.136485 0.863515
0.0923723 0.39121 0.516418
0.193194 0.806806 0
0.388943 0.611057 0
0.669865 0.330135 0
0.187698 0.0765046 0.735798
0.265536 0.0446717 0.689792
0.603706 0.0920374 0.304256
0.553499 0 0.446501
0.386372 0 0.613628
0.486072 0.0617734 0.452155
0.236099 0 0.763901
0.490689 0.185056 0.324255
0.284725 0.224344 0.490932
0.521222 0.228777 0.250001
0.00690575 0.0711557 0.921939
0.00816543 0.571065 0.420769
0.271003 0.728997 0
0.710573 0.289427 0
0.589045 0.410955 0
0.191671 0.527161 0.281168
1.40522e-17 0.506283 0.493717
0.46869 0.53131 0
0.310043 0.689957 0
0.478049 0 0.521951
0.916981 0.0830187 0
0.0810993 0.529236 0.389664
0.508649 0.491351 0
0.115643 0.884357 0
0.152569 0.597431 0.25
0.0745066 0.207174 0.718319
0.349851 0.400148 0.250001
0.243449 0.313817 0.442734
0.212505 0.26202 0.525475
9.99392e-17 1 0
0.751518 0.248482 0
0.875559 0.124441 0
0.349412 0.650588 0
0 0.370186 0.629814
0.172333 0 0.827667
0.10879 0.0236722 0.867538
0.421181 0.328819 0.250001
0.00699138 0.433915 0.559094
2.08167e-17 0.749999 0.250001
0.254709 0.169146 0.576145
6.9029e-18 0.248703 0.751297
0.0254285 0.17743 0.797142
0.101387 0.577492 0.321121
0.362633 0.185361 0.452006
0.666323 0.0836765 0.250001
0.428733 0.571267 0
0.407866 0.220183 0.37195
0.583638 0.163664 0.252698
0.180259 0.212393 0.607347
0.324001 0 0.675999
0.0180687 0.299254 0.682677
0.253291 0.496709 0.250001
0.165574 0.482876 0.35155
0.367503 0.292739 0.339758
1 0 0
1.37015e-19 1.10885e-16 1
0.332455 0.353004 0.314541
0.114159 0.119003 0.766838
0.0649447 0 0.935055
0.570009 0.042922 0.387069
0.319171 0.268813 0.412016
0.452033 0.262947 0.285019
0.333096 0.0737533 0.59315
0.792766 0.207234 0
0.232056 0.767944 0
0.154338 0.845662 0
0.266688 0.369188 0.364124
0.0659155 0.339213 0.594872
0.0385367 0.961463 0
0.446204 0.142164 0.411632
0.318959 0.142572 0.53847
0.204988 0.407122 0.387891
0.527644 0.114745 0.357611
0.629299 0.370701 0
0.418397 0.0378825 0.54372
