0.0613494 0.688651 0.25
0.0415417 0.958458 0
0.411285 0.588715 0
0.571483 0.428517 0
0.223822 0.266158 0.51002
0.124478 0.875522 0
0.0830398 0.91696 0
0.0898909 0.274298 0.635811
0.655093 0.0949074 0.25
0.638679 0 0.361321
0.289417 0.710583 0
0.526073 0.0860033 0.387924
0.492111 0.507889 0
0.32736 0.249142 0.423498
0.356448 0 0.643552
0.258204 0.178326 0.563471
0 0.214216 0.785784
0.0610416 0.351771 0.587188
0.247886 0.502114 0.25
0.413928 0.215669 0.370403
0.566016 0 0.433984
0.330127 0.669873 0
0.190877 0.343826 0.465297
0.156958 0.417645 0.425397
0.367608 0.285346 0.347046
0.689787 0.310213 0
0.0871004 0.160285 0.752615
0.169427 0 0.830573
0.0950222 0.620635 0.284343
0.165694 0.834306 0
0.238757 0.388018 0.373225
0.922983 0.0770166 0
0.451837 0.548163 0
0 0.610388 0.389612
0.358555 0.391445 0.25
0.406573 0.318941 0.274486
0 0.388162 0.611838
0.215362 0.145988 0.63865
0.511586 0.219835 0.268579
0.468963 0.281037 0.25
0.603082 0.0612858 0.335632
0.75 0 0.25
0.418445 0.0839223 0.497633
0.256737 0.06645 0.676813
0.129554 0.194318 0.676128
0.0760818 0.571537 0.352382
0.48204 0.177422 0.340539
0 0.145403 0.854597
0 0.314857 0.685143
0.287417 0.433984 0.278599
0 1 0
0.174273 0.109791 0.715937
0.206936 0.793064 0
0.0550723 0.516222 0.428706
0.0383132 0.244193 0.717494
0.61098 0.38902 0
0.00442853 0.670439 0.325133
0 0.75 0.25
0.650369 0.349631 0
1 0 0
0 0.536147 0.463853
0.0967173 0.0297963 0.873486
0.15589 0.59411 0.25
0.303608 0.0911021 0.60529
0 0 1
0.689186 0.0221645 0.28865
0 0.461714 0.538286
0.171715 0.533216 0.295068
0.453 0.126454 0.420546
0.248169 0.751831 0
0.103268 0.381939 0.514792
0.557654 0.131502 0.310844
0.000768881 0.0769873 0.922244
0.0624568 0 0.937543
0.318457 0.35482 0.326724
0.388254 0.0352756 0.57647
0.14243 0.305795 0.551775
0.377069 0.169536 0.453395
0.961635 0.0383654 0
0.176388 0.228092 0.59552
0.296104 0.214869 0.489027
0.286947 0 0.713053
0.0610511 0.110534 0.828415
0.126849 0.491177 0.381974
0.45997 0 0.54003
0.340635 0.128142 0.531224
0.845642 0.154358 0
0.0754107 0.445917 0.478673
0.532003 0.467997 0
0.497808 0.0326491 0.469542
0.72895 0.27105 0
0.370753 0.629247 0
0.21838 0.0209807 0.760639
0.806855 0.193145 0
0.273362 0.315593 0.411045
0.134989 0.0752368 0.789775
0.205464 0.459126 0.33541
0.768119 0.231881 0
0.583368 0.166632 0.25
0.884325 0.115675 0
