0 0.116186 0.883814
0.305435 0.105889 0.588676
0.365291 0.294664 0.340046
0.331129 0.369833 0.299038
0.2714 0.193429 0.535172
0.215856 0.784144 0
0.489323 0.179496 0.331181
0.318567 0.431433 0.25
0.0717745 0.504456 0.42377
0.449185 0.268095 0.282719
0 0.414275 0.585725
0.432617 0.567383 0
7.12558e-17 1 0
1.13809e-17 0.248745 0.751255
0.2045 0.339145 0.456355
0.252273 0.0721057 0.675621
0.617243 0.382757 0
0.469217 0.530783 0
0.0360379 0.963962 0
0.178946 0.117675 0.703378
0 0.671388 0.328612
0.136985 0.190543 0.672472
0.401342 0.04888 0.549778
0.550988 0 0.449012
0.407005 0.222289 0.370706
0.459562 0.142028 0.398411
0.730536 0.269464 0
0.961175 0.0388246 0
0.323638 0.676362 0
0.225087 0.152098 0.622815
0.111372 0.371353 0.517275
0.148041 0.302709 0.54925
0.260935 0.489065 0.25
0.346482 0.140039 0.513478
1.47183e-17 0.321689 0.678311
0.152104 0.0865779 0.761318
0.19709 0.511788 0.291123
0.410409 0.339591 0.25
0.282257 0 0.717743
0.686387 0.0154003 0.298212
0.243334 0.420355 0.336311
0.0316442 0.446749 0.521607
0.0963092 0.0686807 0.83501
0.282724 0.32963 0.387646
0.359721 0.640279 0
0.072078 0.927922 0
0.387633 0 0.612367
0.517833 0.232167 0.25
0.154421 0.470625 0.374954
0.588552 0.161448 0.25
0.845285 0.154715 0
0.00609983 0.176552 0.817348
0.101133 0.432781 0.466085
1.23357e-19 1.37544e-17 1
0.806933 0.193067 0
0.579805 0.420195 0
0.31818 0.249947 0.431874
0.922392 0.0776076 0
0.373098 0.17905 0.447852
0.0494515 0.346915 0.603634
0.0946412 0.62612 0.279239
0.210294 0.0113341 0.778372
0.0171242 0.0495418 0.933334
0.14406 0.85594 0
0.396009 0.603991 0
0.061802 0.22303 0.715168
0.251704 0.748296 0
0.0950458 0.27063 0.634324
0.0838193 0 0.916181
0.28765 0.71235 0
0.329777 0.0294224 0.640801
7.25128e-18 0.75 0.25
0.0781362 0.145667 0.776197
0.595102 0.0606175 0.34428
1 0 0
0.542682 0.457318 0
0.883847 0.116153 0
0.23833 0.270309 0.491361
0.0604051 0.689595 0.25
0.164965 0.585035 0.25
0.75 0 0.25
0.18 0.82 0
0.11671 0.547577 0.335712
0.514214 0.0696677 0.416118
0.108083 0.891917 0
0.0436507 0.598395 0.357954
0.152837 0 0.847163
0.505819 0.494181 0
0.432562 0.0921745 0.475263
0.182779 0.399227 0.417994
0.479579 0 0.520421
0.185675 0.229384 0.58494
0.692767 0.307233 0
0.654974 0.345026 0
0.626603 0 0.373397
0.768733 0.231267 0
5.63218e-18 0.582537 0.417463
0.659319 0.0906806 0.25
0 0.516289 0.483711
0.558981 0.126556 0.314463
