0.325475 0.674525 0
0.216283 0.783717 0
0.00220788 0.595419 0.402374
0.215865 0.260729 0.523405
0.193581 0.0608008 0.745619
0.35181 0.0608519 0.587338
0.278428 0.0816547 0.639917
0.334477 0.415523 0.25
0.219757 0.530243 0.25
0.0717055 0.928294 0
0.546677 0.453323 0
0.040859 0.0929339 0.866207
0.572315 0.14931 0.278374
0.264978 0.457709 0.277312
0.226808 0 0.773192
0.734083 0.265917 0
1 0 0
0.571227 0.0129388 0.415834
0.0802312 0.324799 0.59497
0.25037 0.168759 0.580871
0.179905 0.820095 0
2.34114e-17 0.457546 0.542454
0.509524 0.490476 0
0.210746 0.115644 0.67361
0.92381 0.0761902 0
0.107686 0.892314 0
0.0358304 0.96417 0
0.285624 0.221254 0.493123
0.0972823 0.401246 0.501471
0.435506 0.564494 0
1.87951e-17 0.356739 0.643261
0.147063 0.299778 0.553159
0.251444 0.316904 0.431653
3.17211e-18 0.0619947 0.938005
0.34763 0.305254 0.347116
0.145503 0.436729 0.417768
0.361968 0.638032 0
0.583948 0.416052 0
0.387786 0.347192 0.265022
0.138113 0.136219 0.725668
2.8986e-17 1.95862e-17 1
0.143795 0.856205 0
0.296132 0.373847 0.330022
0.361865 0.177575 0.460559
0.642996 0 0.357004
0.885748 0.114252 0
0.288938 0.711062 0
0.432007 0.256906 0.311087
0.443059 0.00740218 0.549538
0.0283158 0.289689 0.681996
0.602808 0.0696324 0.32756
0.18506 0.489117 0.325823
0.377087 0 0.622913
0.527276 0.101076 0.371648
0.398806 0.218849 0.382344
0.658712 0.341288 0
2.70065e-17 0.527807 0.472193
0.472437 0.527563 0
0.17748 0.353629 0.46889
3.5428e-17 0.67244 0.32756
0.961888 0.038112 0
0 0.75 0.25
0.480639 0.0656614 0.453699
0.0479711 0.171098 0.78093
0.486268 0.179587 0.334145
0.302465 0 0.697535
0.0821616 0.000883687 0.916955
0.319937 0.265744 0.414319
0.621268 0.378732 0
1.26715e-17 0.247649 0.752351
0.459358 0.290641 0.25
0.151108 0 0.848892
0.182572 0.201154 0.616274
0.398721 0.601279 0
0.321109 0.135646 0.543245
0.402239 0.0940847 0.503676
0.149648 0.592878 0.257474
0.252603 0.747397 0
0.0348805 0.391637 0.573482
0.0794116 0.670588 0.25
5.26857e-17 1 0
0.0855333 0.569871 0.344595
0.0852251 0.208995 0.70578
7.96473e-18 0.15566 0.84434
0.513682 0 0.486318
0.532667 0.217333 0.25
0.442625 0.140488 0.416887
0.771821 0.228179 0
0.115475 0.24511 0.639416
0.696462 0.303538 0
0.110976 0.512962 0.376062
0.75 0 0.25
0.221646 0.40392 0.374433
0.84774 0.15226 0
0.809728 0.190272 0
0.0649445 0.484646 0.45041
0.112499 0.0767222 0.810778
0.0570778 0.635157 0.307766
0.644725 0.105275 0.25
0.688537 0.0298179 0.281645
