0.120306 0 0.879694
0.75 0 0.25
0.158335 0.330104 0.511561
1.15629e-17 0.416598 0.583402
0.208808 0.0462034 0.744989
1.49452e-18 0.687935 0.312065
0.580229 0.0707335 0.349038
0.284866 0.715134 0
7.77286e-17 1 0
0.400418 0.349582 0.25
0.397003 0 0.602997
0.686588 0.0634117 0.25
0.495071 0 0.504929
0.0783833 0.671617 0.25
0.234794 0.293683 0.471523
0.883122 0.116878 0
0.527434 0.472566 0
0.268262 0.151754 0.579984
0.184797 0.532113 0.283089
0.922271 0.0777288 0
0.0784127 0.495128 0.42646
0.32543 0.67457 0
0.15932 0.139631 0.701049
0.0304461 0.455551 0.514003
0.203458 0.796542 0
0.80491 0.19509 0
0.726188 0.273812 0
0 0.522505 0.477495
0.535453 0.15101 0.313536
0.0795587 0.185862 0.734579
0.447066 0.552934 0
0.187694 0.187839 0.624467
0.244135 0.755865 0
0.608396 0 0.391604
0.332051 0.0118506 0.656098
9.56959e-18 0.344781 0.655219
0.420573 0.151184 0.428243
0.365993 0.634007 0
0.0292672 0.620094 0.350639
0.259768 0.490232 0.25
0.311308 0.0767234 0.611969
0.186373 0 0.813627
0.364999 0.110635 0.524366
0.106862 0.231035 0.662103
0.607277 0.392723 0
0.230159 0.457958 0.311882
0.279036 0 0.720964
0.331996 0.418004 0.25
0 0.586045 0.413955
0.347446 0.181989 0.470566
0.136281 0.277868 0.585852
0.686686 0.313314 0
6.34399e-18 0.228566 0.771434
0.844166 0.155834 0
0.567381 0.432619 0
0.387572 0.231534 0.380894
0.406627 0.593373 0
0.419349 0.0349376 0.545714
0.237571 0.0973743 0.665054
6.76056e-17 5.25279e-18 1
0.124254 0.517637 0.358109
0.0813071 0.918693 0
0.453128 0.07704 0.469832
0.310743 0.263826 0.425431
0.539881 0.0244975 0.435621
0.190366 0.43326 0.376374
0.0833887 0.371703 0.544909
0.462817 0.196188 0.340995
0.670853 0.00479331 0.324353
3.65603e-18 0.131722 0.868278
0.431393 0.279567 0.28904
0.0970752 0.596371 0.306554
1 0 0
0.0217 0.274476 0.703824
0.0633803 0.316739 0.619881
0.348898 0.310315 0.340787
0.114824 0.423329 0.461847
0.295536 0.384333 0.320131
0.0383324 0.154532 0.807135
0.4996 0.109389 0.391011
0.161006 0.588994 0.25
0.0406551 0.959345 0
0.122001 0.877999 0
0.647005 0.352995 0
0.487315 0.512685 0
0.260913 0.345528 0.393559
1.02454e-18 0.75 0.25
0.00494961 0.0758411 0.919209
0.0858673 0.0674136 0.846719
0.57231 0.17769 0.25
0.622216 0.106359 0.271425
0.211062 0.239736 0.549201
0.0534807 0.00905205 0.937467
0.961197 0.0388035 0
0.126793 0.0967017 0.776505
0.180862 0.380541 0.438598
0.162702 0.837298 0
0.283824 0.206279 0.509898
0.500794 0.249206 0.25
0.76564 0.23436 0
