0.194854 0.511483 0.293662
0 0.219793 0.780207
0.267745 0.482255 0.25
0.395208 0.339673 0.265118
0.185862 0.166836 0.647303
0.30506 0.380969 0.31397
0.156962 0.843038 0
0.282002 0.206376 0.511622
0.201115 0.0323498 0.766535
0.235805 0.296962 0.467233
0.0695757 0.054953 0.875471
0.226556 0.0884087 0.685035
0.16227 0.223807 0.613924
0 0.75 0.25
0.390851 0.609149 0
0.538806 0.0842114 0.376983
0.0392645 0.960735 0
0.587992 0 0.412008
0.188723 0.386587 0.424691
0.0309596 0.690706 0.278335
0 0.0705038 0.929496
0.0376959 0.346924 0.61538
0 0.490848 0.509152
0.62154 0.37846 0
0.161739 0 0.838261
0.489672 0.162353 0.347976
0.962461 0.0375385 0
0.545049 0.454951 0
0.811431 0.188569 0
0.353052 0.297353 0.349595
0.23519 0.76481 0
0.371027 0.0431221 0.585851
0.274221 0.725779 0
0.11714 0.304271 0.578589
0.506656 0.493344 0
0 0.323168 0.676832
0.486892 0.058535 0.454573
0 0.421368 0.578632
0.269932 0.340325 0.389743
0.591526 0.114079 0.294395
0 1 0
0.0266969 0.262974 0.710329
0.150007 0.131166 0.718827
0.735705 0.264295 0
0.103148 0.646852 0.25
0.351954 0.648046 0
0.659773 0.340227 0
0.0498529 0.513886 0.436261
0.313205 0.686795 0
0 0.145131 0.854869
4.77999e-17 2.50703e-18 1
0.100981 0.43394 0.465079
0.328004 0.118219 0.553777
0.25739 0.147908 0.594702
0.355789 0 0.644211
0.117809 0.882191 0
0.078932 0.179105 0.741963
0.66737 0.0826304 0.25
0.362061 0.166924 0.471016
0.228785 0.4299 0.341315
1 0 0
0.398605 0.209741 0.391654
0.15398 0.343827 0.502193
0.0785341 0.921466 0
0.468211 0.531789 0
0.773646 0.226354 0
0.432214 0.24797 0.319816
0.517009 0 0.482991
0.44607 0 0.55393
0.84924 0.15076 0
0.0808857 0 0.919114
0.339763 0.410237 0.25
0.0708057 0.392355 0.536839
0.697735 0.302265 0
0.689716 0 0.310284
0.295581 0.0542189 0.6502
0.203706 0.252297 0.543996
0.106271 0.542912 0.350816
0.269822 0 0.730178
0 0.582615 0.417385
0.170706 0.579294 0.25
0 0.649462 0.350538
0.445632 0.130756 0.423612
0.924791 0.0752088 0
0.464841 0.285159 0.25
0.316753 0.25304 0.430206
0.624209 0.0335612 0.34223
0.196182 0.803818 0
0.0965621 0.241744 0.661694
0.071701 0.607488 0.320811
0.513713 0.211714 0.274573
0.408374 0.0850994 0.506526
0.429611 0.570389 0
0.145548 0.46944 0.385013
0.583425 0.416575 0
0.887065 0.112935 0
0.57284 0.17716 0.25
0.0540565 0.126051 0.819892
0.123605 0.0836527 0.792742
0.75 0 0.25
