0.962235 0.0377647 0
0 0.75 0.25
0.310496 0.689504 0
0.443619 0.158051 0.39833
0.7346 0.2654 0
0.183601 0.18243 0.633969
0.476521 0.0904859 0.432993
0.36418 0.38582 0.25
0.555685 0.0660996 0.378215
0.598625 0.106223 0.295152
0.067454 0.310339 0.622207
0.421398 0.210622 0.367979
0.22711 0.219879 0.553011
0.343578 0.225271 0.43115
0.504061 0.495939 0
0.512318 0.0123682 0.475314
0.385868 0.139014 0.475118
0.886641 0.113359 0
1 0 0
0 0.560535 0.439465
0.520344 0.140997 0.338659
0.0598696 0.6052 0.334931
0.349334 0.650666 0
0.0387583 0.961242 0
0.306958 0.178093 0.514949
0 0.276889 0.723111
0.65991 0.0900903 0.25
0.0293556 0.0312352 0.939409
0.378048 0.274896 0.347056
0.42678 0.57322 0
0 1 0
0.271656 0.728344 0
0.313392 0.0417459 0.644862
0.75 0 0.25
0.422014 0.0634525 0.514533
0.116321 0.883679 0
0.465494 0.534506 0
0.383933 0 0.616067
0.265022 0.263871 0.471107
0.346738 0.091188 0.562074
0.410219 0.314405 0.275376
0 0.105052 0.894948
0.268026 0.134311 0.597663
0.566087 0.183913 0.25
0.23281 0.76719 0
0.297577 0.310845 0.391579
0.115363 0.346898 0.537739
0.146828 0.0260538 0.827119
0.056802 0.398372 0.544826
0.103173 0 0.896827
0.64599 0 0.35401
0 0.349796 0.650204
0.468799 0.281201 0.25
0.0945911 0.462087 0.443322
0.216127 0 0.783873
0.0652371 0.079302 0.855461
0.295312 0.454688 0.25
0.581248 0.418752 0
0.0212352 0.689357 0.289408
0.136965 0.152424 0.710611
0.619726 0.380274 0
0.179405 0.433383 0.387212
0.256831 0.399641 0.343528
0.229239 0.0957271 0.675034
0.924467 0.075533 0
0.149199 0.506567 0.344233
0.454629 0 0.545371
0.696514 0.303486 0
0.810833 0.189167 0
0.0961219 0.653878 0.25
0.193957 0.806043 0
0.0957204 0.118767 0.785513
0.0743273 0.533753 0.39192
0.772735 0.227265 0
0.136173 0.392906 0.470922
0.183222 0.070153 0.746625
0.489907 0.220466 0.289627
0.84881 0.15119 0
0.219867 0.351903 0.42823
0.155106 0.844894 0
0.658118 0.341882 0
0.578835 0 0.421165
0.542759 0.457241 0
0 0.635698 0.364302
0.285092 0 0.714908
2.15658e-17 8.94565e-17 1
0.188524 0.304376 0.5071
0.0775495 0.92245 0
0.146242 0.264096 0.589662
0.0417933 0.204175 0.754032
0.685267 0.0254569 0.289276
0 0.427287 0.572713
0.328287 0.356813 0.3149
0 0.176831 0.823169
0.227195 0.480724 0.292081
0.199005 0.550995 0.25
0.131607 0.582792 0.285601
0.0111996 0.491254 0.497546
0.388113 0.611887 0
0.0939158 0.232876 0.673208
