0.416571 0.315701 0.267728
0.146827 0.117283 0.735889
0.889826 0.110174 0
0.685197 0.0360259 0.278777
0.0421789 0.293033 0.664788
0.301927 0.159126 0.538947
0.224924 0.775076 0
0.121111 0.594988 0.283901
0 0.463651 0.536349
0.0975791 0.21232 0.690101
0.48544 0.51456 0
0.186342 0.0373024 0.776355
0.816398 0.183602 0
0.216599 0.204101 0.5793
0.301771 0.265063 0.433166
0.0635023 0 0.936498
0.00237858 0.0757998 0.921822
0.0924676 0.319642 0.58789
0 0.364726 0.635274
0.250495 0.335736 0.413769
0.485116 0.264884 0.25
0.63909 0.11091 0.25
0.496225 0 0.503775
0.0788809 0.159766 0.761353
0.0394525 0.62549 0.335058
1 0 0
0.853099 0.146901 0
0.493563 0.132479 0.373958
0.0928301 0.427371 0.479798
0.226221 0.0787883 0.694991
0.263993 0 0.736007
0.963279 0.0367215 0
0.311673 0.0238061 0.664521
0.590679 0.0820909 0.32723
0.0645567 0.501098 0.434345
0.374179 0.625821 0
0.382845 0 0.617155
0.146862 0.467774 0.385364
0.458811 0.0845835 0.456606
0.0100174 0.202179 0.787803
0.365069 0.273824 0.361107
0.447365 0.223404 0.329231
0.41135 0.58865 0
9.2748e-17 1 0
0.112673 0.887327 0
0.176344 0.390629 0.433028
0 0.75 0.25
0.632885 0.367115 0
0.18757 0.81243 0
0.271833 0.376808 0.351359
0.336928 0.663072 0
0.427262 0.0280121 0.544726
0.538551 0.0583009 0.403148
0.706416 0.293584 0
0.08162 0.66838 0.25
0.334306 0.349493 0.316201
0.282349 0.467651 0.25
0.415473 0.174714 0.409812
0.562001 0.187999 0.25
0.229676 0.439242 0.331082
0.0974999 0.545378 0.357122
0.199339 0.509079 0.291582
0.779724 0.220276 0
0.262296 0.737704 0
0.14121 0.251208 0.607582
0.669632 0.330368 0
0.181623 0.568377 0.25
0.0394377 0.396795 0.563767
0.3585 0.3915 0.25
0.179558 0.163759 0.656683
0.150113 0.849887 0
0.646183 0 0.353817
0.926559 0.0734412 0
0.0751767 0.924823 0
0.596093 0.403907 0
0.203787 0.305044 0.491169
0 0.143561 0.856439
0 0.597149 0.402851
0.0990893 0.0333321 0.867579
0.448424 0.551576 0
0.384034 0.118569 0.497397
0.74307 0.25693 0
0.0691398 0.102298 0.828563
0 0.691068 0.308932
0.162367 0 0.837633
0.75 0 0.25
0.55928 0.44072 0
0.571256 0 0.428744
0.343603 0.0776406 0.578756
0.34399 0.200208 0.455802
0.299643 0.700357 0
0 0.267088 0.732912
0.522362 0.477638 0
0.264033 0.116916 0.61905
0 0 1
0.531143 0.162934 0.305923
0.13327 0.345886 0.520843
0 0.530404 0.469596
0.0375984 0.962402 0
0.251163 0.237308 0.511529
