0.1528 0.8472 0
0.238341 0.00698702 0.754672
0.259861 0.290277 0.449862
0.216626 0.366413 0.416961
0.268727 0.731273 0
0.412363 0.247944 0.339693
3.58714e-17 0.646201 0.353799
0.204864 0.480904 0.314233
1.05501e-16 1 0
0.376311 0.203333 0.420356
0.622734 0.10052 0.276746
0.257824 0.400287 0.341888
0.267549 0.181695 0.550756
5.94901e-18 0.107168 0.892832
0.231886 0.140995 0.627118
0.708694 0.291306 0
0.0762072 0.923793 0
0.332015 0.38431 0.283674
0.307918 0.692082 0
0.0764905 0.379626 0.543884
0.174083 0 0.825917
0.0261851 0.304436 0.669379
0.320791 0.100516 0.578694
1.89426e-18 0.533692 0.466308
0.229867 0.770133 0
0.0267928 0.575096 0.398111
0.581055 0.0602631 0.358682
0.0821624 0.492638 0.4252
2.3871e-17 0.430022 0.569978
0.0736181 0.214734 0.711648
0.48132 0.0682299 0.45045
0.426114 0.573886 0
1.01511e-17 0.182866 0.817134
0.0334638 0.462624 0.503912
0.0380459 0.961954 0
0.0749715 0.0793876 0.845641
0.506053 0.493947 0
0.271426 0.0666181 0.661956
0.122662 0.41329 0.464048
0.468551 0.281449 0.25
0.299799 0.450201 0.25
0.180988 0.221844 0.597168
0.106293 0.643707 0.25
0.54634 0.45366 0
0.122236 0.306584 0.57118
0.41268 0.115785 0.471534
0.167348 0.445462 0.38719
0.627196 0.372804 0
0.507486 0.0969174 0.395596
0.0317794 0.689167 0.279054
0.669684 0 0.330316
0.501488 0.215728 0.282783
0.0763674 0.604137 0.319495
0.400679 0.349321 0.25
0.586711 0.413289 0
0.916303 0.0836967 0
0.575511 0.174489 0.25
0.833044 0.166956 0
0.347209 0.652791 0
0.667816 0.332184 0
0.16862 0.336814 0.494565
1.30024e-18 0.366333 0.633667
0.348116 0.142897 0.508987
1.4352e-17 0.258543 0.741457
0 0 1
0.31396 0.30108 0.38496
0.791512 0.208488 0
0.118748 0.130252 0.751
0.308369 0 0.691631
0.413834 0 0.586166
1.53884e-17 0.75 0.25
0.306367 0.224826 0.468807
0.195938 0.0928232 0.711239
0.0285256 0.0341929 0.937281
0.75 0 0.25
0.687328 0.0626724 0.25
1 0 0
0.148201 0.0587917 0.793008
0.354311 0.0273028 0.618386
0.215571 0.259949 0.524479
0.466096 0.533904 0
0.114398 0.885602 0
0.438668 0.0345035 0.526828
0.59388 0 0.40612
0.150938 0.176536 0.672526
0.386887 0.613113 0
0.191352 0.808648 0
0.230516 0.519484 0.25
0.121626 0.529225 0.349149
0.53789 0.138698 0.323412
0.0982351 0.264076 0.637689
0.517705 0 0.482295
0.0529031 0.157026 0.790071
0.958093 0.0419067 0
0.364862 0.318079 0.317059
0.101501 0 0.898499
0.874621 0.125379 0
0.455156 0.170644 0.3742
0.749996 0.250004 0
0.162641 0.57264 0.264719
