0.0383933 0.961607 0
0.357715 0.300284 0.342
0.588011 0.411989 0
0.0704714 0.260558 0.668971
0.270366 0.729634 0
0.196688 0.381503 0.421809
0.273684 0.340932 0.385384
0.192354 0.259905 0.547741
0.436642 0.250475 0.312882
0.395014 0 0.604986
0.467631 0.532369 0
0.875017 0.124983 0
1.25926e-17 1 0
0.117767 0.42169 0.460543
0.489166 0.169518 0.341315
0.232628 0.179159 0.588213
0.115399 0.884601 0
0.0139797 0.684063 0.301957
0.149143 0.221464 0.629393
0.309378 0.690622 0
0.628411 0.371589 0
0.307408 0.381216 0.311375
0.257499 0.484404 0.258097
0.235069 0.299532 0.465398
0.0724166 0.581055 0.346529
0.58304 0 0.41696
0.0605599 0.141952 0.797488
0.710107 0.289893 0
0.670201 0.0797978 0.250001
0.192641 0.807359 0
0.328813 0 0.671187
0.167516 0.461098 0.371386
0.26633 0.0340877 0.699582
7.59795e-18 0.29769 0.70231
0.427805 0.572195 0
0.402211 0.103055 0.494733
1 0 0
0.100457 0.183909 0.715634
0.0768239 0.923176 0
0.0211024 0.346565 0.632332
0.687171 0 0.312829
0.0811301 0.0703033 0.848567
0.490658 0 0.509342
0.792241 0.207759 0
0.348608 0.651392 0
0.317584 0.259491 0.422925
0.388021 0.611979 0
0.315449 0.142153 0.542398
2.44157e-18 0.416124 0.583876
0.154023 0.845977 0
0.0208784 0.555257 0.423864
0.0934924 0.499431 0.407076
0.400947 0.213518 0.385535
0.352326 0.0675179 0.580156
0.229833 0 0.770167
0.203277 0.0766451 0.720078
0.359191 0.179098 0.46171
0.669002 0.330998 0
0.154938 0.340139 0.504923
0.833374 0.166626 0
0.164298 0.0206943 0.815007
0.233888 0.429811 0.3363
0.27509 0.0978098 0.627101
0.183489 0.145567 0.670944
0.534464 0.0844451 0.381091
0.038296 0.0240409 0.937663
0.916511 0.0834885 0
0.150169 0.528461 0.32137
0.330204 0.419795 0.250001
0.751118 0.248882 0
0.0842653 0.665734 0.250001
0.432932 0.0327964 0.534271
1.60293e-17 0.628033 0.371967
3.79374e-17 1.06349e-17 1
0.749999 0 0.250001
0.507535 0.492465 0
0.599283 0.150716 0.250001
0.958219 0.0417809 0
0.11239 0 0.88761
0.529765 0.211105 0.25913
0.231348 0.768652 0
0.397924 0.346556 0.25552
0.0355197 0.455859 0.508622
0.195167 0.554832 0.250001
0.274995 0.22012 0.504885
5.75803e-19 0.098136 0.901864
4.40054e-18 0.749999 0.250001
0.120716 0.606825 0.272459
0.0132178 0.228493 0.758289
0.468358 0.281641 0.250001
0.503804 0.0447602 0.451436
0.133777 0.104714 0.76151
0.0763648 0.377937 0.545698
0.108966 0.301673 0.58936
1.31961e-17 0.517027 0.482973
0.572805 0.115799 0.311396
0.449374 0.130817 0.419809
1.0018e-18 0.17074 0.82926
0.621123 0.0343325 0.344545
0.547703 0.452297 0
